NEW,P.SYMBOL,P.DATE,CURRENCY,P.PRICE,EST.S.DATE,EST.S.PRICE,EST.PROFITPCT,EST.PROFITPCT252D,T.DATE,T.PRICE,STATUS,PROFITPCT,PROFITPCT252D,DATEPCT,PRICEPCT
-,ASX-ANZ,2020-01-21,AUD,25.51,2020-10-09,26.58,4.19,4.0,2020-10-09,18.28,CLOSED,-28.34,-27.0,100.0,-676.0
-,ASX-A2M,2020-01-22,AUD,15.59,2020-07-05,23.89,53.24,81.0,2020-07-03,19.83,CLOSED,27.2,42.0,99.0,51.0
-,ASX-VVR,2020-01-22,AUD,2.75,2020-03-10,2.89,5.09,27.0,2020-02-17,2.89,CLOSED,5.09,49.0,54.0,100.0
-,ASX-VVR,2020-01-22,AUD,2.75,2020-10-04,2.91,5.82,6.0,2020-02-17,2.91,CLOSED,5.82,56.0,10.0,100.0
-,ASX-A2M,2020-01-22,AUD,15.59,2020-04-15,19.81,27.07,81.0,2020-04-15,18.1,CLOSED,16.1,48.0,100.0,59.0
-,ASX-VVR,2020-01-22,AUD,2.75,2020-02-13,2.83,2.91,33.0,2020-02-13,2.78,CLOSED,1.09,12.0,100.0,37.0
-,ASX-A2M,2020-01-22,AUD,15.59,2020-02-25,17.25,10.65,79.0,2020-02-25,15.14,CLOSED,-2.89,-21.0,100.0,-27.0
-,ASX-A2M,2020-01-22,AUD,15.59,2020-10-24,34.02,118.22,108.0,2020-10-23,14.45,CLOSED,-7.31,-7.0,100.0,-6.0
-,ASX-BOQ,2020-01-22,AUD,7.4,2020-12-09,8.02,8.38,7.0,2020-12-09,7.75,CLOSED,4.73,4.0,100.0,56.0
-,0175.HK,2020-01-22,HKD,14.1,2020-11-15,18.96,34.47,29.0,2020-07-13,18.96,CLOSED,34.47,50.0,58.0,100.0
-,DLR,2020-01-22,USD,126.28,2020-07-24,139.05,10.11,14.0,2020-03-13,139.05,CLOSED,10.11,50.0,28.0,100.0
-,RIO,2020-01-22,USD,60.5,2020-10-06,68.82,13.75,13.0,2020-10-06,59.61,CLOSED,-1.47,-1.0,100.0,-11.0
-,ASX-VVR,2020-01-22,AUD,2.75,2020-07-06,3.05,10.91,17.0,2020-05-15,2.44,OPEN,-11.27,-25.0,69.0,-103.0
-,ASX-A2M,2020-01-23,AUD,15.31,2020-03-10,18.0,17.57,94.0,2020-03-10,16.04,CLOSED,4.77,26.0,100.0,27.0
-,ASX-A2M,2020-01-23,AUD,15.31,2020-08-10,19.97,30.44,38.0,2020-06-18,19.97,CLOSED,30.44,52.0,74.0,100.0
-,ASX-A2M,2020-01-23,AUD,15.31,2020-06-09,18.2,18.88,34.0,2020-04-15,18.2,CLOSED,18.88,57.0,60.0,100.0
-,ASX-A2M,2020-01-23,AUD,15.31,2020-10-07,15.72,2.68,3.0,2020-02-17,15.72,CLOSED,2.68,27.0,10.0,100.0
-,ASX-A2M,2020-01-23,AUD,15.31,2020-02-13,16.63,8.62,103.0,2020-02-13,15.2,CLOSED,-0.72,-9.0,100.0,-8.0
-,ASX-A2M,2020-01-23,AUD,15.31,2020-02-03,15.78,3.07,70.0,2020-02-03,14.16,CLOSED,-7.51,-172.0,100.0,-245.0
-,ASX-A2M,2020-01-23,AUD,15.31,2020-02-13,16.63,8.62,103.0,2020-02-13,15.2,CLOSED,-0.72,-9.0,100.0,-8.0
-,ASX-A2M,2020-01-23,AUD,15.31,2020-03-04,18.48,20.71,127.0,2020-03-04,16.18,CLOSED,5.68,35.0,100.0,27.0
-,NFLX,2020-01-23,USD,349.6,2020-08-04,491.61,40.62,53.0,2020-02-17,491.61,CLOSED,40.62,409.0,13.0,100.0
-,ITA,2020-01-23,USD,231.24,2020-05-25,239.52,3.58,7.0,2020-02-11,239.52,CLOSED,3.58,47.0,15.0,100.0
-,NFLX,2020-01-23,USD,349.6,2020-07-14,453.54,29.73,43.0,2020-02-17,453.54,CLOSED,29.73,300.0,14.0,100.0
-,ITA,2020-01-23,USD,231.24,2020-04-25,234.01,1.2,3.0,2020-02-05,234.01,CLOSED,1.2,23.0,14.0,100.0
-,ITA,2020-01-23,USD,231.24,2021-01-08,253.55,9.65,7.0,2020-12-11,96.23,OPEN,-58.39,-46.0,92.0,-605.0
-,ASX-CQR,2020-01-24,AUD,4.67,2020-11-19,4.97,6.42,5.0,2020-11-19,3.88,CLOSED,-16.92,-14.0,100.0,-263.0
-,ASX-CQR,2020-01-24,AUD,4.67,2020-07-04,4.99,6.85,11.0,2020-07-03,3.45,CLOSED,-26.12,-41.0,99.0,-381.0
-,WMT,2020-01-28,USD,116.6,2021-01-15,129.36,10.94,8.0,2020-04-14,129.36,CLOSED,10.94,36.0,22.0,100.0
-,DIS,2020-01-28,USD,138.37,2020-08-19,148.61,7.4,9.0,2020-08-19,127.77,CLOSED,-7.66,-9.0,100.0,-104.0
-,DIS,2020-01-28,USD,138.37,2020-07-16,147.68,6.73,10.0,2020-07-16,119.43,CLOSED,-13.69,-20.0,100.0,-203.0
-,ASX-NAN,2020-01-28,AUD,6.83,2020-12-18,9.64,41.14,32.0,2020-12-11,7.08,OPEN,3.66,3.0,98.0,9.0
-,ASX-CWN,2020-01-29,AUD,11.55,2020-04-01,12.18,5.45,22.0,2020-04-01,8.0,CLOSED,-30.74,-123.0,100.0,-563.0
-,ASX-CWN,2020-01-29,AUD,11.55,2020-07-21,12.53,8.48,12.0,2020-07-21,9.31,CLOSED,-19.39,-28.0,100.0,-229.0
-,ASX-AGL,2020-01-29,AUD,20.14,2020-07-03,21.37,6.11,10.0,2020-07-03,17.01,CLOSED,-15.54,-25.0,100.0,-254.0
-,ASX-CWN,2020-01-29,AUD,11.55,2020-04-11,12.08,4.59,16.0,2020-04-09,8.32,CLOSED,-27.97,-99.0,97.0,-609.0
-,ASX-CWN,2020-01-29,AUD,11.55,2020-07-24,12.34,6.84,10.0,2020-07-24,9.07,CLOSED,-21.47,-31.0,100.0,-314.0
-,0268.HK,2020-01-29,HKD,8.71,2020-06-09,9.48,8.84,17.0,2020-02-04,9.48,CLOSED,8.84,371.0,5.0,100.0
-,0268.HK,2020-01-29,HKD,8.71,2020-09-12,11.65,33.75,37.0,2020-04-20,11.65,CLOSED,33.75,104.0,36.0,100.0
-,ITA,2020-01-29,USD,232.11,2020-05-30,245.18,5.63,12.0,2020-05-29,164.55,CLOSED,-29.11,-61.0,99.0,-517.0
-,ITA,2020-01-29,USD,232.11,2020-05-21,241.3,3.96,9.0,2020-05-21,153.34,CLOSED,-33.94,-76.0,100.0,-857.0
-,ITA,2020-01-29,USD,232.11,2021-01-10,265.51,14.39,10.0,2020-12-11,96.23,OPEN,-58.54,-47.0,91.0,-407.0
-,ASX-CWN,2020-01-30,AUD,11.6,2020-04-12,12.14,4.66,16.0,2020-04-09,8.32,CLOSED,-28.28,-102.0,96.0,-607.0
-,ASX-IVC,2020-01-30,AUD,13.11,2020-12-01,14.77,12.66,10.0,2020-02-27,14.77,CLOSED,12.66,114.0,9.0,100.0
-,ASX-IVC,2020-01-30,AUD,13.11,2020-12-01,14.77,12.66,10.0,2020-02-27,14.77,CLOSED,12.66,114.0,9.0,100.0
-,ASX-CWN,2020-01-30,AUD,11.6,2020-07-25,12.39,6.81,10.0,2020-07-24,9.07,CLOSED,-21.81,-31.0,99.0,-320.0
-,2588.HK,2020-01-30,HKD,71.4,2020-03-18,77.04,7.9,41.0,2020-03-18,41.2,CLOSED,-42.3,-222.0,100.0,-535.0
-,2588.HK,2020-01-30,HKD,71.4,2020-04-03,78.62,10.11,40.0,2020-04-03,46.8,CLOSED,-34.45,-136.0,100.0,-341.0
-,2588.HK,2020-01-30,HKD,71.4,2020-06-16,85.34,19.52,36.0,2020-06-16,51.3,CLOSED,-28.15,-51.0,100.0,-144.0
-,2588.HK,2020-01-30,HKD,71.4,2020-07-10,83.65,17.16,27.0,2020-07-10,48.05,CLOSED,-32.7,-51.0,100.0,-191.0
-,2588.HK,2020-01-30,HKD,71.4,2020-05-17,73.67,3.18,7.0,2020-02-04,73.67,CLOSED,3.18,160.0,5.0,100.0
-,NFLX,2020-01-30,USD,347.74,2020-06-26,495.11,42.38,72.0,2020-02-17,495.11,CLOSED,42.38,593.0,12.0,100.0
-,MMM,2020-01-30,USD,162.51,2020-10-17,184.03,13.24,13.0,2020-10-16,170.97,CLOSED,5.21,5.0,100.0,39.0
-,NFLX,2020-01-30,USD,347.74,2020-05-05,442.08,27.13,71.0,2020-02-17,442.08,CLOSED,27.13,380.0,19.0,100.0
-,MMM,2020-01-30,USD,162.51,2020-11-27,185.75,14.3,12.0,2020-11-27,176.89,CLOSED,8.85,7.0,100.0,62.0
-,DIS,2020-01-30,USD,137.81,2020-07-18,147.08,6.73,10.0,2020-02-05,147.08,CLOSED,6.73,283.0,4.0,100.0
-,MSFT,2020-01-30,USD,172.78,2020-11-30,184.18,6.6,5.0,2020-02-05,184.18,CLOSED,6.6,277.0,2.0,100.0
-,ASX-CWN,2020-01-31,AUD,11.7,2020-04-13,12.24,4.62,16.0,2020-04-09,8.32,CLOSED,-28.89,-106.0,95.0,-626.0
-,ASX-CWN,2020-01-31,AUD,11.7,2020-07-26,12.5,6.84,10.0,2020-07-24,9.07,CLOSED,-22.48,-32.0,99.0,-329.0
-,0175.HK,2020-01-31,HKD,12.54,2020-10-23,18.85,50.32,48.0,2020-07-07,18.85,CLOSED,50.32,80.0,59.0,100.0
-,2208.HK,2020-01-31,HKD,8.23,2020-12-26,10.94,32.93,25.0,2020-10-30,10.94,CLOSED,32.93,30.0,83.0,100.0
-,0175.HK,2020-01-31,HKD,12.54,2020-11-24,16.86,34.45,29.0,2020-07-07,16.86,CLOSED,34.45,55.0,53.0,100.0
-,AMZN,2020-01-31,USD,2008.72,2020-08-08,2650.71,31.96,42.0,2020-06-10,2650.71,CLOSED,31.96,61.0,69.0,100.0
-,AMZN,2020-01-31,USD,2008.72,2020-09-23,2551.88,27.04,29.0,2020-06-09,2551.88,CLOSED,27.04,52.0,55.0,100.0
-,ASX-VVR,2020-02-03,AUD,2.75,2020-04-27,2.92,6.18,19.0,2020-02-17,2.92,CLOSED,6.18,111.0,17.0,100.0
-,ASX-VVR,2020-02-03,AUD,2.75,2020-08-22,2.9,5.45,7.0,2020-02-17,2.9,CLOSED,5.45,98.0,7.0,100.0
-,ASX-VVR,2020-02-03,AUD,2.75,2020-03-11,2.81,2.18,15.0,2020-02-13,2.81,CLOSED,2.18,55.0,27.0,100.0
-,1299.HK,2020-02-03,HKD,78.5,2020-09-12,94.12,19.9,23.0,2020-09-11,80.35,CLOSED,2.36,3.0,100.0,12.0
-,0857.HK,2020-02-03,HKD,3.38,2020-10-30,5.39,59.47,56.0,2020-10-30,2.17,CLOSED,-35.8,-33.0,100.0,-60.0
-,0175.HK,2020-02-03,HKD,12.6,2020-10-26,18.94,50.32,48.0,2020-07-13,18.94,CLOSED,50.32,79.0,61.0,100.0
-,1299.HK,2020-02-03,HKD,78.5,2020-06-11,86.48,10.17,20.0,2020-06-11,71.35,CLOSED,-9.11,-18.0,100.0,-90.0
-,0175.HK,2020-02-03,HKD,12.6,2020-11-27,16.94,34.44,29.0,2020-07-07,16.94,CLOSED,34.44,56.0,52.0,100.0
-,1299.HK,2020-02-03,HKD,78.5,2020-04-01,82.75,5.41,24.0,2020-04-01,69.7,CLOSED,-11.21,-49.0,100.0,-207.0
-,0386.HK,2020-02-03,HKD,4.07,2020-04-16,4.23,3.93,14.0,2020-02-06,4.23,CLOSED,3.93,330.0,4.0,100.0
-,NKE,2020-02-03,USD,99.27,2020-12-21,120.1,20.98,16.0,2020-09-07,120.1,CLOSED,20.98,24.0,67.0,100.0
-,AMZN,2020-02-03,USD,2004.2,2020-09-15,2548.34,27.15,30.0,2020-06-09,2548.34,CLOSED,27.15,54.0,56.0,100.0
-,AMZN,2020-02-03,USD,2004.2,2020-08-13,2651.76,32.31,42.0,2020-06-10,2651.76,CLOSED,32.31,64.0,67.0,100.0
-,LULU,2020-02-03,USD,246.37,2020-10-15,324.81,31.84,31.0,2020-07-20,324.81,CLOSED,31.84,48.0,66.0,100.0
-,NKE,2020-02-03,USD,99.27,2020-06-11,107.09,7.88,15.0,2020-06-11,95.17,CLOSED,-4.13,-8.0,100.0,-52.0
-,NKE,2020-02-03,USD,99.27,2020-04-17,104.0,4.76,16.0,2020-04-17,89.91,CLOSED,-9.43,-32.0,100.0,-198.0
-,LULU,2020-02-03,USD,246.37,2021-01-09,296.63,20.4,15.0,2020-05-29,296.63,CLOSED,20.4,44.0,34.0,100.0
-,ASX-VVR,2020-02-03,AUD,2.75,2020-09-13,3.23,17.45,20.0,2020-05-15,2.44,OPEN,-11.27,-28.0,46.0,-65.0
-,ASX-CWN,2020-02-04,AUD,11.56,2020-04-17,12.09,4.58,16.0,2020-04-17,8.16,CLOSED,-29.41,-102.0,100.0,-642.0
-,ASX-CWN,2020-02-04,AUD,11.56,2020-07-30,12.35,6.83,10.0,2020-07-30,9.0,CLOSED,-22.15,-32.0,100.0,-324.0
-,0288.HK,2020-02-04,HKD,7.45,2020-07-04,9.08,21.88,37.0,2020-07-03,6.94,CLOSED,-6.85,-12.0,99.0,-31.0
-,0288.HK,2020-02-04,HKD,7.45,2020-08-14,11.31,51.81,68.0,2020-08-14,6.85,CLOSED,-8.05,-11.0,100.0,-16.0
-,2208.HK,2020-02-04,HKD,8.31,2021-01-11,11.08,33.33,25.0,2020-11-04,11.08,CLOSED,33.33,31.0,80.0,100.0
-,2800.HK,2020-02-04,HKD,26.85,2020-12-07,31.8,18.44,15.0,2020-12-07,26.62,CLOSED,-0.86,-1.0,100.0,-5.0
-,0175.HK,2020-02-04,HKD,12.76,2020-10-27,19.18,50.31,48.0,2020-07-13,19.18,CLOSED,50.31,79.0,60.0,100.0
-,2208.HK,2020-02-04,HKD,8.31,2020-12-30,11.05,32.97,25.0,2020-11-04,11.05,CLOSED,32.97,30.0,83.0,100.0
-,0175.HK,2020-02-04,HKD,12.76,2020-11-28,17.16,34.48,29.0,2020-07-07,17.16,CLOSED,34.48,56.0,52.0,100.0
-,1038.HK,2020-02-04,HKD,54.05,2020-06-27,57.33,6.07,11.0,2020-06-26,40.6,CLOSED,-24.88,-44.0,99.0,-410.0
-,1816.HK,2020-02-04,HKD,1.91,2020-04-08,2.01,5.24,21.0,2020-02-11,2.01,CLOSED,5.24,189.0,11.0,100.0
-,1038.HK,2020-02-04,HKD,54.05,2020-04-02,55.81,3.26,14.0,2020-04-02,40.45,CLOSED,-25.16,-109.0,100.0,-773.0
-,2800.HK,2020-02-04,HKD,26.85,2020-07-13,28.79,7.23,11.0,2020-07-13,26.48,CLOSED,-1.38,-2.0,100.0,-19.0
-,0267.HK,2020-02-04,HKD,8.87,2020-03-24,9.57,7.89,41.0,2020-03-24,8.28,CLOSED,-6.65,-34.0,100.0,-84.0
-,0288.HK,2020-02-04,HKD,7.45,2020-06-28,8.05,8.05,14.0,2020-02-07,8.05,CLOSED,8.05,676.0,2.0,100.0
-,0267.HK,2020-02-04,HKD,8.87,2020-05-30,11.13,25.48,55.0,2020-05-29,7.36,CLOSED,-17.02,-37.0,99.0,-67.0
-,MA,2020-02-04,USD,329.12,2020-11-19,428.09,30.07,26.0,2020-11-19,333.88,CLOSED,1.45,1.0,100.0,5.0
-,MA,2020-02-04,USD,329.12,2020-05-30,379.01,15.16,33.0,2020-05-29,300.89,CLOSED,-8.58,-19.0,99.0,-57.0
-,UPS,2020-02-04,USD,103.38,2020-04-11,106.19,2.72,10.0,2020-02-05,106.19,CLOSED,2.72,685.0,1.0,100.0
-,MMM,2020-02-04,USD,157.24,2020-10-22,178.06,13.24,13.0,2020-10-22,170.71,CLOSED,8.57,8.0,100.0,65.0
-,MA,2020-02-04,USD,329.12,2020-04-21,351.07,6.67,22.0,2020-04-21,245.35,CLOSED,-25.45,-83.0,100.0,-382.0
-,MMM,2020-02-04,USD,157.24,2020-12-02,179.73,14.3,12.0,2020-12-02,171.85,CLOSED,9.29,8.0,100.0,65.0
-,QQQ,2020-02-04,USD,227.47,2020-07-13,239.69,5.37,8.0,2020-06-05,239.69,CLOSED,5.37,11.0,76.0,100.0
-,QQQ,2020-02-04,USD,227.47,2020-05-14,231.18,1.63,4.0,2020-02-10,231.18,CLOSED,1.63,68.0,6.0,100.0
-,UPS,2020-02-04,USD,103.38,2020-08-10,109.66,6.07,8.0,2020-06-08,109.66,CLOSED,6.07,12.0,66.0,100.0
-,UPS,2020-02-04,USD,103.38,2020-04-06,107.01,3.51,14.0,2020-02-06,107.01,CLOSED,3.51,442.0,3.0,100.0
-,ASX-NAB,2020-02-04,AUD,25.6,2021-01-04,27.4,7.03,5.0,2020-12-11,23.33,OPEN,-8.87,-7.0,93.0,-126.0
-,1038.HK,2020-02-04,HKD,54.05,2021-01-19,66.87,23.72,17.0,2020-12-11,39.95,OPEN,-26.09,-21.0,89.0,-110.0
-,2388.HK,2020-02-04,HKD,26.0,2021-02-02,33.46,28.69,20.0,2020-12-11,24.0,OPEN,-7.69,-6.0,85.0,-27.0
-,ASX-VVR,2020-02-05,AUD,2.77,2020-03-24,2.91,5.05,27.0,2020-02-17,2.91,CLOSED,5.05,106.0,25.0,100.0
-,ASX-VVR,2020-02-05,AUD,2.77,2020-02-27,2.85,2.89,33.0,2020-02-17,2.85,CLOSED,2.89,61.0,55.0,100.0
-,ASX-ORG,2020-02-05,AUD,7.8,2020-04-07,8.42,7.95,32.0,2020-04-07,4.79,CLOSED,-38.59,-157.0,100.0,-485.0
-,ASX-ORG,2020-02-05,AUD,7.8,2020-04-12,8.25,5.77,22.0,2020-04-09,5.0,CLOSED,-35.9,-141.0,96.0,-622.0
-,2588.HK,2020-02-05,HKD,74.2,2020-07-04,87.29,17.64,30.0,2020-07-03,50.1,CLOSED,-32.48,-55.0,99.0,-184.0
-,2588.HK,2020-02-05,HKD,74.2,2020-07-07,84.83,14.33,24.0,2020-07-07,51.2,CLOSED,-31.0,-51.0,100.0,-216.0
-,2768.HK,2020-02-05,HKD,2.87,2020-04-12,3.53,23.0,87.0,2020-04-09,3.19,CLOSED,11.15,44.0,96.0,48.0
-,2768.HK,2020-02-05,HKD,2.87,2020-02-26,3.55,23.69,284.0,2020-02-26,3.05,CLOSED,6.27,75.0,100.0,26.0
-,0288.HK,2020-02-05,HKD,7.66,2020-07-05,9.34,21.93,37.0,2020-07-03,6.94,CLOSED,-9.4,-16.0,99.0,-43.0
-,0288.HK,2020-02-05,HKD,7.66,2020-08-15,11.63,51.83,68.0,2020-08-14,6.85,CLOSED,-10.57,-14.0,99.0,-20.0
-,2768.HK,2020-02-05,HKD,2.87,2020-02-14,3.09,7.67,215.0,2020-02-13,3.09,CLOSED,7.67,242.0,89.0,100.0
-,0435.HK,2020-02-05,HKD,4.93,2020-10-01,5.62,14.0,15.0,2020-09-30,3.48,CLOSED,-29.41,-31.0,100.0,-210.0
-,1310.HK,2020-02-05,HKD,13.74,2020-09-08,15.61,13.61,16.0,2020-09-08,14.24,CLOSED,3.64,4.0,100.0,27.0
-,2588.HK,2020-02-05,HKD,74.2,2020-04-02,80.17,8.05,36.0,2020-04-02,45.95,CLOSED,-38.07,-168.0,100.0,-473.0
-,0435.HK,2020-02-05,HKD,4.93,2020-11-15,5.69,15.42,14.0,2020-11-13,3.57,CLOSED,-27.59,-25.0,99.0,-179.0
-,0175.HK,2020-02-05,HKD,13.06,2020-10-28,19.63,50.31,48.0,2020-10-28,15.9,CLOSED,21.75,21.0,100.0,43.0
-,0175.HK,2020-02-05,HKD,13.06,2020-11-29,17.56,34.46,29.0,2020-07-07,17.56,CLOSED,34.46,57.0,51.0,100.0
-,1816.HK,2020-02-05,HKD,1.94,2020-04-09,2.04,5.15,20.0,2020-04-09,1.84,CLOSED,-5.15,-20.0,100.0,-100.0
-,0288.HK,2020-02-05,HKD,7.66,2020-06-29,8.27,7.96,14.0,2020-02-12,8.27,CLOSED,7.96,287.0,5.0,100.0
-,UPS,2020-02-05,USD,106.04,2020-04-12,108.92,2.72,10.0,2020-04-09,98.69,CLOSED,-6.93,-27.0,96.0,-255.0
-,IXN,2020-02-05,USD,226.47,2020-06-26,240.99,6.41,11.0,2020-06-26,229.32,CLOSED,1.26,2.0,100.0,20.0
-,MMM,2020-02-05,USD,162.33,2020-10-23,183.82,13.24,13.0,2020-10-23,169.8,CLOSED,4.6,4.0,100.0,35.0
-,MMM,2020-02-05,USD,162.33,2020-12-03,185.54,14.3,12.0,2020-12-03,171.83,CLOSED,5.85,5.0,100.0,41.0
-,ITA,2020-02-05,USD,234.89,2020-06-27,247.01,5.16,9.0,2020-06-26,158.2,CLOSED,-32.65,-58.0,99.0,-633.0
-,AMZN,2020-02-05,USD,2039.87,2020-04-19,2356.05,15.5,53.0,2020-04-16,2356.05,CLOSED,15.5,55.0,96.0,100.0
-,ITA,2020-02-05,USD,234.89,2020-06-11,242.59,3.28,7.0,2020-06-11,165.81,CLOSED,-29.41,-58.0,100.0,-897.0
-,IXN,2020-02-05,USD,226.47,2020-04-28,233.69,3.19,10.0,2020-04-28,199.9,CLOSED,-11.73,-36.0,100.0,-368.0
-,UPS,2020-02-05,USD,106.04,2020-08-11,112.48,6.07,8.0,2020-07-01,112.48,CLOSED,6.07,10.0,78.0,100.0
-,UPS,2020-02-05,USD,106.04,2020-04-07,109.76,3.51,14.0,2020-04-07,92.91,CLOSED,-12.38,-50.0,100.0,-353.0
-,ASX-VVR,2020-02-05,AUD,2.77,2020-07-20,3.07,10.83,16.0,2020-05-15,2.44,OPEN,-11.91,-30.0,60.0,-110.0
-,ASX-VVR,2020-02-05,AUD,2.77,2020-10-18,2.93,5.78,6.0,2020-05-15,2.44,OPEN,-11.91,-30.0,39.0,-206.0
-,ASX-ASX,2020-02-05,AUD,85.74,2020-12-31,91.75,7.01,5.0,2020-12-11,74.89,OPEN,-12.65,-10.0,94.0,-181.0
-,ITA,2020-02-05,USD,234.89,2021-01-26,270.31,15.08,11.0,2020-12-11,96.23,OPEN,-59.03,-48.0,87.0,-391.0
-,ASX-AGL,2020-02-06,AUD,19.66,2020-07-11,20.86,6.1,10.0,2020-07-10,16.34,CLOSED,-16.89,-27.0,99.0,-277.0
-,ASX-ORG,2020-02-06,AUD,7.9,2020-04-08,8.52,7.85,32.0,2020-04-08,4.77,CLOSED,-39.62,-161.0,100.0,-505.0
-,ASX-NAN,2020-02-06,AUD,7.15,2020-11-16,8.68,21.4,19.0,2020-11-16,6.36,CLOSED,-11.05,-10.0,100.0,-52.0
-,ASX-ORG,2020-02-06,AUD,7.9,2020-04-13,8.36,5.82,22.0,2020-04-09,5.0,CLOSED,-36.71,-147.0,94.0,-630.0
-,1310.HK,2020-02-06,HKD,13.84,2020-09-16,15.09,9.03,10.0,2020-08-06,15.09,CLOSED,9.03,13.0,82.0,100.0
-,0823.HK,2020-02-06,HKD,80.35,2020-10-11,95.56,18.93,19.0,2020-10-09,61.5,CLOSED,-23.46,-24.0,99.0,-124.0
-,0823.HK,2020-02-06,HKD,80.35,2020-11-21,97.37,21.18,18.0,2020-11-20,68.0,CLOSED,-15.37,-13.0,100.0,-73.0
-,0006.HK,2020-02-06,HKD,56.95,2020-07-12,59.56,4.58,7.0,2020-07-10,43.15,CLOSED,-24.23,-39.0,99.0,-529.0
-,GOOG,2020-02-06,USD,1476.23,2020-09-23,1690.43,14.51,16.0,2020-09-02,1690.43,CLOSED,14.51,17.0,91.0,100.0
-,GOOG,2020-02-06,USD,1476.23,2020-09-08,1706.23,15.58,18.0,2020-09-02,1706.23,CLOSED,15.58,19.0,97.0,100.0
-,ITA,2020-02-06,USD,237.63,2020-06-06,250.94,5.6,12.0,2020-06-05,186.87,CLOSED,-21.36,-45.0,99.0,-381.0
-,ITA,2020-02-06,USD,237.63,2020-05-29,247.04,3.96,9.0,2020-05-29,164.55,CLOSED,-30.75,-69.0,100.0,-777.0
-,GOOG,2020-02-06,USD,1476.23,2020-04-19,1535.87,4.04,14.0,2020-04-17,1283.25,CLOSED,-13.07,-46.0,97.0,-324.0
-,ASX-NAN,2020-02-06,AUD,7.15,2021-01-06,9.87,38.04,29.0,2020-12-11,7.08,OPEN,-0.98,-1.0,92.0,-3.0
-,0066.HK,2020-02-06,HKD,44.5,2021-01-14,54.31,22.04,16.0,2020-12-11,43.35,OPEN,-2.58,-2.0,90.0,-12.0
-,2388.HK,2020-02-06,HKD,26.5,2021-02-04,34.11,28.72,20.0,2020-12-11,24.0,OPEN,-9.43,-8.0,85.0,-33.0
-,0006.HK,2020-02-06,HKD,56.95,2021-01-27,62.04,8.94,6.0,2020-12-11,41.15,OPEN,-27.74,-23.0,87.0,-310.0
-,ITA,2020-02-06,USD,237.63,2021-01-18,271.82,14.39,10.0,2020-12-11,96.23,OPEN,-59.5,-49.0,89.0,-414.0
-,ASX-REA,2020-02-07,AUD,116.9,2020-08-19,153.45,31.27,41.0,2020-08-19,118.13,CLOSED,1.05,1.0,100.0,3.0
-,ASX-REA,2020-02-07,AUD,116.9,2020-08-17,144.09,23.26,31.0,2020-08-17,114.31,CLOSED,-2.22,-3.0,100.0,-10.0
-,ASX-REA,2020-02-07,AUD,116.9,2020-05-11,129.77,11.01,30.0,2020-05-11,93.03,CLOSED,-20.42,-55.0,100.0,-185.0
-,ASX-ANZ,2020-02-07,AUD,26.03,2020-11-09,27.51,5.69,5.0,2020-11-09,19.22,CLOSED,-26.16,-24.0,100.0,-460.0
-,2638.HK,2020-02-07,HKD,7.86,2020-10-06,8.71,10.81,11.0,2020-10-06,7.91,CLOSED,0.64,1.0,100.0,6.0
-,2638.HK,2020-02-07,HKD,7.86,2020-08-08,8.36,6.36,9.0,2020-08-07,8.0,CLOSED,1.78,2.0,99.0,28.0
-,0388.HK,2020-02-07,HKD,270.6,2020-12-02,328.75,21.49,18.0,2020-06-30,328.75,CLOSED,21.49,38.0,48.0,100.0
-,0388.HK,2020-02-07,HKD,270.6,2020-08-15,310.65,14.8,20.0,2020-06-22,310.65,CLOSED,14.8,27.0,72.0,100.0
-,0753.HK,2020-02-07,HKD,6.97,2021-01-30,9.24,32.57,23.0,2020-12-11,6.6,OPEN,-5.31,-4.0,86.0,-16.0
-,V,2020-02-10,USD,205.99,2020-12-25,274.44,33.23,26.0,2020-12-11,206.24,OPEN,0.12,0.0,96.0,0.0
-,ASX-A2M,2020-02-11,AUD,14.89,2020-08-01,22.17,48.89,72.0,2020-07-31,19.29,CLOSED,29.55,44.0,99.0,60.0
-,ASX-VCX,2020-02-12,AUD,2.53,2020-08-20,2.81,11.07,15.0,2020-08-20,1.255,CLOSED,-50.4,-67.0,100.0,-455.0
-,ASX-NSR,2020-02-12,AUD,2.17,2020-09-28,2.43,11.98,13.0,2020-09-28,1.89,CLOSED,-12.9,-14.0,100.0,-108.0
-,ASX-NSR,2020-02-12,AUD,2.17,2021-01-20,2.3,5.99,4.0,2020-02-17,2.3,CLOSED,5.99,302.0,1.0,100.0
-,ASX-WBC,2020-02-12,AUD,25.25,2020-11-10,27.61,9.35,9.0,2020-11-10,18.37,CLOSED,-27.25,-25.0,100.0,-292.0
-,ASX-AGL,2020-02-12,AUD,19.52,2020-07-16,20.71,6.1,10.0,2020-07-16,16.86,CLOSED,-13.63,-22.0,100.0,-224.0
-,ASX-ORG,2020-02-12,AUD,7.69,2020-04-13,8.3,7.93,33.0,2020-04-09,5.0,CLOSED,-34.98,-155.0,93.0,-441.0
-,ASX-CBA,2020-02-12,AUD,88.18,2020-09-20,93.76,6.33,7.0,2020-09-18,64.37,CLOSED,-27.0,-31.0,99.0,-427.0
-,ASX-NSR,2020-02-12,AUD,2.17,2020-06-07,2.28,5.07,11.0,2020-02-17,2.28,CLOSED,5.07,256.0,4.0,100.0
-,ASX-ORG,2020-02-12,AUD,7.69,2020-04-18,8.13,5.72,22.0,2020-04-17,5.07,CLOSED,-34.07,-132.0,98.0,-595.0
-,2588.HK,2020-02-12,HKD,75.15,2020-07-24,88.1,17.23,27.0,2020-07-24,45.95,CLOSED,-38.86,-60.0,100.0,-225.0
-,2588.HK,2020-02-12,HKD,75.15,2020-04-05,80.53,7.16,34.0,2020-04-03,46.8,CLOSED,-37.72,-186.0,96.0,-527.0
-,2588.HK,2020-02-12,HKD,75.15,2020-07-27,86.43,15.01,23.0,2020-07-27,45.15,CLOSED,-39.92,-61.0,100.0,-266.0
-,DLR,2020-02-12,USD,127.05,2020-09-13,141.2,11.14,13.0,2020-03-13,141.2,CLOSED,11.14,94.0,14.0,100.0
-,ASX-WBC,2020-02-12,AUD,25.25,2020-12-28,27.72,9.78,8.0,2020-12-11,19.95,OPEN,-20.99,-17.0,95.0,-215.0
-,ASX-VVR,2020-02-13,AUD,2.78,2020-05-06,2.95,6.12,19.0,2020-05-06,2.35,CLOSED,-15.47,-47.0,100.0,-253.0
-,ASX-ORG,2020-02-13,AUD,7.86,2020-04-19,8.31,5.73,22.0,2020-04-17,5.07,CLOSED,-35.5,-140.0,97.0,-620.0
-,ASX-VVR,2020-02-13,AUD,2.78,2020-03-20,2.84,2.16,15.0,2020-02-17,2.84,CLOSED,2.16,136.0,11.0,100.0
-,MCD,2020-02-13,USD,217.42,2020-11-24,244.01,12.23,11.0,2020-11-24,219.71,CLOSED,1.05,1.0,100.0,9.0
-,MCD,2020-02-13,USD,217.42,2020-05-13,226.64,4.24,12.0,2020-05-13,172.82,CLOSED,-20.51,-57.0,100.0,-484.0
-,ASX-VVR,2020-02-13,AUD,2.78,2020-09-22,3.27,17.63,20.0,2020-05-15,2.44,OPEN,-12.23,-33.0,41.0,-69.0
-,ASX-VVR,2020-02-13,AUD,2.78,2020-08-31,2.93,5.4,7.0,2020-05-15,2.44,OPEN,-12.23,-33.0,46.0,-227.0
-,MCD,2020-02-13,USD,217.42,2020-12-26,236.97,8.99,7.0,2020-12-11,207.76,OPEN,-4.44,-4.0,95.0,-49.0
-,ASX-VVR,2020-02-14,AUD,2.83,2020-03-23,2.92,3.18,21.0,2020-02-17,2.92,CLOSED,3.18,267.0,8.0,100.0
-,ASX-VVR,2020-02-14,AUD,2.83,2020-04-09,2.97,4.95,23.0,2020-04-09,2.45,CLOSED,-13.43,-62.0,100.0,-271.0
-,2800.HK,2020-02-14,HKD,28.0,2020-07-07,30.44,8.71,15.0,2020-07-07,26.64,CLOSED,-4.86,-9.0,100.0,-56.0
-,V,2020-02-14,USD,210.29,2020-04-24,229.09,8.94,32.0,2020-04-24,167.32,CLOSED,-20.43,-74.0,100.0,-229.0
-,WMT,2020-02-14,USD,117.89,2021-01-01,130.22,10.46,8.0,2020-04-16,130.22,CLOSED,10.46,43.0,19.0,100.0
-,V,2020-02-14,USD,210.29,2020-04-22,226.59,7.75,29.0,2020-04-22,166.59,CLOSED,-20.78,-77.0,100.0,-268.0
-,ASX-VVR,2020-02-14,AUD,2.83,2020-08-03,3.26,15.19,22.0,2020-05-15,2.44,OPEN,-13.78,-38.0,53.0,-91.0
-,ASX-VVR,2020-02-14,AUD,2.83,2020-07-22,2.98,5.3,8.0,2020-05-15,2.44,OPEN,-13.78,-38.0,57.0,-260.0
-,ASX-AGL,2020-02-14,AUD,20.68,2021-01-05,22.14,7.06,5.0,2020-12-11,13.33,OPEN,-35.54,-30.0,92.0,-503.0
-,2800.HK,2020-02-14,HKD,28.0,2020-12-30,31.21,11.46,9.0,2020-12-11,26.7,OPEN,-4.64,-4.0,94.0,-40.0
-,V,2020-02-14,USD,210.29,2020-12-25,282.73,34.45,28.0,2020-12-11,206.24,OPEN,-1.93,-2.0,96.0,-6.0
-,ASX-WBC,2020-02-17,AUD,25.62,2020-11-30,28.12,9.76,9.0,2020-11-30,20.13,CLOSED,-21.43,-19.0,100.0,-220.0
-,STW,2020-02-17,USD,65.86,2020-07-11,67.34,2.25,4.0,2020-07-10,54.88,CLOSED,-16.67,-29.0,99.0,-742.0
-,STW,2020-02-17,USD,65.86,2020-08-05,67.58,2.61,4.0,2020-08-05,55.67,CLOSED,-15.47,-23.0,100.0,-592.0
-,2768.HK,2020-02-17,HKD,3.1,2020-03-08,3.37,8.71,110.0,2020-03-06,3.25,CLOSED,4.84,68.0,90.0,56.0
-,2768.HK,2020-02-17,HKD,3.1,2020-03-20,3.69,19.03,150.0,2020-03-20,2.92,CLOSED,-5.81,-46.0,100.0,-31.0
-,ASX-WBC,2020-02-17,AUD,25.62,2020-12-26,28.2,10.07,8.0,2020-12-11,19.95,OPEN,-22.13,-19.0,95.0,-220.0
-,ASX-ABP,2020-02-17,AUD,3.93,2021-01-13,4.16,5.85,4.0,2020-12-11,3.02,OPEN,-23.16,-20.0,90.0,-396.0
-,ASX-A2M,2020-02-18,AUD,15.75,2020-07-31,24.14,53.27,82.0,2020-07-31,19.29,CLOSED,22.48,35.0,100.0,42.0
-,ASX-A2M,2020-02-18,AUD,15.75,2020-05-11,20.01,27.05,82.0,2020-05-11,18.0,CLOSED,14.29,43.0,100.0,53.0
-,ASX-A2M,2020-02-18,AUD,15.75,2020-03-20,17.32,9.97,81.0,2020-03-20,16.17,CLOSED,2.67,22.0,100.0,27.0
-,ASX-A2M,2020-02-18,AUD,15.75,2020-11-19,34.37,118.22,108.0,2020-11-19,13.8,CLOSED,-12.38,-11.0,100.0,-10.0
-,2638.HK,2020-02-18,HKD,7.88,2020-10-16,8.74,10.91,11.0,2020-10-16,7.91,CLOSED,0.38,0.0,100.0,3.0
-,2638.HK,2020-02-18,HKD,7.88,2020-08-18,8.38,6.35,9.0,2020-08-18,7.99,CLOSED,1.4,2.0,100.0,22.0
-,3808.HK,2020-02-18,HKD,15.9,2020-07-14,18.84,18.49,32.0,2020-05-11,18.84,CLOSED,18.49,56.0,56.0,100.0
-,3988.HK,2020-02-18,HKD,3.2,2020-10-27,3.55,10.94,11.0,2020-10-27,2.58,CLOSED,-19.38,-19.0,100.0,-177.0
-,DLR,2020-02-18,USD,133.2,2020-08-07,145.45,9.2,14.0,2020-04-08,145.45,CLOSED,9.2,46.0,29.0,100.0
-,DLR,2020-02-18,USD,133.2,2020-10-21,146.83,10.23,10.0,2020-04-08,146.83,CLOSED,10.23,52.0,20.0,100.0
-,NKE,2020-02-18,USD,102.0,2020-09-21,113.68,11.45,13.0,2020-09-01,113.68,CLOSED,11.45,15.0,91.0,100.0
-,HAL,2020-02-18,USD,21.86,2020-11-19,26.08,19.3,18.0,2020-11-19,16.0,CLOSED,-26.81,-25.0,100.0,-139.0
-,ASX-AGL,2020-02-19,AUD,21.06,2020-11-17,22.44,6.55,6.0,2020-11-17,12.89,CLOSED,-38.79,-36.0,100.0,-592.0
-,ASX-IVC,2020-02-19,AUD,13.06,2020-12-20,14.71,12.63,10.0,2020-02-27,14.71,CLOSED,12.63,398.0,3.0,100.0
-,ASX-IVC,2020-02-19,AUD,13.06,2020-12-20,14.71,12.63,10.0,2020-02-27,14.71,CLOSED,12.63,398.0,3.0,100.0
-,2588.HK,2020-02-19,HKD,76.1,2020-07-17,89.52,17.63,30.0,2020-07-17,48.95,CLOSED,-35.68,-60.0,100.0,-202.0
-,2588.HK,2020-02-19,HKD,76.1,2020-07-20,87.0,14.32,24.0,2020-07-20,49.65,CLOSED,-34.76,-58.0,100.0,-243.0
-,0435.HK,2020-02-19,HKD,4.96,2020-08-07,5.44,9.68,14.0,2020-08-07,3.71,CLOSED,-25.2,-37.0,100.0,-260.0
-,2588.HK,2020-02-19,HKD,76.1,2020-04-15,82.23,8.06,36.0,2020-04-15,49.95,CLOSED,-34.36,-155.0,100.0,-427.0
-,0435.HK,2020-02-19,HKD,4.96,2020-10-03,5.48,10.48,12.0,2020-09-30,3.48,CLOSED,-29.84,-34.0,99.0,-285.0
+,ASX-VCX,2020-02-20,AUD,2.38,2020-12-11,2.81,18.07,15.0,2020-12-11,1.67,CLOSED,-29.83,-25.0,100.0,-165.0
+,ASX-VCX,2020-02-20,AUD,2.38,2020-12-11,2.68,12.61,11.0,2020-12-11,1.67,CLOSED,-29.83,-25.0,100.0,-237.0
-,0435.HK,2020-02-20,HKD,4.98,2020-08-08,5.46,9.64,14.0,2020-08-07,3.71,CLOSED,-25.5,-38.0,99.0,-265.0
-,0435.HK,2020-02-20,HKD,4.98,2020-10-04,5.5,10.44,12.0,2020-09-30,3.48,CLOSED,-30.12,-34.0,98.0,-288.0
-,3898.HK,2020-02-20,HKD,31.0,2020-11-29,41.29,33.19,30.0,2020-11-27,25.6,CLOSED,-17.42,-16.0,99.0,-52.0
-,MCD,2020-02-20,USD,215.08,2020-10-17,229.88,6.88,7.0,2020-10-15,229.88,CLOSED,6.88,7.0,99.0,100.0
-,MCD,2020-02-20,USD,215.08,2020-05-03,225.66,4.92,17.0,2020-05-01,182.66,CLOSED,-15.07,-53.0,97.0,-306.0
-,0753.HK,2020-02-20,HKD,6.98,2021-02-11,9.25,32.52,23.0,2020-12-11,6.6,OPEN,-5.44,-5.0,83.0,-17.0
-,MCD,2020-02-20,USD,215.08,2020-12-19,245.84,14.3,12.0,2020-12-11,207.76,OPEN,-3.4,-3.0,97.0,-24.0
-,1211.HK,2020-02-24,HKD,50.1,2020-06-24,51.43,2.65,6.0,2020-02-25,51.43,CLOSED,2.65,668.0,1.0,100.0
-,0002.HK,2020-02-25,HKD,82.25,2020-11-28,96.32,17.11,16.0,2020-11-27,73.0,CLOSED,-11.25,-10.0,100.0,-66.0
-,0857.HK,2020-02-25,HKD,3.19,2020-11-20,5.09,59.56,56.0,2020-11-20,2.5,CLOSED,-21.63,-20.0,100.0,-36.0
-,0002.HK,2020-02-25,HKD,82.25,2020-07-21,86.95,5.71,10.0,2020-07-21,72.5,CLOSED,-11.85,-20.0,100.0,-207.0
-,ASX-IVC,2020-02-26,AUD,14.48,2020-09-25,15.75,8.77,10.0,2020-09-25,9.94,CLOSED,-31.35,-37.0,100.0,-357.0
-,ASX-IVC,2020-02-26,AUD,14.48,2020-09-25,15.75,8.77,10.0,2020-09-25,9.94,CLOSED,-31.35,-37.0,100.0,-357.0
-,GOOG,2020-02-26,USD,1393.18,2020-12-24,1721.41,23.56,20.0,2020-09-02,1721.41,CLOSED,23.56,31.0,63.0,100.0
-,LMT,2020-02-26,USD,400.9,2020-12-05,448.45,11.86,11.0,2020-12-04,366.61,CLOSED,-8.55,-8.0,100.0,-72.0
-,AAPL,2020-02-26,USD,292.65,2020-12-11,369.32,26.2,23.0,2020-06-23,369.32,CLOSED,26.2,56.0,41.0,100.0
-,IXN,2020-02-26,USD,210.15,2020-11-13,236.1,12.35,12.0,2020-06-10,236.1,CLOSED,12.35,30.0,40.0,100.0
-,GOOG,2020-02-26,USD,1393.18,2020-12-05,1680.04,20.59,18.0,2020-09-02,1680.04,CLOSED,20.59,27.0,67.0,100.0
-,GOOG,2020-02-26,USD,1393.18,2020-05-30,1533.06,10.04,27.0,2020-05-29,1428.92,CLOSED,2.57,7.0,99.0,26.0
-,MMM,2020-02-26,USD,148.96,2020-11-12,168.68,13.24,13.0,2020-06-08,168.68,CLOSED,13.24,32.0,40.0,100.0
-,LMT,2020-02-26,USD,400.9,2020-07-10,429.36,7.1,13.0,2020-07-10,349.25,CLOSED,-12.88,-24.0,100.0,-181.0
-,LMT,2020-02-26,USD,400.9,2020-07-21,433.25,8.07,14.0,2020-07-21,375.12,CLOSED,-6.43,-11.0,100.0,-80.0
-,AAPL,2020-02-26,USD,292.65,2020-11-20,366.81,25.34,24.0,2020-06-23,366.81,CLOSED,25.34,54.0,44.0,100.0
-,MMM,2020-02-26,USD,148.96,2020-12-23,170.26,14.3,12.0,2020-09-03,170.26,CLOSED,14.3,19.0,63.0,100.0
-,LMT,2020-02-26,USD,400.9,2020-04-24,424.71,5.94,26.0,2020-04-24,381.77,CLOSED,-4.77,-21.0,100.0,-80.0
-,LMT,2020-02-26,USD,400.9,2020-04-22,418.82,4.47,20.0,2020-04-22,380.4,CLOSED,-5.11,-23.0,100.0,-114.0
-,LMT,2020-02-26,USD,400.9,2020-04-19,413.41,3.12,15.0,2020-04-17,401.51,CLOSED,0.15,1.0,96.0,5.0
-,QQQ,2020-02-26,USD,216.48,2021-01-07,235.49,8.78,7.0,2020-06-02,235.49,CLOSED,8.78,23.0,31.0,100.0
-,MSFT,2020-02-26,USD,170.17,2020-07-20,181.96,6.93,12.0,2020-05-05,181.96,CLOSED,6.93,25.0,48.0,100.0
-,0066.HK,2020-02-26,HKD,43.8,2021-02-02,53.45,22.03,16.0,2020-12-11,43.35,OPEN,-1.03,-1.0,85.0,-5.0
-,LMT,2020-02-26,USD,400.9,2021-02-21,462.32,15.32,11.0,2020-12-11,361.71,OPEN,-9.78,-9.0,80.0,-64.0
-,ASX-IVC,2020-02-27,AUD,14.92,2020-09-26,16.15,8.24,10.0,2020-09-25,9.94,CLOSED,-33.38,-40.0,100.0,-405.0
-,ASX-IVC,2020-02-27,AUD,14.92,2020-09-26,16.15,8.24,10.0,2020-09-25,9.94,CLOSED,-33.38,-40.0,100.0,-405.0
-,ASX-NAN,2020-02-27,AUD,6.8,2020-05-09,7.38,8.53,30.0,2020-05-08,6.88,CLOSED,1.18,4.0,99.0,14.0
-,ASX-NAN,2020-02-27,AUD,6.8,2020-08-31,7.49,10.15,14.0,2020-08-31,6.06,CLOSED,-10.88,-15.0,100.0,-107.0
-,2588.HK,2020-02-27,HKD,71.1,2020-04-14,76.72,7.9,42.0,2020-04-14,49.85,CLOSED,-29.89,-160.0,100.0,-378.0
-,2588.HK,2020-02-27,HKD,71.1,2020-04-30,78.29,10.11,40.0,2020-04-29,52.45,CLOSED,-26.23,-107.0,98.0,-259.0
-,2588.HK,2020-02-27,HKD,71.1,2020-07-13,84.98,19.52,36.0,2020-07-13,48.9,CLOSED,-31.22,-57.0,100.0,-160.0
-,2588.HK,2020-02-27,HKD,71.1,2020-08-06,83.29,17.14,27.0,2020-08-06,45.0,CLOSED,-36.71,-57.0,100.0,-214.0
-,1816.HK,2020-02-27,HKD,1.93,2020-04-30,2.03,5.18,21.0,2020-04-29,1.94,CLOSED,0.52,2.0,98.0,10.0
-,MMM,2020-02-27,USD,150.16,2020-11-13,170.04,13.24,13.0,2020-09-03,170.04,CLOSED,13.24,18.0,73.0,100.0
-,MMM,2020-02-27,USD,150.16,2020-12-24,171.63,14.3,12.0,2020-09-17,171.63,CLOSED,14.3,18.0,67.0,100.0
-,ASX-VCX,2020-02-27,AUD,2.28,2020-12-18,2.69,17.98,15.0,2020-12-11,1.67,OPEN,-26.75,-23.0,98.0,-149.0
-,ASX-VCX,2020-02-27,AUD,2.28,2020-12-18,2.57,12.72,11.0,2020-12-11,1.67,OPEN,-26.75,-23.0,98.0,-210.0
-,ASX-NAN,2020-02-27,AUD,6.8,2021-01-22,8.34,22.65,17.0,2020-12-11,7.08,OPEN,4.12,4.0,87.0,18.0
-,2638.HK,2020-02-28,HKD,7.84,2020-11-13,8.63,10.08,10.0,2020-11-13,7.85,CLOSED,0.13,0.0,100.0,1.0
-,2768.HK,2020-02-28,HKD,3.08,2020-04-16,3.82,24.03,126.0,2020-04-16,3.1,CLOSED,0.65,3.0,100.0,3.0
-,2638.HK,2020-02-28,HKD,7.84,2020-09-17,8.17,4.21,5.0,2020-06-19,8.17,CLOSED,4.21,9.0,55.0,100.0
-,NKE,2020-02-28,USD,89.38,2021-01-14,108.13,20.98,16.0,2020-08-19,108.13,CLOSED,20.98,31.0,54.0,100.0
-,V,2020-02-28,USD,181.76,2020-08-14,213.4,17.41,26.0,2020-08-14,196.64,CLOSED,8.19,12.0,100.0,47.0
-,NKE,2020-02-28,USD,89.38,2021-01-18,110.37,23.48,18.0,2020-08-24,110.37,CLOSED,23.48,33.0,55.0,100.0
-,MA,2020-02-28,USD,290.25,2020-10-28,372.8,28.44,29.0,2020-10-28,291.38,CLOSED,0.39,0.0,100.0,1.0
-,V,2020-02-28,USD,181.76,2020-06-17,202.43,11.37,26.0,2020-06-17,193.56,CLOSED,6.49,15.0,100.0,57.0
-,GOOG,2020-02-28,USD,1339.33,2020-12-26,1654.88,23.56,20.0,2020-08-26,1654.88,CLOSED,23.56,33.0,60.0,100.0
-,MA,2020-02-28,USD,290.25,2020-07-30,339.51,16.97,28.0,2020-07-30,309.0,CLOSED,6.46,11.0,100.0,38.0
-,MA,2020-02-28,USD,290.25,2020-11-21,394.74,36.0,34.0,2020-11-20,323.0,CLOSED,11.28,11.0,100.0,31.0
-,IXN,2020-02-28,USD,201.01,2020-12-09,225.73,12.3,11.0,2020-06-03,225.73,CLOSED,12.3,32.0,34.0,100.0
-,MA,2020-02-28,USD,290.25,2020-07-19,327.66,12.89,23.0,2020-07-17,304.06,CLOSED,4.76,9.0,99.0,37.0
-,IXN,2020-02-28,USD,201.01,2020-11-15,225.83,12.35,12.0,2020-06-03,225.83,CLOSED,12.35,32.0,37.0,100.0
-,NKE,2020-02-28,USD,89.38,2020-07-02,98.02,9.67,19.0,2020-05-27,98.02,CLOSED,9.67,27.0,71.0,100.0
-,V,2020-02-28,USD,181.76,2020-07-21,194.77,7.16,13.0,2020-05-20,194.77,CLOSED,7.16,22.0,57.0,100.0
-,UPS,2020-02-28,USD,90.49,2020-05-04,92.95,2.72,10.0,2020-03-02,92.95,CLOSED,2.72,228.0,5.0,100.0
-,GOOG,2020-02-28,USD,1339.33,2020-12-07,1615.1,20.59,18.0,2020-08-26,1615.1,CLOSED,20.59,29.0,64.0,100.0
-,GOOG,2020-02-28,USD,1339.33,2020-06-01,1473.8,10.04,27.0,2020-06-01,1431.82,CLOSED,6.91,19.0,100.0,69.0
-,V,2020-02-28,USD,181.76,2020-05-06,191.32,5.26,19.0,2020-03-02,191.32,CLOSED,5.26,442.0,4.0,100.0
-,NKE,2020-02-28,USD,89.38,2020-07-05,96.42,7.88,16.0,2020-05-26,96.42,CLOSED,7.88,23.0,69.0,100.0
-,QQQ,2020-02-28,USD,205.8,2021-02-17,221.79,7.77,6.0,2020-05-07,221.79,CLOSED,7.77,28.0,19.0,100.0
-,GOOG,2020-02-28,USD,1339.33,2020-06-12,1460.14,9.02,22.0,2020-06-09,1460.14,CLOSED,9.02,22.0,97.0,100.0
-,NKE,2020-02-28,USD,89.38,2020-05-13,94.1,5.28,18.0,2020-03-03,94.1,CLOSED,5.28,333.0,5.0,100.0
-,MA,2020-02-28,USD,290.25,2020-05-03,299.31,3.12,12.0,2020-03-02,299.31,CLOSED,3.12,262.0,5.0,100.0
-,NKE,2020-02-28,USD,89.38,2020-05-11,93.63,4.75,16.0,2020-03-03,93.63,CLOSED,4.75,299.0,5.0,100.0
-,QQQ,2020-02-28,USD,205.8,2021-01-09,223.87,8.78,7.0,2020-05-08,223.87,CLOSED,8.78,32.0,22.0,100.0
-,MSFT,2020-02-28,USD,162.01,2020-07-22,173.24,6.93,12.0,2020-03-03,173.24,CLOSED,6.93,437.0,3.0,100.0
-,UPS,2020-02-28,USD,90.49,2020-09-02,95.98,6.07,8.0,2020-03-03,95.98,CLOSED,6.07,382.0,2.0,100.0
-,UPS,2020-02-28,USD,90.49,2020-04-29,93.67,3.51,15.0,2020-03-03,93.67,CLOSED,3.51,221.0,7.0,100.0
-,V,2020-02-28,USD,181.76,2021-01-29,225.84,24.25,18.0,2020-12-11,206.24,OPEN,13.47,12.0,85.0,56.0
-,MA,2020-02-28,USD,290.25,2021-02-06,405.94,39.86,29.0,2020-12-11,327.42,OPEN,12.81,11.0,83.0,32.0
-,0288.HK,2020-03-02,HKD,8.04,2020-04-10,8.51,5.85,38.0,2020-03-05,8.51,CLOSED,5.85,491.0,8.0,100.0
-,0288.HK,2020-03-02,HKD,8.04,2020-05-04,8.76,8.96,36.0,2020-05-04,7.13,CLOSED,-11.32,-45.0,100.0,-126.0
-,1415.HK,2020-03-02,HKD,1.77,2020-12-13,2.5,41.24,36.0,2020-05-13,2.5,CLOSED,41.24,144.0,25.0,100.0
-,2588.HK,2020-03-02,HKD,69.5,2020-04-18,74.99,7.9,42.0,2020-04-17,49.65,CLOSED,-28.56,-156.0,98.0,-362.0
-,2588.HK,2020-03-02,HKD,69.5,2020-05-04,76.53,10.12,40.0,2020-05-04,47.9,CLOSED,-31.08,-124.0,100.0,-307.0
-,2588.HK,2020-03-02,HKD,69.5,2020-07-17,83.07,19.53,36.0,2020-07-17,48.95,CLOSED,-29.57,-54.0,100.0,-151.0
-,2588.HK,2020-03-02,HKD,69.5,2020-08-10,81.42,17.15,27.0,2020-08-10,46.0,CLOSED,-33.81,-53.0,100.0,-197.0
-,2208.HK,2020-03-02,HKD,7.92,2021-02-06,10.56,33.33,25.0,2020-10-15,10.56,CLOSED,33.33,37.0,67.0,100.0
-,0435.HK,2020-03-02,HKD,4.57,2020-06-14,4.65,1.75,4.0,2020-03-03,4.65,CLOSED,1.75,441.0,1.0,100.0
-,0435.HK,2020-03-02,HKD,4.57,2020-04-11,4.65,1.75,11.0,2020-03-03,4.65,CLOSED,1.75,441.0,2.0,100.0
-,0435.HK,2020-03-02,HKD,4.57,2020-06-08,4.74,3.72,10.0,2020-03-05,4.74,CLOSED,3.72,312.0,3.0,100.0
-,0435.HK,2020-03-02,HKD,4.57,2020-07-20,5.09,11.38,20.0,2020-07-20,3.81,CLOSED,-16.63,-30.0,100.0,-146.0
-,0857.HK,2020-03-02,HKD,3.1,2020-11-26,4.95,59.68,56.0,2020-11-26,2.65,CLOSED,-14.52,-14.0,100.0,-24.0
-,2208.HK,2020-03-02,HKD,7.92,2021-01-25,10.53,32.95,25.0,2020-10-15,10.53,CLOSED,32.95,37.0,69.0,100.0
-,2800.HK,2020-03-02,HKD,26.65,2020-08-08,28.57,7.2,11.0,2020-08-07,25.18,CLOSED,-5.52,-9.0,99.0,-77.0
-,NKE,2020-03-02,USD,92.68,2021-01-17,112.12,20.98,16.0,2020-08-25,112.12,CLOSED,20.98,30.0,55.0,100.0
-,V,2020-03-02,USD,192.33,2020-08-17,225.81,17.41,26.0,2020-08-17,199.43,CLOSED,3.69,6.0,100.0,21.0
-,NKE,2020-03-02,USD,92.68,2021-01-21,114.44,23.48,18.0,2020-09-01,114.44,CLOSED,23.48,32.0,56.0,100.0
-,XAR,2020-03-02,USD,102.75,2020-10-27,118.17,15.01,16.0,2020-10-27,87.29,CLOSED,-15.05,-16.0,100.0,-100.0
-,LULU,2020-03-02,USD,228.9,2021-02-24,338.15,47.73,34.0,2020-08-05,338.15,CLOSED,47.73,77.0,43.0,100.0
-,XAR,2020-03-02,USD,102.75,2020-05-30,120.14,16.92,48.0,2020-05-29,88.08,CLOSED,-14.28,-41.0,99.0,-84.0
-,XAR,2020-03-02,USD,102.75,2020-05-13,121.67,18.41,64.0,2020-05-13,75.62,CLOSED,-26.4,-92.0,100.0,-143.0
-,XAR,2020-03-02,USD,102.75,2020-03-29,111.04,8.07,75.0,2020-03-27,77.76,CLOSED,-24.32,-245.0,93.0,-301.0
-,XAR,2020-03-02,USD,102.75,2020-05-09,125.08,21.73,81.0,2020-05-08,81.5,CLOSED,-20.68,-78.0,99.0,-95.0
-,XAR,2020-03-02,USD,102.75,2020-08-26,137.55,33.87,48.0,2020-08-26,90.23,CLOSED,-12.18,-17.0,100.0,-36.0
-,MA,2020-03-02,USD,306.74,2020-10-31,393.98,28.44,29.0,2020-10-30,288.64,CLOSED,-5.9,-6.0,100.0,-21.0
-,V,2020-03-02,USD,192.33,2020-06-20,214.2,11.37,26.0,2020-06-19,192.2,CLOSED,-0.07,-0.0,99.0,-1.0
-,AMZN,2020-03-02,USD,1953.95,2021-01-24,3154.85,61.46,47.0,2020-07-09,3154.85,CLOSED,61.46,120.0,39.0,100.0
-,JNJ,2020-03-02,USD,140.02,2021-01-24,156.6,11.84,9.0,2020-04-23,156.6,CLOSED,11.84,57.0,16.0,100.0
-,XAR,2020-03-02,USD,102.75,2020-08-09,113.57,10.53,17.0,2020-08-07,90.83,CLOSED,-11.6,-19.0,99.0,-110.0
-,GOOG,2020-03-02,USD,1389.11,2020-12-29,1716.38,23.56,20.0,2020-09-02,1716.38,CLOSED,23.56,32.0,61.0,100.0
-,LULU,2020-03-02,USD,228.9,2021-02-16,353.1,54.26,39.0,2020-08-13,353.1,CLOSED,54.26,83.0,47.0,100.0
-,LMT,2020-03-02,USD,381.35,2020-12-10,426.58,11.86,11.0,2020-12-10,355.39,CLOSED,-6.81,-6.0,100.0,-57.0
-,AAPL,2020-03-02,USD,298.81,2020-12-16,377.1,26.2,23.0,2020-07-07,377.1,CLOSED,26.2,52.0,44.0,100.0
-,MA,2020-03-02,USD,306.74,2020-08-02,358.79,16.97,28.0,2020-07-31,308.53,CLOSED,0.58,1.0,99.0,3.0
-,MA,2020-03-02,USD,306.74,2020-11-24,417.17,36.0,34.0,2020-11-24,342.39,CLOSED,11.62,11.0,100.0,32.0
-,DIS,2020-03-02,USD,119.98,2020-05-24,131.92,9.95,30.0,2020-05-22,118.02,CLOSED,-1.63,-5.0,98.0,-16.0
-,DIS,2020-03-02,USD,119.98,2021-01-30,134.51,12.11,9.0,2020-08-27,134.51,CLOSED,12.11,17.0,53.0,100.0
-,MA,2020-03-02,USD,306.74,2020-07-22,346.28,12.89,23.0,2020-07-22,313.37,CLOSED,2.16,4.0,100.0,17.0
-,AMZN,2020-03-02,USD,1953.95,2020-12-31,2876.41,47.21,39.0,2020-07-01,2876.41,CLOSED,47.21,98.0,40.0,100.0
-,IXN,2020-03-02,USD,211.57,2020-11-18,237.7,12.35,12.0,2020-06-23,237.7,CLOSED,12.35,28.0,43.0,100.0
-,NKE,2020-03-02,USD,92.68,2020-07-05,101.64,9.67,19.0,2020-06-03,101.64,CLOSED,9.67,26.0,74.0,100.0
-,JNJ,2020-03-02,USD,140.02,2020-07-28,149.61,6.85,12.0,2020-04-16,149.61,CLOSED,6.85,38.0,30.0,100.0
-,V,2020-03-02,USD,192.33,2020-07-24,206.1,7.16,13.0,2020-07-24,195.15,CLOSED,1.47,3.0,100.0,20.0
-,UPS,2020-03-02,USD,92.75,2020-05-07,95.27,2.72,10.0,2020-03-03,95.27,CLOSED,2.72,685.0,2.0,100.0
-,GOOG,2020-03-02,USD,1389.11,2020-12-10,1675.13,20.59,18.0,2020-09-02,1675.13,CLOSED,20.59,28.0,65.0,100.0
-,AAPL,2020-03-02,USD,298.81,2021-01-03,379.76,27.09,22.0,2020-07-08,379.76,CLOSED,27.09,53.0,42.0,100.0
-,XAR,2020-03-02,USD,102.75,2020-11-10,117.38,14.24,14.0,2020-11-10,100.38,CLOSED,-2.31,-2.0,100.0,-16.0
-,XAR,2020-03-02,USD,102.75,2020-07-26,109.51,6.58,11.0,2020-07-24,87.59,CLOSED,-14.75,-26.0,99.0,-224.0
-,RIO,2020-03-02,USD,48.77,2020-10-10,56.55,15.95,18.0,2020-06-03,56.55,CLOSED,15.95,43.0,42.0,100.0
-,RIO,2020-03-02,USD,48.77,2021-02-24,64.12,31.47,22.0,2020-08-05,64.12,CLOSED,31.47,51.0,43.0,100.0
-,RIO,2020-03-02,USD,48.77,2020-07-05,59.06,21.1,43.0,2020-07-02,56.29,CLOSED,15.42,32.0,98.0,73.0
-,GOOG,2020-03-02,USD,1389.11,2020-06-04,1528.58,10.04,27.0,2020-06-04,1412.18,CLOSED,1.66,4.0,100.0,17.0
-,V,2020-03-02,USD,192.33,2020-05-09,202.45,5.26,19.0,2020-05-08,185.09,CLOSED,-3.76,-14.0,99.0,-72.0
-,MMM,2020-03-02,USD,153.02,2020-11-17,173.28,13.24,13.0,2020-11-09,173.28,CLOSED,13.24,13.0,97.0,100.0
-,JNJ,2020-03-02,USD,140.02,2020-07-19,147.75,5.52,10.0,2020-04-15,147.75,CLOSED,5.52,32.0,32.0,100.0
-,XAR,2020-03-02,USD,102.75,2020-07-29,111.59,8.6,15.0,2020-07-29,86.52,CLOSED,-15.8,-27.0,100.0,-184.0
-,LMT,2020-03-02,USD,381.35,2020-07-15,408.43,7.1,13.0,2020-06-05,408.43,CLOSED,7.1,19.0,70.0,100.0
-,MCD,2020-03-02,USD,202.55,2021-02-09,230.64,13.87,10.0,2020-10-16,230.64,CLOSED,13.87,15.0,66.0,100.0
-,MCD,2020-03-02,USD,202.55,2020-07-04,215.86,6.57,13.0,2020-07-02,183.52,CLOSED,-9.4,-19.0,98.0,-143.0
-,LMT,2020-03-02,USD,381.35,2020-07-26,412.12,8.07,14.0,2020-06-05,412.12,CLOSED,8.07,21.0,65.0,100.0
-,DIS,2020-03-02,USD,119.98,2020-10-24,138.43,15.38,16.0,2020-10-23,128.35,CLOSED,6.98,7.0,100.0,45.0
-,NKE,2020-03-02,USD,92.68,2020-07-08,99.98,7.88,16.0,2020-05-27,99.98,CLOSED,7.88,23.0,67.0,100.0
-,QQQ,2020-03-02,USD,216.42,2021-02-20,233.24,7.77,6.0,2020-05-26,233.24,CLOSED,7.77,23.0,24.0,100.0
-,DIS,2020-03-02,USD,119.98,2020-09-21,128.86,7.4,9.0,2020-08-05,128.86,CLOSED,7.4,12.0,77.0,100.0
-,AAPL,2020-03-02,USD,298.81,2020-11-25,374.53,25.34,24.0,2020-07-06,374.53,CLOSED,25.34,51.0,47.0,100.0
-,WMT,2020-03-02,USD,115.88,2020-07-11,121.59,4.93,9.0,2020-03-18,121.59,CLOSED,4.93,78.0,12.0,100.0
-,ITA,2020-03-02,USD,207.17,2020-10-20,227.78,9.95,11.0,2020-10-20,163.33,CLOSED,-21.16,-23.0,100.0,-213.0
-,JNJ,2020-03-02,USD,140.02,2020-05-16,147.4,5.27,18.0,2020-04-14,147.4,CLOSED,5.27,31.0,57.0,100.0
-,NKE,2020-03-02,USD,92.68,2020-05-16,97.57,5.28,18.0,2020-05-15,86.99,CLOSED,-6.14,-21.0,99.0,-116.0
-,LMT,2020-03-02,USD,381.35,2020-04-29,404.0,5.94,26.0,2020-04-29,387.91,CLOSED,1.72,7.0,100.0,29.0
-,LMT,2020-03-02,USD,381.35,2020-04-27,398.4,4.47,20.0,2020-03-04,398.4,CLOSED,4.47,563.0,4.0,100.0
-,MA,2020-03-02,USD,306.74,2020-05-06,316.31,3.12,12.0,2020-05-06,272.44,CLOSED,-11.18,-43.0,100.0,-358.0
-,NKE,2020-03-02,USD,92.68,2020-05-14,97.09,4.76,16.0,2020-05-14,86.55,CLOSED,-6.61,-23.0,100.0,-139.0
-,LMT,2020-03-02,USD,381.35,2020-04-24,393.25,3.12,15.0,2020-03-03,393.25,CLOSED,3.12,786.0,2.0,100.0
-,QQQ,2020-03-02,USD,216.42,2021-01-12,235.42,8.78,7.0,2020-06-02,235.42,CLOSED,8.78,24.0,29.0,100.0
-,WMT,2020-03-02,USD,115.88,2020-05-05,119.98,3.54,14.0,2020-03-09,119.98,CLOSED,3.54,127.0,11.0,100.0
-,WMT,2020-03-02,USD,115.88,2020-07-29,120.43,3.93,7.0,2020-03-09,120.43,CLOSED,3.93,141.0,5.0,100.0
-,MCD,2020-03-02,USD,202.55,2020-07-11,213.85,5.58,11.0,2020-07-10,184.88,CLOSED,-8.72,-17.0,99.0,-156.0
-,DIS,2020-03-02,USD,119.98,2020-08-18,128.05,6.73,10.0,2020-08-05,128.05,CLOSED,6.73,11.0,92.0,100.0
-,UPS,2020-03-02,USD,92.75,2020-09-05,98.38,6.07,8.0,2020-03-18,98.38,CLOSED,6.07,96.0,9.0,100.0
-,RIO,2020-03-02,USD,48.77,2021-01-20,67.83,39.08,30.0,2020-11-24,67.83,CLOSED,39.08,37.0,82.0,100.0
-,UPS,2020-03-02,USD,92.75,2020-05-02,96.01,3.51,15.0,2020-03-17,96.01,CLOSED,3.51,59.0,25.0,100.0
-,ASX-VCX,2020-03-02,AUD,2.19,2020-12-22,2.59,18.26,16.0,2020-12-11,1.67,OPEN,-23.74,-21.0,96.0,-130.0
-,ASX-VCX,2020-03-02,AUD,2.19,2020-12-22,2.47,12.79,11.0,2020-12-11,1.67,OPEN,-23.74,-21.0,96.0,-186.0
-,0288.HK,2020-03-02,HKD,8.04,2020-12-29,9.48,17.91,15.0,2020-12-11,6.51,OPEN,-19.03,-17.0,94.0,-106.0
-,0435.HK,2020-03-02,HKD,4.57,2020-12-21,5.28,15.54,13.0,2020-12-11,3.81,OPEN,-16.63,-15.0,97.0,-107.0
-,2800.HK,2020-03-02,HKD,26.65,2021-01-02,31.56,18.42,15.0,2020-12-11,26.7,OPEN,0.19,0.0,93.0,1.0
-,V,2020-03-02,USD,192.33,2021-02-01,238.97,24.25,18.0,2020-12-11,206.24,OPEN,7.23,6.0,85.0,30.0
-,XAR,2020-03-02,USD,102.75,2020-12-20,140.68,36.91,32.0,2020-12-11,114.93,OPEN,11.85,11.0,97.0,32.0
-,KO,2020-03-02,USD,55.92,2021-02-02,61.8,10.52,8.0,2020-12-11,53.35,OPEN,-4.6,-4.0,84.0,-44.0
-,MA,2020-03-02,USD,306.74,2021-02-09,429.01,39.86,29.0,2020-12-11,327.42,OPEN,6.74,6.0,83.0,17.0
-,LMT,2020-03-02,USD,381.35,2021-02-26,439.77,15.32,11.0,2020-12-11,361.71,OPEN,-5.15,-5.0,79.0,-34.0
-,ITA,2020-03-02,USD,207.17,2021-01-02,263.0,26.95,22.0,2020-12-11,96.23,OPEN,-53.55,-48.0,93.0,-199.0
-,MCD,2020-03-02,USD,202.55,2021-01-05,238.46,17.73,14.0,2020-12-11,207.76,OPEN,2.57,2.0,92.0,15.0
+,0435.HK,2020-03-03,HKD,4.59,2020-12-11,5.3,15.47,14.0,2020-12-11,3.81,CLOSED,-16.99,-15.0,100.0,-110.0
-,ASX-A2M,2020-03-03,AUD,16.13,2020-08-22,24.02,48.92,72.0,2020-08-21,18.37,CLOSED,13.89,20.0,99.0,28.0
-,ASX-REA,2020-03-03,AUD,98.55,2020-12-11,131.51,33.44,30.0,2020-11-06,131.51,CLOSED,33.44,34.0,88.0,100.0
-,ASX-REA,2020-03-03,AUD,98.55,2020-11-24,135.48,37.47,35.0,2020-11-09,135.48,CLOSED,37.47,38.0,94.0,100.0
-,STW,2020-03-03,USD,59.9,2020-08-21,63.99,6.83,10.0,2020-08-21,56.76,CLOSED,-5.24,-8.0,100.0,-77.0
-,ASX-REA,2020-03-03,AUD,98.55,2021-01-04,137.91,39.94,33.0,2020-11-09,137.91,CLOSED,39.94,40.0,82.0,100.0
-,ASX-REA,2020-03-03,AUD,98.55,2020-11-07,138.15,40.18,41.0,2020-11-06,127.89,CLOSED,29.77,30.0,100.0,74.0
-,ASX-A2M,2020-03-03,AUD,16.13,2020-06-14,19.6,21.51,53.0,2020-06-12,17.68,CLOSED,9.61,24.0,98.0,45.0
-,ASX-AGL,2020-03-03,AUD,18.86,2020-06-25,20.44,8.38,19.0,2020-06-25,16.25,CLOSED,-13.84,-31.0,100.0,-165.0
-,ASX-BKW,2020-03-03,AUD,18.0,2020-11-04,20.34,13.0,13.0,2020-11-04,18.14,CLOSED,0.78,1.0,100.0,6.0
-,ASX-BHP,2020-03-03,AUD,33.99,2020-08-09,39.44,16.03,25.0,2020-08-07,38.52,CLOSED,13.33,21.0,99.0,83.0
-,STW,2020-03-03,USD,59.9,2020-11-12,63.84,6.58,7.0,2020-11-12,59.72,CLOSED,-0.3,-0.0,100.0,-5.0
-,ASX-IVC,2020-03-03,AUD,14.3,2020-08-24,15.3,6.99,10.0,2020-08-24,10.1,CLOSED,-29.37,-43.0,100.0,-420.0
-,ASX-IVC,2020-03-03,AUD,14.3,2020-08-24,15.3,6.99,10.0,2020-08-24,10.1,CLOSED,-29.37,-43.0,100.0,-420.0
-,ASX-REA,2020-03-03,AUD,98.55,2020-07-04,112.07,13.72,28.0,2020-06-23,112.07,CLOSED,13.72,31.0,91.0,100.0
-,ASX-REA,2020-03-03,AUD,98.55,2020-07-14,111.96,13.61,26.0,2020-06-23,111.96,CLOSED,13.61,31.0,84.0,100.0
-,STW,2020-03-03,USD,59.9,2020-08-27,62.91,5.03,7.0,2020-08-27,57.04,CLOSED,-4.77,-7.0,100.0,-95.0
-,ASX-A2M,2020-03-03,AUD,16.13,2020-04-15,17.68,9.61,56.0,2020-04-15,17.68,CLOSED,9.61,56.0,100.0,100.0
-,ASX-BKW,2020-03-03,AUD,18.0,2020-11-20,20.01,11.17,11.0,2020-11-10,20.01,CLOSED,11.17,11.0,96.0,100.0
-,ASX-AGL,2020-03-03,AUD,18.86,2020-08-05,20.01,6.1,10.0,2020-08-05,16.28,CLOSED,-13.68,-22.0,100.0,-224.0
-,ASX-ORG,2020-03-03,AUD,7.04,2020-05-03,7.6,7.95,33.0,2020-05-01,5.17,CLOSED,-26.56,-113.0,97.0,-334.0
-,ASX-NAN,2020-03-03,AUD,6.77,2020-05-14,7.35,8.57,30.0,2020-05-14,6.83,CLOSED,0.89,3.0,100.0,10.0
-,ASX-ORG,2020-03-03,AUD,7.04,2020-05-08,7.45,5.82,22.0,2020-05-08,5.42,CLOSED,-23.01,-88.0,100.0,-395.0
-,ASX-NAN,2020-03-03,AUD,6.77,2020-09-05,7.46,10.19,14.0,2020-09-04,6.08,CLOSED,-10.19,-14.0,99.0,-100.0
-,ASX-RIO,2020-03-03,AUD,88.8,2020-08-05,101.07,13.82,22.0,2020-06-09,101.07,CLOSED,13.82,36.0,63.0,100.0
-,2768.HK,2020-03-03,HKD,3.17,2020-04-08,3.55,11.99,84.0,2020-04-08,3.2,CLOSED,0.95,7.0,100.0,8.0
-,2768.HK,2020-03-03,HKD,3.17,2020-04-08,3.72,17.35,121.0,2020-04-08,3.2,CLOSED,0.95,7.0,100.0,5.0
-,0823.HK,2020-03-03,HKD,71.65,2020-11-05,85.21,18.93,19.0,2020-11-05,61.4,CLOSED,-14.31,-15.0,100.0,-76.0
-,0435.HK,2020-03-03,HKD,4.59,2020-11-07,5.47,19.17,19.0,2020-11-06,3.43,CLOSED,-25.27,-26.0,100.0,-132.0
-,0823.HK,2020-03-03,HKD,71.65,2020-11-27,85.8,19.75,19.0,2020-11-27,68.35,CLOSED,-4.61,-4.0,100.0,-23.0
-,0823.HK,2020-03-03,HKD,71.65,2021-02-07,75.06,4.76,4.0,2020-03-05,75.06,CLOSED,4.76,600.0,1.0,100.0
-,0823.HK,2020-03-03,HKD,71.65,2021-02-13,76.66,6.99,5.0,2020-03-10,76.66,CLOSED,6.99,252.0,2.0,100.0
-,0435.HK,2020-03-03,HKD,4.59,2020-10-27,5.24,14.16,15.0,2020-10-27,3.43,CLOSED,-25.27,-27.0,100.0,-178.0
-,0435.HK,2020-03-03,HKD,4.59,2020-10-13,5.37,16.99,19.0,2020-10-13,3.48,CLOSED,-24.18,-27.0,100.0,-142.0
-,0808.HK,2020-03-03,HKD,2.86,2020-11-17,3.25,13.64,13.0,2020-11-17,2.32,CLOSED,-18.88,-18.0,100.0,-138.0
-,0823.HK,2020-03-03,HKD,71.65,2020-12-08,86.18,20.28,18.0,2020-12-08,69.0,CLOSED,-3.7,-3.0,100.0,-18.0
-,1270.HK,2020-03-03,HKD,1.78,2020-10-15,1.99,11.8,13.0,2020-10-15,0.94,CLOSED,-47.19,-53.0,100.0,-400.0
-,0808.HK,2020-03-03,HKD,2.86,2020-11-08,3.2,11.89,12.0,2020-11-06,2.26,CLOSED,-20.98,-21.0,99.0,-176.0
-,0808.HK,2020-03-03,HKD,2.86,2020-12-02,3.28,14.69,14.0,2020-12-02,2.45,CLOSED,-14.34,-13.0,100.0,-98.0
-,1038.HK,2020-03-03,HKD,52.6,2020-07-18,55.8,6.08,11.0,2020-07-17,39.7,CLOSED,-24.52,-45.0,99.0,-403.0
-,0808.HK,2020-03-03,HKD,2.86,2020-10-30,3.18,11.19,12.0,2020-10-30,2.2,CLOSED,-23.08,-24.0,100.0,-206.0
-,1038.HK,2020-03-03,HKD,52.6,2020-04-27,54.67,3.94,18.0,2020-04-27,45.9,CLOSED,-12.74,-58.0,100.0,-324.0
-,1038.HK,2020-03-03,HKD,52.6,2020-07-24,55.79,6.06,11.0,2020-07-24,38.3,CLOSED,-27.19,-48.0,100.0,-448.0
-,1038.HK,2020-03-03,HKD,52.6,2020-04-29,54.31,3.25,14.0,2020-03-05,54.31,CLOSED,3.25,410.0,4.0,100.0
-,0435.HK,2020-03-03,HKD,4.59,2020-05-10,4.8,4.58,17.0,2020-05-08,3.93,CLOSED,-14.38,-55.0,97.0,-314.0
-,0006.HK,2020-03-03,HKD,55.15,2020-08-06,57.68,4.59,7.0,2020-08-06,42.8,CLOSED,-22.39,-36.0,100.0,-488.0
-,0435.HK,2020-03-03,HKD,4.59,2020-07-01,4.85,5.66,12.0,2020-06-30,3.85,CLOSED,-16.12,-34.0,99.0,-285.0
-,ASX-VCX,2020-03-03,AUD,2.24,2020-12-23,2.65,18.3,16.0,2020-12-11,1.67,OPEN,-25.45,-23.0,96.0,-139.0
-,ASX-VCX,2020-03-03,AUD,2.24,2020-12-23,2.52,12.5,11.0,2020-12-11,1.67,OPEN,-25.45,-23.0,96.0,-204.0
-,STW,2020-03-03,USD,59.9,2020-12-19,64.98,8.48,7.0,2020-12-11,61.84,OPEN,3.24,3.0,97.0,38.0
-,ASX-NAN,2020-03-03,AUD,6.77,2021-01-27,8.31,22.75,17.0,2020-12-11,7.08,OPEN,4.58,4.0,86.0,20.0
-,1038.HK,2020-03-03,HKD,52.6,2021-03-02,65.84,25.17,17.0,2020-12-11,39.95,OPEN,-24.05,-21.0,78.0,-96.0
-,1038.HK,2020-03-03,HKD,52.6,2021-02-15,65.07,23.71,17.0,2020-12-11,39.95,OPEN,-24.05,-21.0,81.0,-101.0
-,0066.HK,2020-03-03,HKD,43.3,2021-02-08,52.84,22.03,16.0,2020-12-11,43.35,OPEN,0.12,0.0,83.0,1.0
-,0823.HK,2020-03-03,HKD,71.65,2020-12-16,86.83,21.19,19.0,2020-12-11,69.65,OPEN,-2.79,-2.0,98.0,-13.0
-,0173.HK,2020-03-03,HKD,3.78,2021-03-02,5.62,48.68,34.0,2020-12-11,3.85,OPEN,1.85,2.0,78.0,4.0
-,0006.HK,2020-03-03,HKD,55.15,2021-02-21,60.08,8.94,6.0,2020-12-11,41.15,OPEN,-25.39,-23.0,80.0,-284.0
-,ASX-RIO,2020-03-04,AUD,90.0,2020-08-06,102.44,13.82,22.0,2020-07-15,102.44,CLOSED,13.82,26.0,86.0,100.0
-,0823.HK,2020-03-04,HKD,73.9,2020-11-06,87.89,18.93,19.0,2020-11-06,62.7,CLOSED,-15.16,-15.0,100.0,-80.0
-,0435.HK,2020-03-04,HKD,4.62,2020-11-08,5.5,19.05,19.0,2020-11-06,3.43,CLOSED,-25.76,-26.0,99.0,-135.0
-,0823.HK,2020-03-04,HKD,73.9,2020-11-28,88.5,19.76,19.0,2020-11-27,68.35,CLOSED,-7.51,-7.0,100.0,-38.0
-,0823.HK,2020-03-04,HKD,73.9,2021-02-08,77.42,4.76,4.0,2020-03-10,77.42,CLOSED,4.76,200.0,2.0,100.0
-,0435.HK,2020-03-04,HKD,4.62,2020-10-28,5.27,14.07,15.0,2020-10-28,3.4,CLOSED,-26.41,-28.0,100.0,-188.0
-,0435.HK,2020-03-04,HKD,4.62,2020-10-14,5.41,17.1,19.0,2020-10-14,3.48,CLOSED,-24.68,-28.0,100.0,-144.0
-,0823.HK,2020-03-04,HKD,73.9,2020-12-09,88.89,20.28,18.0,2020-12-09,69.4,CLOSED,-6.09,-5.0,100.0,-30.0
-,2208.HK,2020-03-04,HKD,7.74,2021-01-27,10.29,32.95,25.0,2020-10-15,10.29,CLOSED,32.95,37.0,68.0,100.0
-,1038.HK,2020-03-04,HKD,52.85,2020-07-25,56.06,6.07,11.0,2020-07-24,38.3,CLOSED,-27.53,-49.0,99.0,-453.0
-,1038.HK,2020-03-04,HKD,52.85,2020-04-30,54.57,3.25,14.0,2020-03-05,54.57,CLOSED,3.25,819.0,2.0,100.0
-,0435.HK,2020-03-04,HKD,4.62,2020-05-11,4.83,4.55,17.0,2020-05-11,3.96,CLOSED,-14.29,-53.0,100.0,-314.0
-,0435.HK,2020-03-04,HKD,4.62,2020-07-02,4.89,5.84,12.0,2020-07-02,4.05,CLOSED,-12.34,-26.0,100.0,-211.0
-,XAR,2020-03-04,USD,105.71,2020-10-29,121.58,15.01,16.0,2020-10-29,85.43,CLOSED,-19.18,-20.0,100.0,-128.0
-,XAR,2020-03-04,USD,105.71,2020-08-11,116.84,10.53,17.0,2020-08-11,93.63,CLOSED,-11.43,-18.0,100.0,-109.0
-,DIS,2020-03-04,USD,119.18,2020-05-26,131.04,9.95,30.0,2020-05-26,120.95,CLOSED,1.49,5.0,100.0,15.0
-,DIS,2020-03-04,USD,119.18,2021-02-01,133.61,12.11,9.0,2020-08-27,133.61,CLOSED,12.11,17.0,53.0,100.0
-,UPS,2020-03-04,USD,95.82,2020-05-09,98.43,2.72,10.0,2020-03-18,98.43,CLOSED,2.72,49.0,21.0,100.0
-,XAR,2020-03-04,USD,105.71,2020-07-28,112.67,6.58,11.0,2020-07-28,86.93,CLOSED,-17.77,-31.0,100.0,-270.0
-,MMM,2020-03-04,USD,153.98,2020-11-19,174.37,13.24,13.0,2020-11-09,174.37,CLOSED,13.24,13.0,96.0,100.0
-,JNJ,2020-03-04,USD,143.48,2020-07-21,151.4,5.52,10.0,2020-04-17,151.4,CLOSED,5.52,32.0,32.0,100.0
-,XAR,2020-03-04,USD,105.71,2020-07-31,114.8,8.6,15.0,2020-07-31,85.61,CLOSED,-19.01,-32.0,100.0,-221.0
-,LMT,2020-03-04,USD,402.03,2020-07-17,430.57,7.1,13.0,2020-07-17,368.5,CLOSED,-8.34,-16.0,100.0,-117.0
-,LMT,2020-03-04,USD,402.03,2020-07-28,434.47,8.07,14.0,2020-07-28,386.66,CLOSED,-3.82,-7.0,100.0,-47.0
-,DIS,2020-03-04,USD,119.18,2020-10-26,137.51,15.38,16.0,2020-10-26,124.06,CLOSED,4.09,4.0,100.0,27.0
-,DIS,2020-03-04,USD,119.18,2020-09-23,128.0,7.4,9.0,2020-08-05,128.0,CLOSED,7.4,12.0,76.0,100.0
-,ITA,2020-03-04,USD,211.18,2020-10-22,232.19,9.95,11.0,2020-10-22,164.01,CLOSED,-22.34,-24.0,100.0,-225.0
-,LMT,2020-03-04,USD,402.03,2020-05-01,425.91,5.94,26.0,2020-05-01,383.47,CLOSED,-4.62,-20.0,100.0,-78.0
-,LMT,2020-03-04,USD,402.03,2020-04-29,420.0,4.47,20.0,2020-04-29,387.91,CLOSED,-3.51,-16.0,100.0,-79.0
-,LMT,2020-03-04,USD,402.03,2020-04-26,414.57,3.12,15.0,2020-04-24,381.77,CLOSED,-5.04,-25.0,96.0,-162.0
-,DIS,2020-03-04,USD,119.18,2020-08-20,127.2,6.73,10.0,2020-06-05,127.2,CLOSED,6.73,18.0,55.0,100.0
-,UPS,2020-03-04,USD,95.82,2020-09-07,101.64,6.07,8.0,2020-03-18,101.64,CLOSED,6.07,109.0,7.0,100.0
-,XAR,2020-03-04,USD,105.71,2020-10-18,119.06,12.63,14.0,2020-10-16,92.56,CLOSED,-12.44,-14.0,99.0,-99.0
-,UPS,2020-03-04,USD,95.82,2020-05-04,99.18,3.51,15.0,2020-03-18,99.18,CLOSED,3.51,63.0,23.0,100.0
-,0823.HK,2020-03-04,HKD,73.9,2021-02-14,79.07,7.0,5.0,2020-12-11,69.65,OPEN,-5.75,-5.0,81.0,-82.0
-,1038.HK,2020-03-04,HKD,52.85,2021-02-16,65.38,23.71,17.0,2020-12-11,39.95,OPEN,-24.41,-22.0,81.0,-103.0
-,0823.HK,2020-03-04,HKD,73.9,2020-12-17,89.55,21.18,19.0,2020-12-11,69.65,OPEN,-5.75,-5.0,98.0,-27.0
-,0435.HK,2020-03-04,HKD,4.62,2020-12-12,5.33,15.37,14.0,2020-12-11,3.81,OPEN,-17.53,-16.0,100.0,-114.0
-,JNJ,2020-03-04,USD,143.48,2021-01-26,160.47,11.84,9.0,2020-12-11,152.95,OPEN,6.6,6.0,86.0,56.0
-,LMT,2020-03-04,USD,402.03,2020-12-12,449.71,11.86,11.0,2020-12-11,361.71,OPEN,-10.03,-9.0,100.0,-85.0
-,LMT,2020-03-04,USD,402.03,2021-02-28,463.62,15.32,11.0,2020-12-11,361.71,OPEN,-10.03,-9.0,78.0,-65.0
-,ASX-CWN,2020-03-05,AUD,9.92,2020-05-11,10.72,8.06,30.0,2020-05-11,9.32,CLOSED,-6.05,-23.0,100.0,-75.0
-,ASX-CWN,2020-03-05,AUD,9.92,2020-06-28,10.7,7.86,17.0,2020-06-09,10.7,CLOSED,7.86,21.0,83.0,100.0
-,ASX-WBC,2020-03-05,AUD,22.25,2020-04-21,23.15,4.04,22.0,2020-04-21,14.92,CLOSED,-32.94,-177.0,100.0,-814.0
-,ASX-WBC,2020-03-05,AUD,22.25,2020-05-01,23.8,6.97,31.0,2020-05-01,15.09,CLOSED,-32.18,-142.0,100.0,-462.0
-,ASX-REA,2020-03-05,AUD,100.8,2020-12-13,134.51,33.44,30.0,2020-11-09,134.51,CLOSED,33.44,34.0,88.0,100.0
-,ASX-REA,2020-03-05,AUD,100.8,2020-11-26,138.57,37.47,35.0,2020-11-09,138.57,CLOSED,37.47,38.0,94.0,100.0
-,STW,2020-03-05,USD,59.73,2020-08-23,63.8,6.81,10.0,2020-08-21,56.76,CLOSED,-4.97,-7.0,99.0,-73.0
-,ASX-REA,2020-03-05,AUD,100.8,2021-01-06,141.06,39.94,33.0,2020-11-10,141.06,CLOSED,39.94,40.0,81.0,100.0
-,ASX-REA,2020-03-05,AUD,100.8,2020-11-09,141.3,40.18,41.0,2020-11-09,139.5,CLOSED,38.39,39.0,100.0,96.0
-,ASX-AGL,2020-03-05,AUD,18.96,2020-06-27,20.55,8.39,19.0,2020-06-26,16.35,CLOSED,-13.77,-31.0,99.0,-164.0
-,ASX-BKW,2020-03-05,AUD,17.78,2020-11-06,20.09,12.99,13.0,2020-11-06,18.52,CLOSED,4.16,4.0,100.0,32.0
-,ASX-CWN,2020-03-05,AUD,9.92,2020-05-06,10.46,5.44,22.0,2020-05-06,9.3,CLOSED,-6.25,-25.0,100.0,-115.0
-,ASX-WBC,2020-03-05,AUD,22.25,2020-11-21,24.33,9.35,9.0,2020-11-20,19.91,CLOSED,-10.52,-10.0,100.0,-113.0
-,ASX-BEN,2020-03-05,AUD,8.47,2020-04-27,9.31,9.92,47.0,2020-04-27,5.68,CLOSED,-32.94,-157.0,100.0,-332.0
-,STW,2020-03-05,USD,59.73,2020-11-14,63.66,6.58,7.0,2020-11-13,59.63,CLOSED,-0.17,-0.0,100.0,-3.0
-,ASX-CWN,2020-03-05,AUD,9.92,2020-08-25,10.76,8.47,12.0,2020-06-09,10.76,CLOSED,8.47,22.0,55.0,100.0
-,ASX-REA,2020-03-05,AUD,100.8,2020-07-06,114.63,13.72,28.0,2020-07-06,106.33,CLOSED,5.49,11.0,100.0,40.0
-,ASX-ORG,2020-03-05,AUD,7.0,2020-04-18,7.59,8.43,48.0,2020-04-17,5.07,CLOSED,-27.57,-162.0,98.0,-327.0
-,ASX-REA,2020-03-05,AUD,100.8,2020-07-16,114.52,13.61,26.0,2020-07-16,106.0,CLOSED,5.16,10.0,100.0,38.0
-,STW,2020-03-05,USD,59.73,2020-08-29,62.73,5.02,7.0,2020-08-28,56.61,CLOSED,-5.22,-7.0,99.0,-104.0
-,ASX-BKW,2020-03-05,AUD,17.78,2020-11-22,19.77,11.19,11.0,2020-10-07,19.77,CLOSED,11.19,13.0,82.0,100.0
-,ASX-AGL,2020-03-05,AUD,18.96,2020-08-07,20.12,6.12,10.0,2020-08-07,16.25,CLOSED,-14.29,-23.0,100.0,-234.0
-,ASX-ORG,2020-03-05,AUD,7.0,2020-05-05,7.55,7.86,32.0,2020-05-05,5.44,CLOSED,-22.29,-92.0,100.0,-284.0
-,ASX-NAB,2020-03-05,AUD,23.29,2020-06-25,25.05,7.56,17.0,2020-06-25,17.66,CLOSED,-24.17,-54.0,100.0,-320.0
-,ASX-CWN,2020-03-05,AUD,9.92,2020-05-16,10.38,4.64,16.0,2020-05-15,9.05,CLOSED,-8.77,-31.0,99.0,-189.0
-,ASX-CWN,2020-03-05,AUD,9.92,2020-08-28,10.6,6.85,10.0,2020-06-09,10.6,CLOSED,6.85,18.0,55.0,100.0
-,ASX-ORG,2020-03-05,AUD,7.0,2020-05-10,7.4,5.71,22.0,2020-05-08,5.42,CLOSED,-22.57,-89.0,97.0,-395.0
-,0002.HK,2020-03-05,HKD,84.2,2020-12-02,98.93,17.49,16.0,2020-12-02,72.1,CLOSED,-14.37,-13.0,100.0,-82.0
-,1299.HK,2020-03-05,HKD,77.65,2020-10-12,93.1,19.9,23.0,2020-10-12,80.35,CLOSED,3.48,4.0,100.0,17.0
-,0435.HK,2020-03-05,HKD,4.72,2020-10-29,5.38,13.98,15.0,2020-10-29,3.37,CLOSED,-28.6,-30.0,100.0,-205.0
-,0002.HK,2020-03-05,HKD,84.2,2020-08-11,89.14,5.87,9.0,2020-08-11,75.3,CLOSED,-10.57,-17.0,100.0,-180.0
-,1299.HK,2020-03-05,HKD,77.65,2020-07-11,85.54,10.16,20.0,2020-07-10,75.1,CLOSED,-3.28,-7.0,99.0,-32.0
-,2208.HK,2020-03-05,HKD,7.96,2021-01-28,10.58,32.91,25.0,2020-10-15,10.58,CLOSED,32.91,37.0,68.0,100.0
-,1299.HK,2020-03-05,HKD,77.65,2020-05-01,81.86,5.42,24.0,2020-04-29,71.95,CLOSED,-7.34,-34.0,96.0,-135.0
-,ASX-CWN,2020-03-05,AUD,9.92,2021-01-04,11.94,20.36,17.0,2020-12-11,9.72,OPEN,-2.02,-2.0,92.0,-10.0
-,ASX-NAB,2020-03-05,AUD,23.29,2020-12-26,26.95,15.71,13.0,2020-12-11,23.33,OPEN,0.17,0.0,95.0,1.0
-,ASX-NAB,2020-03-05,AUD,23.29,2020-12-30,27.75,19.15,16.0,2020-12-11,23.33,OPEN,0.17,0.0,94.0,1.0
-,ASX-WBC,2020-03-05,AUD,22.25,2021-01-07,24.12,8.4,7.0,2020-12-11,19.95,OPEN,-10.34,-9.0,91.0,-123.0
-,STW,2020-03-05,USD,59.73,2020-12-21,64.8,8.49,7.0,2020-12-11,61.84,OPEN,3.53,3.0,97.0,42.0
-,0435.HK,2020-03-05,HKD,4.72,2020-12-13,5.45,15.47,14.0,2020-12-11,3.81,OPEN,-19.28,-17.0,99.0,-125.0
-,0011.HK,2020-03-05,HKD,150.8,2021-02-18,166.38,10.33,7.0,2020-12-11,137.6,OPEN,-8.75,-8.0,80.0,-85.0
-,DLR,2020-03-06,USD,128.24,2020-10-03,143.41,11.83,14.0,2020-03-13,143.41,CLOSED,11.83,426.0,3.0,100.0
-,DIS,2020-03-06,USD,115.27,2020-05-28,127.49,10.6,32.0,2020-05-28,116.75,CLOSED,1.28,4.0,100.0,12.0
-,DIS,2020-03-06,USD,115.27,2021-02-03,129.99,12.77,10.0,2020-08-05,129.99,CLOSED,12.77,21.0,46.0,100.0
-,DIS,2020-03-06,USD,115.27,2020-09-25,124.54,8.04,10.0,2020-06-05,124.54,CLOSED,8.04,22.0,45.0,100.0
-,DIS,2020-03-06,USD,115.27,2020-08-22,123.77,7.37,11.0,2020-05-27,123.77,CLOSED,7.37,23.0,49.0,100.0
-,DLR,2020-03-06,USD,128.24,2020-06-18,135.86,5.94,14.0,2020-03-11,135.86,CLOSED,5.94,299.0,5.0,100.0
-,ASX-WBC,2020-03-09,AUD,19.52,2020-05-05,20.98,7.48,33.0,2020-05-05,15.93,CLOSED,-18.39,-81.0,100.0,-246.0
-,ASX-WBC,2020-03-09,AUD,19.52,2020-11-25,21.45,9.89,10.0,2020-11-25,20.89,CLOSED,7.02,7.0,100.0,71.0
-,ASX-BEN,2020-03-09,AUD,7.04,2020-05-01,7.78,10.51,50.0,2020-05-01,6.01,CLOSED,-14.63,-70.0,100.0,-139.0
-,2638.HK,2020-03-09,HKD,7.9,2020-11-05,8.78,11.14,12.0,2020-11-05,7.92,CLOSED,0.25,0.0,100.0,2.0
-,2638.HK,2020-03-09,HKD,7.9,2020-09-07,8.43,6.71,9.0,2020-09-07,7.9,CLOSED,0.0,0.0,100.0,0.0
-,ASX-BEN,2020-03-10,AUD,7.43,2020-07-26,8.61,15.88,29.0,2020-07-24,7.01,CLOSED,-5.65,-10.0,99.0,-36.0
-,ASX-BOQ,2020-03-10,AUD,6.66,2020-04-13,7.35,10.36,77.0,2020-04-09,4.89,CLOSED,-26.58,-223.0,88.0,-257.0
-,ASX-BOQ,2020-03-10,AUD,6.66,2020-07-06,7.12,6.91,15.0,2020-07-06,6.22,CLOSED,-6.61,-14.0,100.0,-96.0
-,STW,2020-03-10,USD,55.55,2020-10-14,58.92,6.07,7.0,2020-10-14,57.4,CLOSED,3.33,4.0,100.0,55.0
-,STW,2020-03-10,USD,55.55,2020-12-30,62.17,11.92,10.0,2020-11-25,62.17,CLOSED,11.92,12.0,88.0,100.0
-,ASX-WBC,2020-03-10,AUD,20.54,2020-05-06,22.08,7.5,33.0,2020-05-06,15.7,CLOSED,-23.56,-104.0,100.0,-314.0
-,STW,2020-03-10,USD,55.55,2020-05-13,59.24,6.64,26.0,2020-05-13,50.3,CLOSED,-9.45,-37.0,100.0,-142.0
-,STW,2020-03-10,USD,55.55,2020-04-29,57.64,3.76,19.0,2020-04-29,49.89,CLOSED,-10.19,-51.0,100.0,-271.0
-,STW,2020-03-10,USD,55.55,2020-05-06,57.89,4.21,19.0,2020-05-06,50.01,CLOSED,-9.97,-44.0,100.0,-237.0
-,STW,2020-03-10,USD,55.55,2020-11-16,59.94,7.9,8.0,2020-11-11,59.94,CLOSED,7.9,8.0,98.0,100.0
-,STW,2020-03-10,USD,55.55,2021-01-20,62.62,12.73,10.0,2020-12-09,62.62,CLOSED,12.73,12.0,87.0,100.0
-,ASX-REA,2020-03-10,AUD,97.45,2020-12-18,130.68,34.1,30.0,2020-11-06,130.68,CLOSED,34.1,36.0,85.0,100.0
-,ASX-REA,2020-03-10,AUD,97.45,2020-12-01,134.64,38.16,36.0,2020-11-09,134.64,CLOSED,38.16,39.0,92.0,100.0
-,STW,2020-03-10,USD,55.55,2020-08-28,59.69,7.45,11.0,2020-08-28,56.61,CLOSED,1.91,3.0,100.0,26.0
-,ASX-REA,2020-03-10,AUD,97.45,2021-01-11,137.05,40.64,33.0,2020-11-09,137.05,CLOSED,40.64,42.0,79.0,100.0
-,ASX-REA,2020-03-10,AUD,97.45,2020-11-14,137.29,40.88,41.0,2020-11-09,137.29,CLOSED,40.88,42.0,98.0,100.0
-,STW,2020-03-10,USD,55.55,2020-12-26,60.62,9.13,8.0,2020-11-17,60.62,CLOSED,9.13,9.0,87.0,100.0
-,STW,2020-03-10,USD,55.55,2020-11-19,59.56,7.22,7.0,2020-11-10,59.56,CLOSED,7.22,7.0,96.0,100.0
-,ASX-BHP,2020-03-10,AUD,29.25,2020-08-16,34.11,16.62,26.0,2020-05-19,34.11,CLOSED,16.62,60.0,44.0,100.0
-,ASX-WBC,2020-03-10,AUD,20.54,2020-11-26,22.57,9.88,10.0,2020-11-26,20.61,CLOSED,0.34,0.0,100.0,3.0
-,ASX-BEN,2020-03-10,AUD,7.43,2020-05-02,8.21,10.5,50.0,2020-05-01,6.01,CLOSED,-19.11,-93.0,98.0,-182.0
-,STW,2020-03-10,USD,55.55,2020-09-03,58.69,5.65,8.0,2020-09-03,57.13,CLOSED,2.84,4.0,100.0,50.0
-,ASX-REA,2020-03-10,AUD,97.45,2020-07-11,111.37,14.28,29.0,2020-06-23,111.37,CLOSED,14.28,34.0,85.0,100.0
-,ASX-REA,2020-03-10,AUD,97.45,2020-07-21,111.26,14.17,27.0,2020-06-23,111.26,CLOSED,14.17,34.0,79.0,100.0
-,ASX-BEN,2020-03-10,AUD,7.43,2020-08-14,8.0,7.67,12.0,2020-06-09,8.0,CLOSED,7.67,21.0,58.0,100.0
-,ASX-BEN,2020-03-10,AUD,7.43,2020-04-29,8.37,12.65,64.0,2020-04-29,6.04,CLOSED,-18.71,-94.0,100.0,-148.0
-,ASX-BOQ,2020-03-10,AUD,6.66,2020-07-21,7.11,6.76,13.0,2020-07-21,6.24,CLOSED,-6.31,-12.0,100.0,-93.0
-,STW,2020-03-10,USD,55.55,2020-05-21,57.14,2.86,10.0,2020-05-21,51.48,CLOSED,-7.33,-26.0,100.0,-256.0
-,ASX-BOQ,2020-03-10,AUD,6.66,2020-05-07,6.98,4.8,21.0,2020-05-07,4.6,CLOSED,-30.93,-134.0,100.0,-644.0
-,ASX-BEN,2020-03-10,AUD,7.43,2020-05-06,7.93,6.73,30.0,2020-05-06,6.01,CLOSED,-19.11,-84.0,100.0,-284.0
-,ASX-BOQ,2020-03-10,AUD,6.66,2020-07-29,7.04,5.71,10.0,2020-07-29,6.07,CLOSED,-8.86,-16.0,100.0,-155.0
-,ASX-BOQ,2020-03-10,AUD,6.66,2020-06-18,6.91,3.75,9.0,2020-06-18,6.22,CLOSED,-6.61,-17.0,100.0,-176.0
-,STW,2020-03-10,USD,55.55,2020-04-23,56.71,2.09,12.0,2020-04-23,48.38,CLOSED,-12.91,-74.0,100.0,-618.0
-,STW,2020-03-10,USD,55.55,2020-07-26,56.13,1.04,2.0,2020-06-09,56.13,CLOSED,1.04,3.0,66.0,100.0
-,STW,2020-03-10,USD,55.55,2020-05-31,56.92,2.47,8.0,2020-05-29,53.84,CLOSED,-3.08,-10.0,98.0,-125.0
-,ASX-BHP,2020-03-10,AUD,29.25,2020-08-12,33.86,15.76,26.0,2020-05-19,33.86,CLOSED,15.76,57.0,45.0,100.0
-,2588.HK,2020-03-10,HKD,59.7,2020-04-26,64.59,8.19,44.0,2020-04-24,52.1,CLOSED,-12.73,-71.0,96.0,-155.0
-,2588.HK,2020-03-10,HKD,59.7,2020-05-12,65.92,10.42,42.0,2020-05-12,48.95,CLOSED,-18.01,-72.0,100.0,-173.0
-,2588.HK,2020-03-10,HKD,59.7,2020-07-25,71.56,19.87,37.0,2020-07-24,45.95,CLOSED,-23.03,-43.0,99.0,-116.0
-,2588.HK,2020-03-10,HKD,59.7,2020-08-18,70.14,17.49,27.0,2020-08-18,49.5,CLOSED,-17.09,-27.0,100.0,-98.0
-,NKE,2020-03-10,USD,88.3,2021-01-25,107.44,21.68,17.0,2020-08-19,107.44,CLOSED,21.68,34.0,50.0,100.0
-,NKE,2020-03-10,USD,88.3,2021-01-29,109.67,24.2,19.0,2020-08-19,109.67,CLOSED,24.2,38.0,50.0,100.0
-,XAR,2020-03-10,USD,92.11,2020-11-04,106.57,15.7,17.0,2020-11-04,89.8,CLOSED,-2.51,-3.0,100.0,-16.0
-,LULU,2020-03-10,USD,203.81,2021-03-04,302.86,48.6,34.0,2020-06-01,302.86,CLOSED,48.6,148.0,23.0,100.0
-,XAR,2020-03-10,USD,92.11,2020-06-07,108.35,17.63,50.0,2020-06-05,98.21,CLOSED,6.62,19.0,98.0,38.0
-,XAR,2020-03-10,USD,92.11,2020-05-21,109.73,19.13,67.0,2020-05-21,80.72,CLOSED,-12.37,-43.0,100.0,-65.0
-,XAR,2020-03-10,USD,92.11,2020-04-06,100.15,8.73,81.0,2020-04-06,76.4,CLOSED,-17.06,-159.0,100.0,-195.0
-,XAR,2020-03-10,USD,92.11,2020-05-17,112.8,22.46,83.0,2020-05-15,74.97,CLOSED,-18.61,-71.0,97.0,-83.0
-,XAR,2020-03-10,USD,92.11,2020-09-03,124.05,34.68,49.0,2020-09-03,90.36,CLOSED,-1.9,-3.0,100.0,-5.0
-,DIS,2020-03-10,USD,111.46,2020-04-23,123.15,10.49,60.0,2020-04-23,101.0,CLOSED,-9.38,-54.0,100.0,-89.0
-,DIS,2020-03-10,USD,111.46,2020-07-04,143.71,28.93,63.0,2020-07-02,112.18,CLOSED,0.65,1.0,98.0,2.0
-,DIS,2020-03-10,USD,111.46,2020-07-03,146.41,31.36,69.0,2020-07-02,112.18,CLOSED,0.65,1.0,99.0,2.0
-,DIS,2020-03-10,USD,111.46,2020-11-18,171.27,53.66,53.0,2020-11-18,143.9,CLOSED,29.1,29.0,100.0,54.0
-,MA,2020-03-10,USD,280.57,2020-11-08,362.5,29.2,30.0,2020-08-28,362.5,CLOSED,29.2,43.0,70.0,100.0
-,XAR,2020-03-10,USD,92.11,2020-08-17,102.43,11.2,18.0,2020-08-17,91.95,CLOSED,-0.17,-0.0,100.0,-2.0
-,AMZN,2020-03-10,USD,1891.82,2021-02-01,3072.69,62.42,48.0,2020-07-08,3072.69,CLOSED,62.42,131.0,37.0,100.0
-,LULU,2020-03-10,USD,203.81,2021-02-24,316.19,55.14,40.0,2020-06-03,316.19,CLOSED,55.14,163.0,24.0,100.0
-,MA,2020-03-10,USD,280.57,2020-08-10,330.15,17.67,29.0,2020-08-06,330.15,CLOSED,17.67,30.0,97.0,100.0
-,MA,2020-03-10,USD,280.57,2020-12-02,383.82,36.8,35.0,2020-12-02,340.22,CLOSED,21.26,20.0,100.0,58.0
-,TSLA,2020-03-10,USD,645.0,2020-12-21,878.88,36.26,32.0,2020-06-01,878.88,CLOSED,36.26,110.0,29.0,100.0
-,DIS,2020-03-10,USD,111.46,2020-06-01,123.27,10.6,32.0,2020-05-27,123.27,CLOSED,10.6,34.0,94.0,100.0
-,DIS,2020-03-10,USD,111.46,2021-02-07,125.69,12.77,10.0,2020-06-05,125.69,CLOSED,12.77,37.0,26.0,100.0
-,MA,2020-03-10,USD,280.57,2020-07-30,318.62,13.56,24.0,2020-07-30,309.0,CLOSED,10.13,18.0,100.0,75.0
-,AMZN,2020-03-10,USD,1891.82,2021-01-08,2801.41,48.08,40.0,2020-07-01,2801.41,CLOSED,48.08,107.0,37.0,100.0
-,IXN,2020-03-10,USD,199.25,2020-11-26,225.21,13.03,13.0,2020-06-03,225.21,CLOSED,13.03,39.0,33.0,100.0
-,NKE,2020-03-10,USD,88.3,2020-07-13,97.39,10.29,21.0,2020-05-26,97.39,CLOSED,10.29,34.0,62.0,100.0
-,XAR,2020-03-10,USD,92.11,2020-08-03,98.76,7.22,12.0,2020-06-05,98.76,CLOSED,7.22,21.0,60.0,100.0
-,RIO,2020-03-10,USD,45.8,2020-07-13,55.79,21.81,44.0,2020-06-02,55.79,CLOSED,21.81,65.0,67.0,100.0
-,XAR,2020-03-10,USD,92.11,2020-08-06,100.63,9.25,16.0,2020-06-08,100.63,CLOSED,9.25,26.0,60.0,100.0
-,NKE,2020-03-10,USD,88.3,2020-07-16,95.81,8.51,17.0,2020-05-26,95.81,CLOSED,8.51,28.0,60.0,100.0
-,NKE,2020-03-10,USD,88.3,2020-05-24,93.49,5.88,20.0,2020-05-19,93.49,CLOSED,5.88,21.0,93.0,100.0
-,HSBC,2020-03-10,USD,31.67,2020-05-12,33.51,5.81,23.0,2020-05-12,25.03,CLOSED,-20.97,-84.0,100.0,-361.0
-,DIS,2020-03-10,USD,111.46,2020-09-29,120.42,8.04,10.0,2020-05-20,120.42,CLOSED,8.04,29.0,35.0,100.0
-,ITA,2020-03-10,USD,183.31,2020-10-28,202.78,10.62,12.0,2020-10-28,149.45,CLOSED,-18.47,-20.0,100.0,-174.0
-,NKE,2020-03-10,USD,88.3,2020-05-22,93.04,5.37,19.0,2020-05-19,93.04,CLOSED,5.37,19.0,96.0,100.0
-,TSLA,2020-03-10,USD,645.0,2020-07-25,728.2,12.9,24.0,2020-04-14,728.2,CLOSED,12.9,93.0,26.0,100.0
-,MA,2020-03-10,USD,280.57,2020-05-14,291.04,3.73,14.0,2020-05-14,277.31,CLOSED,-1.16,-4.0,100.0,-31.0
-,QQQ,2020-03-10,USD,204.11,2021-01-20,223.36,9.43,8.0,2020-05-08,223.36,CLOSED,9.43,40.0,19.0,100.0
-,DIS,2020-03-10,USD,111.46,2020-08-26,119.67,7.37,11.0,2020-05-18,119.67,CLOSED,7.37,27.0,41.0,100.0
-,MA,2020-03-10,USD,280.57,2020-05-19,296.76,5.77,21.0,2020-05-19,296.76,CLOSED,5.77,21.0,100.0,100.0
-,KO,2020-03-10,USD,53.66,2020-08-27,55.93,4.23,6.0,2020-08-27,48.23,CLOSED,-10.12,-15.0,100.0,-239.0
-,ITA,2020-03-10,USD,183.31,2020-05-08,190.73,4.05,17.0,2020-05-08,151.76,CLOSED,-17.21,-74.0,100.0,-425.0
-,RIO,2020-03-10,USD,45.8,2021-01-28,58.44,27.6,21.0,2020-06-10,58.44,CLOSED,27.6,76.0,28.0,100.0
-,RIO,2020-03-10,USD,45.8,2021-01-28,64.08,39.91,31.0,2020-08-05,64.08,CLOSED,39.91,68.0,46.0,100.0
-,STW,2020-03-10,USD,55.55,2021-01-10,63.34,14.02,12.0,2020-12-11,61.84,OPEN,11.32,10.0,90.0,81.0
-,KO,2020-03-10,USD,53.66,2021-02-10,59.66,11.18,8.0,2020-12-11,53.35,OPEN,-0.58,-1.0,82.0,-5.0
-,MA,2020-03-10,USD,280.57,2021-02-17,394.76,40.7,30.0,2020-12-11,327.42,OPEN,16.7,15.0,80.0,41.0
-,ITA,2020-03-10,USD,183.31,2021-01-10,234.11,27.71,23.0,2020-12-11,96.23,OPEN,-47.5,-43.0,90.0,-171.0
-,ASX-AGL,2020-03-11,AUD,18.1,2020-07-03,19.71,8.9,20.0,2020-07-03,17.01,CLOSED,-6.02,-13.0,100.0,-68.0
-,ASX-ORG,2020-03-11,AUD,6.0,2020-04-24,6.54,9.0,52.0,2020-04-24,4.75,CLOSED,-20.83,-119.0,100.0,-231.0
-,ASX-AGL,2020-03-11,AUD,18.1,2020-08-13,19.3,6.63,11.0,2020-08-13,14.86,CLOSED,-17.9,-29.0,100.0,-270.0
-,ASX-ORG,2020-03-11,AUD,6.0,2020-05-11,6.51,8.5,35.0,2020-05-11,5.47,CLOSED,-8.83,-36.0,100.0,-104.0
-,ASX-NAN,2020-03-11,AUD,5.8,2021-02-04,7.15,23.28,18.0,2020-05-26,7.15,CLOSED,23.28,77.0,23.0,100.0
-,ASX-ORG,2020-03-11,AUD,6.0,2020-05-16,6.38,6.33,24.0,2020-05-15,5.28,CLOSED,-12.0,-47.0,98.0,-189.0
-,ASX-NAN,2020-03-11,AUD,5.8,2020-05-22,6.33,9.14,32.0,2020-03-31,6.33,CLOSED,9.14,115.0,28.0,100.0
-,ASX-NAN,2020-03-11,AUD,5.8,2020-09-13,6.42,10.69,14.0,2020-03-31,6.42,CLOSED,10.69,135.0,11.0,100.0
-,ASX-CTX,2020-03-11,AUD,27.53,2021-03-10,34.45,25.14,17.0,2020-05-18,25.32,OPEN,-8.03,-30.0,19.0,-32.0
-,ASX-ABP,2020-03-12,AUD,3.1,2020-06-08,3.72,20.0,57.0,2020-06-05,2.6636,CLOSED,-14.08,-42.0,97.0,-70.0
-,ASX-BEN,2020-03-13,AUD,6.74,2020-07-29,7.81,15.88,29.0,2020-06-09,7.81,CLOSED,15.88,45.0,64.0,100.0
-,ASX-BOQ,2020-03-13,AUD,6.01,2020-04-16,6.64,10.48,78.0,2020-04-16,4.82,CLOSED,-19.8,-147.0,100.0,-189.0
-,ASX-BOQ,2020-03-13,AUD,6.01,2020-07-09,6.42,6.82,15.0,2020-06-09,6.42,CLOSED,6.82,20.0,75.0,100.0
-,STW,2020-03-13,USD,51.99,2020-10-17,55.14,6.06,7.0,2020-06-03,55.14,CLOSED,6.06,19.0,38.0,100.0
-,STW,2020-03-13,USD,51.99,2021-01-13,59.28,14.02,12.0,2020-11-10,59.28,CLOSED,14.02,15.0,79.0,100.0
-,STW,2020-03-13,USD,51.99,2021-01-02,58.19,11.93,10.0,2020-11-09,58.19,CLOSED,11.93,12.0,82.0,100.0
-,ASX-AGL,2020-03-13,AUD,17.17,2020-06-09,19.28,12.29,35.0,2020-06-09,17.46,CLOSED,1.69,5.0,100.0,14.0
-,ASX-AGL,2020-03-13,AUD,17.17,2020-06-24,19.3,12.41,30.0,2020-06-24,16.63,CLOSED,-3.15,-8.0,100.0,-25.0
-,ASX-REA,2020-03-13,AUD,92.88,2020-12-21,124.55,34.1,30.0,2020-10-15,124.55,CLOSED,34.1,40.0,76.0,100.0
-,ASX-REA,2020-03-13,AUD,92.88,2020-12-04,128.32,38.16,36.0,2020-11-05,128.32,CLOSED,38.16,41.0,89.0,100.0
-,STW,2020-03-13,USD,51.99,2020-08-31,55.87,7.46,11.0,2020-06-04,55.87,CLOSED,7.46,23.0,49.0,100.0
-,ASX-REA,2020-03-13,AUD,92.88,2021-01-14,130.63,40.64,33.0,2020-11-06,130.63,CLOSED,40.64,43.0,78.0,100.0
-,ASX-REA,2020-03-13,AUD,92.88,2020-11-17,130.85,40.88,41.0,2020-11-06,130.85,CLOSED,40.88,43.0,96.0,100.0
-,ASX-AGL,2020-03-13,AUD,17.17,2020-07-05,18.69,8.85,20.0,2020-07-03,17.01,CLOSED,-0.93,-2.0,98.0,-11.0
-,STW,2020-03-13,USD,51.99,2020-12-29,56.74,9.14,8.0,2020-06-09,56.74,CLOSED,9.14,26.0,30.0,100.0
-,ASX-AGL,2020-03-13,AUD,17.17,2020-07-10,18.73,9.09,19.0,2020-07-10,16.34,CLOSED,-4.83,-10.0,100.0,-53.0
-,STW,2020-03-13,USD,51.99,2020-11-22,55.74,7.21,7.0,2020-06-04,55.74,CLOSED,7.21,22.0,33.0,100.0
-,ASX-BHP,2020-03-13,AUD,26.72,2020-08-19,31.16,16.62,26.0,2020-04-06,31.16,CLOSED,16.62,175.0,15.0,100.0
-,STW,2020-03-13,USD,51.99,2020-09-06,54.93,5.65,8.0,2020-05-28,54.93,CLOSED,5.65,19.0,43.0,100.0
-,ASX-REA,2020-03-13,AUD,92.88,2020-07-14,106.14,14.28,29.0,2020-06-04,106.14,CLOSED,14.28,43.0,67.0,100.0
-,ASX-AGL,2020-03-13,AUD,17.17,2020-08-15,18.31,6.64,11.0,2020-08-14,14.82,CLOSED,-13.69,-22.0,99.0,-206.0
-,ASX-REA,2020-03-13,AUD,92.88,2020-07-24,106.04,14.17,27.0,2020-06-04,106.04,CLOSED,14.17,43.0,62.0,100.0
-,ASX-BEN,2020-03-13,AUD,6.74,2020-08-17,7.26,7.72,12.0,2020-06-05,7.26,CLOSED,7.72,23.0,54.0,100.0
-,ASX-AGL,2020-03-13,AUD,17.17,2020-04-30,18.55,8.04,42.0,2020-04-30,16.4,CLOSED,-4.48,-24.0,100.0,-56.0
-,ASX-BEN,2020-03-13,AUD,6.74,2020-05-02,7.59,12.61,64.0,2020-05-01,6.01,CLOSED,-10.83,-56.0,98.0,-86.0
-,ASX-ABP,2020-03-13,AUD,3.05,2020-06-09,3.66,20.0,57.0,2020-06-09,2.7217,CLOSED,-10.76,-31.0,100.0,-54.0
-,ASX-BOQ,2020-03-13,AUD,6.01,2020-07-24,6.41,6.66,13.0,2020-06-09,6.41,CLOSED,6.66,19.0,66.0,100.0
-,STW,2020-03-13,USD,51.99,2020-05-24,53.48,2.87,10.0,2020-05-22,51.0,CLOSED,-1.9,-7.0,97.0,-66.0
-,ASX-NAN,2020-03-13,AUD,6.04,2020-05-24,6.59,9.11,32.0,2020-04-02,6.59,CLOSED,9.11,115.0,28.0,100.0
-,ASX-BOQ,2020-03-13,AUD,6.01,2020-05-10,6.3,4.83,21.0,2020-05-08,4.74,CLOSED,-21.13,-95.0,97.0,-438.0
-,ASX-BEN,2020-03-13,AUD,6.74,2020-05-09,7.19,6.68,30.0,2020-05-08,5.89,CLOSED,-12.61,-57.0,98.0,-189.0
-,ASX-NAN,2020-03-13,AUD,6.04,2020-09-15,6.69,10.76,15.0,2020-04-17,6.69,CLOSED,10.76,77.0,19.0,100.0
-,ASX-BOQ,2020-03-13,AUD,6.01,2020-08-01,6.35,5.66,10.0,2020-06-09,6.35,CLOSED,5.66,16.0,62.0,100.0
-,ASX-BOQ,2020-03-13,AUD,6.01,2020-06-21,6.23,3.66,9.0,2020-06-09,6.23,CLOSED,3.66,10.0,88.0,100.0
-,STW,2020-03-13,USD,51.99,2020-04-26,53.07,2.08,12.0,2020-04-24,48.59,CLOSED,-6.54,-39.0,95.0,-315.0
-,STW,2020-03-13,USD,51.99,2020-07-29,52.54,1.06,2.0,2020-05-26,52.54,CLOSED,1.06,4.0,54.0,100.0
-,STW,2020-03-13,USD,51.99,2020-06-03,53.27,2.46,8.0,2020-05-26,53.27,CLOSED,2.46,8.0,90.0,100.0
-,0175.HK,2020-03-13,HKD,12.86,2021-01-04,17.34,34.84,30.0,2020-07-07,17.34,CLOSED,34.84,76.0,39.0,100.0
-,NKE,2020-03-13,USD,75.58,2021-01-28,91.97,21.69,17.0,2020-05-19,91.97,CLOSED,21.69,82.0,21.0,100.0
-,V,2020-03-13,USD,175.83,2020-08-28,207.67,18.11,27.0,2020-08-25,207.67,CLOSED,18.11,28.0,98.0,100.0
-,NKE,2020-03-13,USD,75.58,2021-02-01,93.87,24.2,19.0,2020-05-21,93.87,CLOSED,24.2,88.0,21.0,100.0
-,XAR,2020-03-13,USD,80.63,2020-11-07,93.29,15.7,17.0,2020-06-03,93.29,CLOSED,15.7,48.0,34.0,100.0
-,LULU,2020-03-13,USD,176.75,2021-03-07,262.65,48.6,34.0,2020-05-21,262.65,CLOSED,48.6,177.0,19.0,100.0
-,LMT,2020-03-13,USD,328.59,2020-04-30,365.52,11.24,59.0,2020-04-06,365.52,CLOSED,11.24,118.0,50.0,100.0
-,LMT,2020-03-13,USD,328.59,2020-05-31,370.58,12.78,41.0,2020-04-07,370.58,CLOSED,12.78,129.0,32.0,100.0
-,LMT,2020-03-13,USD,328.59,2020-05-28,375.35,14.23,47.0,2020-04-07,375.35,CLOSED,14.23,143.0,33.0,100.0
-,LMT,2020-03-13,USD,328.59,2020-11-01,427.0,29.95,32.0,2020-10-30,350.13,CLOSED,6.56,7.0,99.0,22.0
-,NKE,2020-03-13,USD,75.58,2020-05-03,79.32,4.95,24.0,2020-03-25,79.32,CLOSED,4.95,104.0,24.0,100.0
-,NKE,2020-03-13,USD,75.58,2020-05-31,80.61,6.66,21.0,2020-03-25,80.61,CLOSED,6.66,140.0,15.0,100.0
-,NKE,2020-03-13,USD,75.58,2020-07-23,82.5,9.16,17.0,2020-03-25,82.5,CLOSED,9.16,192.0,9.0,100.0
-,NKE,2020-03-13,USD,75.58,2020-05-18,84.08,11.25,43.0,2020-03-26,84.08,CLOSED,11.25,218.0,20.0,100.0
-,NKE,2020-03-13,USD,75.58,2020-07-26,85.79,13.51,25.0,2020-03-26,85.79,CLOSED,13.51,262.0,10.0,100.0
-,NKE,2020-03-13,USD,75.58,2020-12-10,104.01,37.62,35.0,2020-06-03,104.01,CLOSED,37.62,116.0,30.0,100.0
-,NKE,2020-03-13,USD,75.58,2020-11-28,103.76,37.28,36.0,2020-06-03,103.76,CLOSED,37.28,115.0,32.0,100.0
-,XAR,2020-03-13,USD,80.63,2020-06-10,94.85,17.64,50.0,2020-06-04,94.85,CLOSED,17.64,54.0,93.0,100.0
-,XAR,2020-03-13,USD,80.63,2020-05-24,96.05,19.12,67.0,2020-05-22,80.85,CLOSED,0.27,1.0,97.0,1.0
-,XAR,2020-03-13,USD,80.63,2020-04-09,87.67,8.73,81.0,2020-04-09,80.7,CLOSED,0.09,1.0,100.0,1.0
-,XAR,2020-03-13,USD,80.63,2020-05-20,98.74,22.46,83.0,2020-05-20,79.77,CLOSED,-1.07,-4.0,100.0,-5.0
-,XAR,2020-03-13,USD,80.63,2020-09-06,108.59,34.68,49.0,2020-09-04,89.82,CLOSED,11.4,16.0,99.0,33.0
-,LULU,2020-03-13,USD,176.75,2020-04-26,194.3,9.93,57.0,2020-03-24,194.3,CLOSED,9.93,227.0,25.0,100.0
-,FB,2020-03-13,USD,170.28,2020-05-09,189.67,11.39,50.0,2020-04-24,189.67,CLOSED,11.39,68.0,74.0,100.0
-,FB,2020-03-13,USD,170.28,2020-05-31,213.89,25.61,82.0,2020-05-11,213.89,CLOSED,25.61,109.0,75.0,100.0
-,FB,2020-03-13,USD,170.28,2020-08-17,246.17,44.57,72.0,2020-07-07,246.17,CLOSED,44.57,97.0,74.0,100.0
-,DIS,2020-03-13,USD,102.52,2020-04-26,113.27,10.49,60.0,2020-04-24,101.19,CLOSED,-1.3,-8.0,95.0,-12.0
-,DIS,2020-03-13,USD,102.52,2020-07-07,132.18,28.93,63.0,2020-07-07,113.63,CLOSED,10.84,24.0,100.0,37.0
-,DIS,2020-03-13,USD,102.52,2020-07-06,134.67,31.36,69.0,2020-07-06,114.43,CLOSED,11.62,25.0,100.0,37.0
-,DIS,2020-03-13,USD,102.52,2020-11-21,157.53,53.66,53.0,2020-11-20,141.07,CLOSED,37.6,38.0,100.0,70.0
-,MA,2020-03-13,USD,270.01,2020-11-11,348.85,29.2,30.0,2020-08-26,348.85,CLOSED,29.2,44.0,68.0,100.0
-,JNJ,2020-03-13,USD,134.29,2021-02-04,151.09,12.51,10.0,2020-04-17,151.09,CLOSED,12.51,90.0,11.0,100.0
-,XAR,2020-03-13,USD,80.63,2020-08-20,89.66,11.2,18.0,2020-05-28,89.66,CLOSED,11.2,37.0,48.0,100.0
-,V,2020-03-13,USD,175.83,2020-07-01,197.0,12.04,28.0,2020-05-28,197.0,CLOSED,12.04,40.0,69.0,100.0
-,AMZN,2020-03-13,USD,1785.0,2021-02-04,2899.2,62.42,48.0,2020-07-02,2899.2,CLOSED,62.42,142.0,34.0,100.0
-,DLR,2020-03-13,USD,143.34,2020-11-11,158.82,10.8,11.0,2020-07-30,158.82,CLOSED,10.8,20.0,57.0,100.0
-,GOOG,2020-03-13,USD,1219.73,2021-01-09,1516.12,24.3,20.0,2020-07-07,1516.12,CLOSED,24.3,53.0,38.0,100.0
-,LMT,2020-03-13,USD,328.59,2020-12-21,369.8,12.54,11.0,2020-04-06,369.8,CLOSED,12.54,132.0,8.0,100.0
-,KO,2020-03-13,USD,48.47,2021-02-13,53.89,11.18,8.0,2020-11-10,53.89,CLOSED,11.18,12.0,72.0,100.0
-,LULU,2020-03-13,USD,176.75,2021-02-27,274.21,55.14,40.0,2020-05-22,274.21,CLOSED,55.14,199.0,20.0,100.0
-,MA,2020-03-13,USD,270.01,2020-08-13,317.72,17.67,29.0,2020-08-05,317.72,CLOSED,17.67,31.0,95.0,100.0
-,MA,2020-03-13,USD,270.01,2020-12-05,369.37,36.8,35.0,2020-12-04,344.35,CLOSED,27.53,26.0,100.0,75.0
-,IXN,2020-03-13,USD,189.85,2020-12-23,214.47,12.97,11.0,2020-05-11,214.47,CLOSED,12.97,55.0,21.0,100.0
-,DIS,2020-03-13,USD,102.52,2020-06-04,113.39,10.6,32.0,2020-05-18,113.39,CLOSED,10.6,40.0,80.0,100.0
-,DIS,2020-03-13,USD,102.52,2021-02-10,115.61,12.77,10.0,2020-05-18,115.61,CLOSED,12.77,49.0,20.0,100.0
-,MA,2020-03-13,USD,270.01,2020-08-02,306.62,13.56,24.0,2020-05-28,306.62,CLOSED,13.56,45.0,54.0,100.0
-,LMT,2020-03-13,USD,328.59,2021-03-09,381.23,16.02,11.0,2020-04-07,381.23,CLOSED,16.02,161.0,7.0,100.0
-,AMZN,2020-03-13,USD,1785.0,2021-01-11,2643.23,48.08,40.0,2020-06-10,2643.23,CLOSED,48.08,136.0,29.0,100.0
-,V,2020-03-13,USD,175.83,2020-05-20,186.19,5.89,22.0,2020-05-18,186.19,CLOSED,5.89,22.0,97.0,100.0
-,IXN,2020-03-13,USD,189.85,2020-11-29,214.59,13.03,13.0,2020-05-11,214.59,CLOSED,13.03,56.0,23.0,100.0
-,NKE,2020-03-13,USD,75.58,2020-07-16,83.36,10.29,21.0,2020-03-25,83.36,CLOSED,10.29,216.0,10.0,100.0
-,GOOG,2020-03-13,USD,1219.73,2020-06-15,1350.24,10.7,29.0,2020-04-29,1350.24,CLOSED,10.7,57.0,50.0,100.0
-,LMT,2020-03-13,USD,328.59,2020-07-26,354.02,7.74,14.0,2020-03-27,354.02,CLOSED,7.74,139.0,10.0,100.0
-,JNJ,2020-03-13,USD,134.29,2020-07-30,142.55,6.15,11.0,2020-04-08,142.55,CLOSED,6.15,60.0,19.0,100.0
-,GOOG,2020-03-13,USD,1219.73,2020-12-21,1479.78,21.32,19.0,2020-07-02,1479.78,CLOSED,21.32,48.0,39.0,100.0
-,GOOG,2020-03-13,USD,1219.73,2020-06-26,1337.8,9.68,23.0,2020-04-29,1337.8,CLOSED,9.68,52.0,45.0,100.0
-,MCD,2020-03-13,USD,177.13,2021-01-16,209.78,18.43,15.0,2020-08-18,209.78,CLOSED,18.43,29.0,51.0,100.0
-,MCD,2020-03-13,USD,177.13,2020-07-15,189.9,7.21,15.0,2020-04-28,189.9,CLOSED,7.21,39.0,37.0,100.0
-,XAR,2020-03-13,USD,80.63,2020-08-06,86.45,7.22,12.0,2020-05-27,86.45,CLOSED,7.22,24.0,51.0,100.0
-,LMT,2020-03-13,USD,328.59,2020-08-06,357.24,8.72,15.0,2020-03-27,357.24,CLOSED,8.72,157.0,10.0,100.0
-,XAR,2020-03-13,USD,80.63,2020-08-09,88.09,9.25,16.0,2020-05-27,88.09,CLOSED,9.25,31.0,50.0,100.0
-,MCD,2020-03-13,USD,177.13,2021-02-20,202.9,14.55,11.0,2020-08-06,202.9,CLOSED,14.55,25.0,42.0,100.0
-,NKE,2020-03-13,USD,75.58,2020-07-19,82.01,8.51,17.0,2020-03-25,82.01,CLOSED,8.51,179.0,9.0,100.0
-,NKE,2020-03-13,USD,75.58,2020-05-27,80.02,5.87,20.0,2020-03-25,80.02,CLOSED,5.87,123.0,16.0,100.0
-,QQQ,2020-03-13,USD,192.34,2021-03-03,208.54,8.42,6.0,2020-04-14,208.54,CLOSED,8.42,66.0,9.0,100.0
-,HSBC,2020-03-13,USD,29.9,2020-05-15,31.64,5.82,23.0,2020-05-15,24.33,CLOSED,-18.63,-75.0,100.0,-320.0
-,DIS,2020-03-13,USD,102.52,2020-10-02,110.76,8.04,10.0,2020-04-29,110.76,CLOSED,8.04,43.0,23.0,100.0
-,LMT,2020-03-13,USD,328.59,2020-05-10,350.18,6.57,29.0,2020-03-26,350.18,CLOSED,6.57,127.0,22.0,100.0
-,ITA,2020-03-13,USD,157.38,2020-10-31,174.09,10.62,12.0,2020-06-03,174.09,CLOSED,10.62,33.0,35.0,100.0
-,MCD,2020-03-13,USD,177.13,2020-07-22,188.13,6.21,12.0,2020-04-27,188.13,CLOSED,6.21,35.0,34.0,100.0
-,NKE,2020-03-13,USD,75.58,2020-05-25,79.64,5.37,19.0,2020-03-25,79.64,CLOSED,5.37,113.0,16.0,100.0
-,LMT,2020-03-13,USD,328.59,2020-05-08,345.35,5.1,23.0,2020-03-26,345.35,CLOSED,5.1,99.0,23.0,100.0
-,MA,2020-03-13,USD,270.01,2020-05-17,280.08,3.73,14.0,2020-04-07,280.08,CLOSED,3.73,38.0,38.0,100.0
-,GOOG,2020-03-13,USD,1219.73,2020-05-13,1292.18,5.94,25.0,2020-04-17,1292.18,CLOSED,5.94,43.0,57.0,100.0
-,LMT,2020-03-13,USD,328.59,2020-05-05,340.88,3.74,18.0,2020-03-26,340.88,CLOSED,3.74,72.0,25.0,100.0
-,QQQ,2020-03-13,USD,192.34,2021-01-23,210.48,9.43,8.0,2020-04-14,210.48,CLOSED,9.43,74.0,10.0,100.0
-,MSFT,2020-03-13,USD,158.83,2020-08-05,170.84,7.56,13.0,2020-04-14,170.84,CLOSED,7.56,60.0,22.0,100.0
-,BA,2020-03-13,USD,170.2,2021-02-05,225.94,32.75,25.0,2020-06-08,225.94,CLOSED,32.75,95.0,26.0,100.0
-,JNJ,2020-03-13,USD,134.29,2020-05-26,140.12,4.34,15.0,2020-04-06,140.12,CLOSED,4.34,46.0,32.0,100.0
-,DIS,2020-03-13,USD,102.52,2020-08-29,110.08,7.37,11.0,2020-04-29,110.08,CLOSED,7.37,40.0,28.0,100.0
-,MA,2020-03-13,USD,270.01,2020-05-22,285.59,5.77,21.0,2020-05-18,285.59,CLOSED,5.77,22.0,94.0,100.0
-,KO,2020-03-13,USD,48.47,2020-08-30,50.52,4.23,6.0,2020-08-28,49.83,CLOSED,2.81,4.0,99.0,66.0
-,MCD,2020-03-13,USD,177.13,2020-05-27,180.48,1.89,6.0,2020-04-07,180.48,CLOSED,1.89,19.0,33.0,100.0
-,ITA,2020-03-13,USD,157.38,2020-05-11,163.75,4.05,17.0,2020-05-11,149.57,CLOSED,-4.96,-21.0,100.0,-123.0
-,LMT,2020-03-13,USD,328.59,2020-04-30,361.02,9.87,52.0,2020-03-27,361.02,CLOSED,9.87,178.0,29.0,100.0
-,ASX-NAN,2020-03-13,AUD,6.04,2021-02-06,7.45,23.34,18.0,2020-12-11,7.08,OPEN,17.22,16.0,83.0,74.0
-,MA,2020-03-13,USD,270.01,2021-02-20,379.9,40.7,30.0,2020-12-11,327.42,OPEN,21.26,20.0,79.0,52.0
-,ITA,2020-03-13,USD,157.38,2021-01-13,200.99,27.71,23.0,2020-12-11,96.23,OPEN,-38.86,-36.0,89.0,-140.0
-,0386.HK,2020-03-16,HKD,3.72,2021-03-15,4.81,29.3,20.0,2020-12-11,3.47,OPEN,-6.72,-6.0,74.0,-23.0
-,ASX-BEN,2020-03-17,AUD,6.4,2020-08-02,7.42,15.94,29.0,2020-06-09,7.42,CLOSED,15.94,48.0,61.0,100.0
-,ASX-BOQ,2020-03-17,AUD,5.48,2020-04-20,6.05,10.4,77.0,2020-04-20,4.8,CLOSED,-12.41,-92.0,100.0,-119.0
-,ASX-BOQ,2020-03-17,AUD,5.48,2020-07-13,5.86,6.93,15.0,2020-06-05,5.86,CLOSED,6.93,22.0,68.0,100.0
-,STW,2020-03-17,USD,49.54,2020-10-21,52.54,6.06,7.0,2020-05-26,52.54,CLOSED,6.06,22.0,32.0,100.0
-,STW,2020-03-17,USD,49.54,2021-01-17,56.49,14.03,12.0,2020-06-09,56.49,CLOSED,14.03,42.0,27.0,100.0
-,STW,2020-03-17,USD,49.54,2021-01-06,55.45,11.93,10.0,2020-06-04,55.45,CLOSED,11.93,38.0,27.0,100.0
-,ASX-AGL,2020-03-17,AUD,16.72,2020-06-13,18.78,12.32,35.0,2020-06-12,16.89,CLOSED,1.02,3.0,99.0,8.0
-,ASX-AGL,2020-03-17,AUD,16.72,2020-06-28,18.79,12.38,30.0,2020-06-26,16.35,CLOSED,-2.21,-6.0,98.0,-18.0
-,ASX-REA,2020-03-17,AUD,82.39,2020-12-25,110.48,34.09,30.0,2020-06-23,110.48,CLOSED,34.09,88.0,35.0,100.0
-,ASX-REA,2020-03-17,AUD,82.39,2020-12-08,113.83,38.16,36.0,2020-08-07,113.83,CLOSED,38.16,67.0,54.0,100.0
-,STW,2020-03-17,USD,49.54,2020-09-04,53.24,7.47,11.0,2020-05-26,53.24,CLOSED,7.47,27.0,41.0,100.0
-,ASX-REA,2020-03-17,AUD,82.39,2021-01-18,115.87,40.64,33.0,2020-08-11,115.87,CLOSED,40.64,70.0,48.0,100.0
-,ASX-REA,2020-03-17,AUD,82.39,2020-11-21,116.07,40.88,41.0,2020-08-11,116.07,CLOSED,40.88,70.0,59.0,100.0
-,ASX-AGL,2020-03-17,AUD,16.72,2020-07-09,18.2,8.85,20.0,2020-07-09,16.41,CLOSED,-1.85,-4.0,100.0,-21.0
-,STW,2020-03-17,USD,49.54,2021-01-02,54.06,9.12,8.0,2020-05-27,54.06,CLOSED,9.12,32.0,24.0,100.0
-,ASX-AGL,2020-03-17,AUD,16.72,2020-07-14,18.23,9.03,19.0,2020-07-14,16.73,CLOSED,0.06,0.0,100.0,1.0
-,STW,2020-03-17,USD,49.54,2020-11-26,53.12,7.23,7.0,2020-05-26,53.12,CLOSED,7.23,26.0,28.0,100.0
-,ASX-BHP,2020-03-17,AUD,28.21,2020-08-23,32.89,16.59,26.0,2020-05-19,32.89,CLOSED,16.59,66.0,40.0,100.0
-,STW,2020-03-17,USD,49.54,2020-09-10,52.34,5.65,8.0,2020-05-26,52.34,CLOSED,5.65,20.0,40.0,100.0
-,ASX-REA,2020-03-17,AUD,82.39,2020-07-18,94.16,14.29,29.0,2020-05-08,94.16,CLOSED,14.29,69.0,42.0,100.0
-,ASX-AGL,2020-03-17,AUD,16.72,2020-08-19,17.83,6.64,11.0,2020-08-19,14.97,CLOSED,-10.47,-17.0,100.0,-158.0
-,ASX-REA,2020-03-17,AUD,82.39,2020-07-28,94.06,14.16,27.0,2020-05-08,94.06,CLOSED,14.16,69.0,39.0,100.0
-,ASX-BEN,2020-03-17,AUD,6.4,2020-08-21,6.89,7.66,12.0,2020-06-04,6.89,CLOSED,7.66,24.0,50.0,100.0
-,ASX-AGL,2020-03-17,AUD,16.72,2020-05-04,18.07,8.07,42.0,2020-05-04,15.8,CLOSED,-5.5,-29.0,100.0,-68.0
-,ASX-BEN,2020-03-17,AUD,6.4,2020-05-06,7.21,12.66,64.0,2020-05-06,6.01,CLOSED,-6.09,-31.0,100.0,-48.0
-,ASX-ABP,2020-03-17,AUD,2.65,2020-06-13,3.18,20.0,57.0,2020-06-12,2.5474,CLOSED,-3.87,-11.0,99.0,-19.0
-,ASX-BOQ,2020-03-17,AUD,5.48,2020-07-28,5.85,6.75,13.0,2020-06-05,5.85,CLOSED,6.75,21.0,60.0,100.0
-,STW,2020-03-17,USD,49.54,2020-05-28,50.96,2.87,10.0,2020-04-15,50.96,CLOSED,2.87,25.0,40.0,100.0
-,ASX-BOQ,2020-03-17,AUD,5.48,2020-05-14,5.74,4.74,21.0,2020-05-14,4.51,CLOSED,-17.7,-77.0,100.0,-373.0
-,ASX-BEN,2020-03-17,AUD,6.4,2020-05-13,6.83,6.72,30.0,2020-03-31,6.83,CLOSED,6.72,121.0,25.0,100.0
-,ASX-BOQ,2020-03-17,AUD,5.48,2020-08-05,5.79,5.66,10.0,2020-06-05,5.79,CLOSED,5.66,18.0,57.0,100.0
-,ASX-BOQ,2020-03-17,AUD,5.48,2020-06-25,5.68,3.65,9.0,2020-03-19,5.68,CLOSED,3.65,460.0,2.0,100.0
-,STW,2020-03-17,USD,49.54,2020-04-30,50.57,2.08,12.0,2020-04-14,50.57,CLOSED,2.08,19.0,64.0,100.0
-,STW,2020-03-17,USD,49.54,2020-08-02,50.06,1.05,2.0,2020-04-07,50.06,CLOSED,1.05,13.0,15.0,100.0
-,STW,2020-03-17,USD,49.54,2020-06-07,50.76,2.46,8.0,2020-04-14,50.76,CLOSED,2.46,22.0,34.0,100.0
-,0388.HK,2020-03-17,HKD,231.2,2020-12-27,273.56,18.32,16.0,2020-05-21,273.56,CLOSED,18.32,71.0,23.0,100.0
-,NKE,2020-03-17,USD,69.84,2021-02-01,84.98,21.68,17.0,2020-03-26,84.98,CLOSED,21.68,607.0,3.0,100.0
-,NKE,2020-03-17,USD,69.84,2021-02-05,86.74,24.2,19.0,2020-03-26,86.74,CLOSED,24.2,678.0,3.0,100.0
-,XAR,2020-03-17,USD,73.49,2020-11-11,85.03,15.7,17.0,2020-05-26,85.03,CLOSED,15.7,57.0,29.0,100.0
-,LULU,2020-03-17,USD,144.88,2021-03-11,215.29,48.6,34.0,2020-04-17,215.29,CLOSED,48.6,395.0,9.0,100.0
-,NKE,2020-03-17,USD,69.84,2020-05-07,73.3,4.95,24.0,2020-03-20,73.3,CLOSED,4.95,416.0,6.0,100.0
-,NKE,2020-03-17,USD,69.84,2020-06-04,74.49,6.66,21.0,2020-03-25,74.49,CLOSED,6.66,210.0,10.0,100.0
-,NKE,2020-03-17,USD,69.84,2020-07-27,76.24,9.16,17.0,2020-03-25,76.24,CLOSED,9.16,289.0,6.0,100.0
-,NKE,2020-03-17,USD,69.84,2020-05-22,77.69,11.24,43.0,2020-03-25,77.69,CLOSED,11.24,354.0,12.0,100.0
-,NKE,2020-03-17,USD,69.84,2020-07-30,79.28,13.52,25.0,2020-03-25,79.28,CLOSED,13.52,426.0,6.0,100.0
-,NKE,2020-03-17,USD,69.84,2020-12-14,96.11,37.61,35.0,2020-05-26,96.11,CLOSED,37.61,135.0,26.0,100.0
-,NKE,2020-03-17,USD,69.84,2020-12-02,95.88,37.29,36.0,2020-05-26,95.88,CLOSED,37.29,134.0,27.0,100.0
-,XAR,2020-03-17,USD,73.49,2020-06-14,86.45,17.64,50.0,2020-05-27,86.45,CLOSED,17.64,63.0,80.0,100.0
-,XAR,2020-03-17,USD,73.49,2020-05-28,87.55,19.13,67.0,2020-05-27,87.55,CLOSED,19.13,68.0,99.0,100.0
-,XAR,2020-03-17,USD,73.49,2020-04-13,79.91,8.74,82.0,2020-03-26,79.91,CLOSED,8.74,245.0,33.0,100.0
-,XAR,2020-03-17,USD,73.49,2020-05-24,90.0,22.47,83.0,2020-05-22,80.85,CLOSED,10.01,38.0,97.0,45.0
-,XAR,2020-03-17,USD,73.49,2020-09-10,98.98,34.68,49.0,2020-06-05,98.98,CLOSED,34.68,109.0,45.0,100.0
-,LULU,2020-03-17,USD,144.88,2020-04-30,159.27,9.93,57.0,2020-03-19,159.27,CLOSED,9.93,1251.0,5.0,100.0
-,IXN,2020-03-17,USD,174.11,2020-12-05,230.03,32.12,31.0,2020-06-05,230.03,CLOSED,32.12,101.0,30.0,100.0
-,XAR,2020-03-17,USD,73.49,2020-08-24,81.72,11.2,18.0,2020-03-26,81.72,CLOSED,11.2,314.0,6.0,100.0
-,KO,2020-03-17,USD,47.18,2021-02-17,52.45,11.17,8.0,2020-11-09,52.45,CLOSED,11.17,12.0,70.0,100.0
-,LULU,2020-03-17,USD,144.88,2021-03-03,224.77,55.14,40.0,2020-04-17,224.77,CLOSED,55.14,448.0,9.0,100.0
-,NKE,2020-03-17,USD,69.84,2020-07-20,77.03,10.29,21.0,2020-03-25,77.03,CLOSED,10.29,324.0,6.0,100.0
-,ITA,2020-03-17,USD,137.05,2020-04-25,155.46,13.43,87.0,2020-03-26,155.46,CLOSED,13.43,376.0,23.0,100.0
-,XAR,2020-03-17,USD,73.49,2020-08-10,78.8,7.23,12.0,2020-03-26,78.8,CLOSED,7.23,202.0,6.0,100.0
-,ITA,2020-03-17,USD,137.05,2021-01-17,175.03,27.71,23.0,2020-06-03,175.03,CLOSED,27.71,90.0,25.0,100.0
-,XAR,2020-03-17,USD,73.49,2020-08-13,80.29,9.25,16.0,2020-03-26,80.29,CLOSED,9.25,259.0,6.0,100.0
-,NKE,2020-03-17,USD,69.84,2020-07-23,75.78,8.51,17.0,2020-03-25,75.78,CLOSED,8.51,268.0,6.0,100.0
-,NKE,2020-03-17,USD,69.84,2020-05-31,73.95,5.88,20.0,2020-03-20,73.95,CLOSED,5.88,494.0,4.0,100.0
-,ITA,2020-03-17,USD,137.05,2020-11-04,151.6,10.62,12.0,2020-03-26,151.6,CLOSED,10.62,297.0,4.0,100.0
-,NKE,2020-03-17,USD,69.84,2020-05-29,73.59,5.37,19.0,2020-03-20,73.59,CLOSED,5.37,451.0,4.0,100.0
-,ITA,2020-03-17,USD,137.05,2021-02-16,187.48,36.8,28.0,2020-06-05,187.48,CLOSED,36.8,116.0,24.0,100.0
-,QQQ,2020-03-17,USD,182.14,2020-06-12,207.88,14.13,41.0,2020-04-14,207.88,CLOSED,14.13,127.0,32.0,100.0
-,QQQ,2020-03-17,USD,182.14,2020-05-21,198.2,8.82,34.0,2020-04-07,198.2,CLOSED,8.82,106.0,32.0,100.0
-,KO,2020-03-17,USD,47.18,2020-09-03,49.18,4.24,6.0,2020-04-09,49.18,CLOSED,4.24,46.0,14.0,100.0
-,ITA,2020-03-17,USD,137.05,2020-05-15,142.6,4.05,17.0,2020-03-25,142.6,CLOSED,4.05,128.0,14.0,100.0
-,FB,2020-03-18,USD,146.96,2020-05-14,163.7,11.39,50.0,2020-03-26,163.7,CLOSED,11.39,359.0,14.0,100.0
-,FB,2020-03-18,USD,146.96,2020-06-05,184.6,25.61,82.0,2020-04-22,184.6,CLOSED,25.61,184.0,44.0,100.0
-,FB,2020-03-18,USD,146.96,2020-08-22,212.46,44.57,72.0,2020-05-08,212.46,CLOSED,44.57,220.0,32.0,100.0
-,ASX-BOQ,2020-03-19,AUD,5.48,2020-04-22,6.05,10.4,77.0,2020-04-22,4.6,CLOSED,-16.06,-119.0,100.0,-154.0
-,ASX-BOQ,2020-03-19,AUD,5.48,2020-07-15,5.86,6.93,15.0,2020-06-05,5.86,CLOSED,6.93,22.0,66.0,100.0
-,ASX-CCL,2020-03-19,AUD,8.92,2020-06-30,9.64,8.07,20.0,2020-04-01,9.64,CLOSED,8.07,156.0,13.0,100.0
-,ASX-CCL,2020-03-19,AUD,8.92,2020-05-27,9.59,7.51,27.0,2020-04-01,9.59,CLOSED,7.51,146.0,19.0,100.0
-,ASX-BOQ,2020-03-19,AUD,5.48,2020-07-30,5.85,6.75,13.0,2020-06-05,5.85,CLOSED,6.75,22.0,59.0,100.0
-,ASX-BOQ,2020-03-19,AUD,5.48,2020-05-16,5.74,4.74,21.0,2020-05-15,4.63,CLOSED,-15.51,-69.0,98.0,-327.0
-,ASX-BOQ,2020-03-19,AUD,5.48,2020-08-07,5.79,5.66,10.0,2020-06-05,5.79,CLOSED,5.66,18.0,55.0,100.0
-,ASX-BOQ,2020-03-19,AUD,5.48,2020-06-27,5.68,3.65,9.0,2020-06-04,5.68,CLOSED,3.65,12.0,77.0,100.0
-,1038.HK,2020-03-19,HKD,38.85,2020-07-29,43.66,12.38,24.0,2020-04-06,43.66,CLOSED,12.38,173.0,14.0,100.0
-,1038.HK,2020-03-19,HKD,38.85,2020-10-29,46.75,20.33,23.0,2020-04-07,46.75,CLOSED,20.33,270.0,8.0,100.0
-,2282.HK,2020-03-19,HKD,7.64,2020-05-12,9.12,19.37,90.0,2020-04-09,9.12,CLOSED,19.37,232.0,39.0,100.0
-,2282.HK,2020-03-19,HKD,7.64,2020-06-15,9.26,21.2,61.0,2020-04-15,9.26,CLOSED,21.2,198.0,31.0,100.0
-,1038.HK,2020-03-19,HKD,38.85,2020-07-09,41.03,5.61,13.0,2020-03-31,41.03,CLOSED,5.61,118.0,11.0,100.0
-,NKE,2020-03-19,USD,70.34,2021-02-03,85.59,21.68,17.0,2020-03-26,85.59,CLOSED,21.68,780.0,2.0,100.0
-,NKE,2020-03-19,USD,70.34,2021-02-07,87.36,24.2,19.0,2020-04-07,87.36,CLOSED,24.2,321.0,6.0,100.0
-,TSLA,2020-03-19,USD,427.64,2020-11-05,621.83,45.41,50.0,2020-04-13,621.83,CLOSED,45.41,458.0,11.0,100.0
-,XAR,2020-03-19,USD,68.35,2020-11-13,79.08,15.7,17.0,2020-03-26,79.08,CLOSED,15.7,565.0,3.0,100.0
-,LULU,2020-03-19,USD,154.86,2021-03-13,230.12,48.6,34.0,2020-04-28,230.12,CLOSED,48.6,306.0,11.0,100.0
-,NKE,2020-03-19,USD,70.34,2020-05-09,73.82,4.95,24.0,2020-03-20,73.82,CLOSED,4.95,1247.0,2.0,100.0
-,NKE,2020-03-19,USD,70.34,2020-06-06,75.02,6.65,21.0,2020-03-25,75.02,CLOSED,6.65,279.0,8.0,100.0
-,NKE,2020-03-19,USD,70.34,2020-07-29,76.78,9.16,17.0,2020-03-25,76.78,CLOSED,9.16,385.0,5.0,100.0
-,NKE,2020-03-19,USD,70.34,2020-05-24,78.25,11.25,43.0,2020-03-25,78.25,CLOSED,11.25,472.0,9.0,100.0
-,NKE,2020-03-19,USD,70.34,2020-08-01,79.84,13.51,25.0,2020-03-25,79.84,CLOSED,13.51,567.0,4.0,100.0
-,NKE,2020-03-19,USD,70.34,2020-12-16,96.8,37.62,35.0,2020-05-26,96.8,CLOSED,37.62,139.0,25.0,100.0
-,NKE,2020-03-19,USD,70.34,2020-12-04,96.57,37.29,36.0,2020-05-26,96.57,CLOSED,37.29,138.0,26.0,100.0
-,XAR,2020-03-19,USD,68.35,2020-06-16,80.4,17.63,50.0,2020-03-26,80.4,CLOSED,17.63,635.0,8.0,100.0
-,XAR,2020-03-19,USD,68.35,2020-05-30,81.43,19.14,67.0,2020-03-26,81.43,CLOSED,19.14,689.0,10.0,100.0
-,XAR,2020-03-19,USD,68.35,2020-04-15,74.32,8.73,81.0,2020-03-25,74.32,CLOSED,8.73,367.0,22.0,100.0
-,XAR,2020-03-19,USD,68.35,2020-05-26,83.7,22.46,83.0,2020-04-29,83.7,CLOSED,22.46,138.0,60.0,100.0
-,XAR,2020-03-19,USD,68.35,2020-09-12,92.05,34.67,49.0,2020-06-03,92.05,CLOSED,34.67,115.0,43.0,100.0
-,LULU,2020-03-19,USD,154.86,2020-05-02,170.24,9.93,57.0,2020-03-20,170.24,CLOSED,9.93,2502.0,2.0,100.0
-,FB,2020-03-19,USD,153.13,2020-05-15,170.57,11.39,50.0,2020-03-31,170.57,CLOSED,11.39,239.0,21.0,100.0
-,FB,2020-03-19,USD,153.13,2020-06-06,192.35,25.61,82.0,2020-04-27,192.35,CLOSED,25.61,165.0,49.0,100.0
-,FB,2020-03-19,USD,153.13,2020-08-23,221.38,44.57,72.0,2020-05-20,221.38,CLOSED,44.57,181.0,39.0,100.0
-,XAR,2020-03-19,USD,68.35,2020-08-26,76.01,11.21,18.0,2020-03-25,76.01,CLOSED,11.21,471.0,4.0,100.0
-,TSLA,2020-03-19,USD,427.64,2020-07-03,521.68,21.99,52.0,2020-03-25,521.68,CLOSED,21.99,924.0,6.0,100.0
-,LULU,2020-03-19,USD,154.86,2021-03-05,240.25,55.14,40.0,2020-05-11,240.25,CLOSED,55.14,262.0,15.0,100.0
-,TSLA,2020-03-19,USD,427.64,2020-12-30,582.7,36.26,32.0,2020-04-13,582.7,CLOSED,36.26,366.0,9.0,100.0
-,DIS,2020-03-19,USD,94.93,2020-06-10,104.99,10.6,32.0,2020-03-25,104.99,CLOSED,10.6,445.0,7.0,100.0
-,DIS,2020-03-19,USD,94.93,2021-02-16,107.05,12.77,10.0,2020-03-26,107.05,CLOSED,12.77,460.0,2.0,100.0
-,TSLA,2020-03-19,USD,427.64,2020-05-14,498.29,16.52,74.0,2020-03-24,498.29,CLOSED,16.52,833.0,9.0,100.0
-,NKE,2020-03-19,USD,70.34,2020-07-22,77.59,10.31,21.0,2020-03-25,77.59,CLOSED,10.31,433.0,5.0,100.0
-,XAR,2020-03-19,USD,68.35,2020-08-12,73.28,7.21,12.0,2020-03-25,73.28,CLOSED,7.21,303.0,4.0,100.0
-,ITA,2020-03-19,USD,125.55,2021-01-19,160.34,27.71,23.0,2020-04-29,160.34,CLOSED,27.71,170.0,13.0,100.0
-,XAR,2020-03-19,USD,68.35,2020-08-15,74.67,9.25,16.0,2020-03-25,74.67,CLOSED,9.25,388.0,4.0,100.0
-,NKE,2020-03-19,USD,70.34,2020-07-25,76.33,8.52,17.0,2020-03-25,76.33,CLOSED,8.52,358.0,5.0,100.0
-,NKE,2020-03-19,USD,70.34,2020-06-02,74.48,5.89,20.0,2020-03-25,74.48,CLOSED,5.89,247.0,8.0,100.0
-,TSLA,2020-03-19,USD,427.64,2020-05-12,512.14,19.76,92.0,2020-03-24,512.14,CLOSED,19.76,996.0,9.0,100.0
-,DIS,2020-03-19,USD,94.93,2020-10-08,102.56,8.04,10.0,2020-03-25,102.56,CLOSED,8.04,338.0,3.0,100.0
-,ITA,2020-03-19,USD,125.55,2020-11-06,138.88,10.62,12.0,2020-03-25,138.88,CLOSED,10.62,446.0,3.0,100.0
-,NKE,2020-03-19,USD,70.34,2020-05-31,74.12,5.37,19.0,2020-03-25,74.12,CLOSED,5.37,226.0,8.0,100.0
-,TSLA,2020-03-19,USD,427.64,2020-08-03,482.81,12.9,24.0,2020-03-24,482.81,CLOSED,12.9,650.0,4.0,100.0
-,DIS,2020-03-19,USD,94.93,2020-09-04,101.93,7.37,11.0,2020-03-25,101.93,CLOSED,7.37,310.0,4.0,100.0
-,ITA,2020-03-19,USD,125.55,2020-05-17,130.63,4.05,17.0,2020-03-24,130.63,CLOSED,4.05,204.0,8.0,100.0
-,ASX-VCX,2020-03-20,AUD,1.14,2021-01-09,1.35,18.42,16.0,2020-04-09,1.35,CLOSED,18.42,232.0,7.0,100.0
-,ASX-VCX,2020-03-20,AUD,1.14,2021-01-09,1.29,13.16,11.0,2020-04-08,1.29,CLOSED,13.16,175.0,6.0,100.0
-,ASX-BEN,2020-03-20,AUD,6.45,2020-08-05,7.48,15.97,29.0,2020-06-09,7.48,CLOSED,15.97,50.0,59.0,100.0
-,ASX-REA,2020-03-20,AUD,75.69,2020-12-28,101.5,34.1,30.0,2020-05-26,101.5,CLOSED,34.1,128.0,24.0,100.0
-,ASX-REA,2020-03-20,AUD,75.69,2020-12-11,104.57,38.16,36.0,2020-06-03,104.57,CLOSED,38.16,128.0,28.0,100.0
-,ASX-REA,2020-03-20,AUD,75.69,2021-01-21,106.45,40.64,33.0,2020-06-04,106.45,CLOSED,40.64,135.0,25.0,100.0
-,ASX-REA,2020-03-20,AUD,75.69,2020-11-24,106.63,40.88,41.0,2020-06-04,106.63,CLOSED,40.88,136.0,31.0,100.0
-,ASX-AGL,2020-03-20,AUD,16.42,2020-07-12,17.88,8.89,20.0,2020-07-10,16.34,CLOSED,-0.49,-1.0,98.0,-5.0
-,ASX-REA,2020-03-20,AUD,75.69,2020-07-21,86.5,14.28,29.0,2020-04-15,86.5,CLOSED,14.28,138.0,21.0,100.0
-,ASX-AGL,2020-03-20,AUD,16.42,2020-08-22,17.51,6.64,11.0,2020-06-10,17.51,CLOSED,6.64,20.0,53.0,100.0
-,ASX-REA,2020-03-20,AUD,75.69,2020-07-31,86.42,14.18,27.0,2020-04-15,86.42,CLOSED,14.18,137.0,20.0,100.0
-,ASX-BEN,2020-03-20,AUD,6.45,2020-08-24,6.95,7.75,12.0,2020-06-04,6.95,CLOSED,7.75,26.0,48.0,100.0
-,ASX-BEN,2020-03-20,AUD,6.45,2020-05-09,7.27,12.71,64.0,2020-05-08,5.89,CLOSED,-8.68,-45.0,98.0,-68.0
-,ASX-BOQ,2020-03-20,AUD,5.56,2020-07-31,5.93,6.65,13.0,2020-06-05,5.93,CLOSED,6.65,22.0,58.0,100.0
-,ASX-VCX,2020-03-20,AUD,1.14,2020-05-12,1.17,2.63,13.0,2020-04-07,1.17,CLOSED,2.63,37.0,34.0,100.0
-,ASX-BOQ,2020-03-20,AUD,5.56,2020-05-17,5.83,4.86,21.0,2020-05-15,4.63,CLOSED,-16.73,-75.0,97.0,-344.0
-,ASX-BEN,2020-03-20,AUD,6.45,2020-05-16,6.88,6.67,29.0,2020-03-31,6.88,CLOSED,6.67,153.0,19.0,100.0
-,ASX-BOQ,2020-03-20,AUD,5.56,2020-08-08,5.88,5.76,10.0,2020-06-05,5.88,CLOSED,5.76,19.0,55.0,100.0
-,2768.HK,2020-03-20,HKD,2.92,2020-04-09,3.62,23.97,302.0,2020-04-09,3.19,CLOSED,9.25,117.0,100.0,39.0
-,2588.HK,2020-03-20,HKD,40.25,2020-05-06,43.55,8.2,44.0,2020-03-25,43.55,CLOSED,8.2,413.0,11.0,100.0
-,2588.HK,2020-03-20,HKD,40.25,2020-05-22,44.44,10.41,42.0,2020-03-25,44.44,CLOSED,10.41,525.0,8.0,100.0
-,2588.HK,2020-03-20,HKD,40.25,2020-08-04,48.25,19.88,37.0,2020-03-25,48.25,CLOSED,19.88,1002.0,4.0,100.0
-,2588.HK,2020-03-20,HKD,40.25,2020-08-28,47.29,17.49,27.0,2020-03-25,47.29,CLOSED,17.49,881.0,3.0,100.0
-,0288.HK,2020-03-20,HKD,6.32,2020-08-17,7.73,22.31,37.0,2020-04-07,7.73,CLOSED,22.31,312.0,12.0,100.0
-,0288.HK,2020-03-20,HKD,6.32,2020-09-27,9.62,52.22,69.0,2020-09-25,6.31,CLOSED,-0.16,-0.0,99.0,-0.0
-,2208.HK,2020-03-20,HKD,6.46,2021-02-24,8.64,33.75,25.0,2020-10-13,8.64,CLOSED,33.75,41.0,61.0,100.0
-,0288.HK,2020-03-20,HKD,6.32,2020-09-02,7.7,21.84,33.0,2020-04-07,7.7,CLOSED,21.84,306.0,11.0,100.0
-,0288.HK,2020-03-20,HKD,6.32,2020-10-12,9.51,50.47,62.0,2020-10-12,6.26,CLOSED,-0.95,-1.0,100.0,-2.0
-,0175.HK,2020-03-20,HKD,10.96,2020-11-01,20.95,91.15,102.0,2020-10-30,15.92,CLOSED,45.26,51.0,99.0,50.0
-,2208.HK,2020-03-20,HKD,6.46,2020-09-19,8.01,23.99,33.0,2020-06-16,8.01,CLOSED,23.99,69.0,48.0,100.0
-,2208.HK,2020-03-20,HKD,6.46,2020-07-18,7.47,15.63,33.0,2020-04-08,7.47,CLOSED,15.63,207.0,16.0,100.0
-,2208.HK,2020-03-20,HKD,6.46,2020-09-30,9.79,51.55,67.0,2020-09-30,6.76,CLOSED,4.64,6.0,100.0,9.0
-,0288.HK,2020-03-20,HKD,6.32,2020-08-08,6.48,2.53,5.0,2020-03-24,6.48,CLOSED,2.53,159.0,3.0,100.0
-,0288.HK,2020-03-20,HKD,6.32,2020-11-06,7.35,16.3,18.0,2020-03-25,7.35,CLOSED,16.3,822.0,2.0,100.0
-,1038.HK,2020-03-20,HKD,38.6,2020-07-30,43.38,12.38,24.0,2020-04-06,43.38,CLOSED,12.38,184.0,13.0,100.0
-,1038.HK,2020-03-20,HKD,38.6,2020-10-30,46.45,20.34,23.0,2020-04-07,46.45,CLOSED,20.34,285.0,8.0,100.0
-,1270.HK,2020-03-20,HKD,1.11,2020-11-01,1.24,11.71,13.0,2020-03-25,1.24,CLOSED,11.71,590.0,2.0,100.0
-,0175.HK,2020-03-20,HKD,10.96,2020-12-10,16.53,50.82,48.0,2020-07-07,16.53,CLOSED,50.82,117.0,41.0,100.0
-,0288.HK,2020-03-20,HKD,6.32,2020-08-06,6.93,9.65,17.0,2020-03-25,6.93,CLOSED,9.65,486.0,4.0,100.0
-,2208.HK,2020-03-20,HKD,6.46,2021-02-12,8.62,33.44,26.0,2020-10-13,8.62,CLOSED,33.44,41.0,63.0,100.0
-,1038.HK,2020-03-20,HKD,38.6,2020-07-10,40.77,5.62,13.0,2020-03-27,40.77,CLOSED,5.62,202.0,6.0,100.0
-,0175.HK,2020-03-20,HKD,10.96,2021-01-11,14.78,34.85,30.0,2020-07-06,14.78,CLOSED,34.85,81.0,36.0,100.0
-,0945.HK,2020-03-20,HKD,112.2,2020-06-08,138.2,23.17,73.0,2020-06-08,111.4,CLOSED,-0.71,-2.0,100.0,-3.0
-,0288.HK,2020-03-20,HKD,6.32,2020-06-06,6.63,4.91,16.0,2020-03-24,6.63,CLOSED,4.91,309.0,5.0,100.0
-,0388.HK,2020-03-20,HKD,218.0,2020-12-30,257.94,18.32,16.0,2020-05-19,257.94,CLOSED,18.32,77.0,21.0,100.0
-,0288.HK,2020-03-20,HKD,6.32,2020-08-11,6.85,8.39,15.0,2020-03-25,6.85,CLOSED,8.39,423.0,3.0,100.0
-,AMZN,2020-03-20,USD,1846.09,2020-09-28,2437.39,32.03,42.0,2020-04-16,2437.39,CLOSED,32.03,299.0,14.0,100.0
-,AMZN,2020-03-20,USD,1846.09,2020-11-10,2348.04,27.19,29.0,2020-04-16,2348.04,CLOSED,27.19,254.0,11.0,100.0
-,ASX-BHP,2020-03-23,AUD,27.03,2021-01-31,30.58,13.13,11.0,2020-03-25,30.58,CLOSED,13.13,1654.0,1.0,100.0
-,ASX-BHP,2020-03-23,AUD,27.03,2020-08-09,29.32,8.47,15.0,2020-03-25,29.32,CLOSED,8.47,1067.0,1.0,100.0
-,TSLA,2020-03-23,USD,434.29,2021-01-03,591.76,36.26,32.0,2020-04-13,591.76,CLOSED,36.26,435.0,7.0,100.0
-,TSLA,2020-03-23,USD,434.29,2020-08-07,490.31,12.9,24.0,2020-03-24,490.31,CLOSED,12.9,3251.0,1.0,100.0
-,ASX-VCX,2020-03-24,AUD,1.02,2021-01-13,1.21,18.63,16.0,2020-04-07,1.21,CLOSED,18.63,335.0,5.0,100.0
-,ASX-VCX,2020-03-24,AUD,1.02,2021-01-13,1.15,12.75,11.0,2020-03-25,1.15,CLOSED,12.75,3213.0,0.0,100.0
-,ASX-CWN,2020-03-24,AUD,6.48,2020-05-30,7.04,8.64,32.0,2020-03-25,7.04,CLOSED,8.64,2177.0,1.0,100.0
-,ASX-CWN,2020-03-24,AUD,6.48,2020-07-17,7.03,8.49,19.0,2020-03-25,7.03,CLOSED,8.49,2139.0,1.0,100.0
-,ASX-CWN,2020-03-24,AUD,6.48,2021-01-23,7.84,20.99,17.0,2020-03-26,7.84,CLOSED,20.99,2645.0,1.0,100.0
-,ASX-REA,2020-03-24,AUD,67.5,2021-01-24,92.47,36.99,30.0,2020-05-08,92.47,CLOSED,36.99,207.0,15.0,100.0
-,STW,2020-03-24,USD,44.42,2020-10-28,47.11,6.06,7.0,2020-03-25,47.11,CLOSED,6.06,1527.0,0.0,100.0
-,STW,2020-03-24,USD,44.42,2021-01-24,50.65,14.03,12.0,2020-04-14,50.65,CLOSED,14.03,168.0,7.0,100.0
-,STW,2020-03-24,USD,44.42,2021-01-13,49.71,11.91,10.0,2020-03-31,49.71,CLOSED,11.91,429.0,2.0,100.0
-,ASX-REA,2020-03-24,AUD,67.5,2021-01-01,90.52,34.1,30.0,2020-05-08,90.52,CLOSED,34.1,191.0,16.0,100.0
-,ASX-REA,2020-03-24,AUD,67.5,2020-12-15,93.26,38.16,36.0,2020-05-08,93.26,CLOSED,38.16,214.0,17.0,100.0
-,STW,2020-03-24,USD,44.42,2020-09-11,47.73,7.45,11.0,2020-03-26,47.73,CLOSED,7.45,939.0,1.0,100.0
-,ASX-REA,2020-03-24,AUD,67.5,2021-01-25,94.93,40.64,33.0,2020-05-08,94.93,CLOSED,40.64,228.0,15.0,100.0
-,ASX-REA,2020-03-24,AUD,67.5,2020-11-28,95.09,40.87,41.0,2020-05-08,95.09,CLOSED,40.87,229.0,18.0,100.0
-,ASX-AGL,2020-03-24,AUD,15.51,2020-07-16,16.89,8.9,20.0,2020-03-31,16.89,CLOSED,8.9,320.0,6.0,100.0
-,STW,2020-03-24,USD,44.42,2021-01-09,48.48,9.14,8.0,2020-03-26,48.48,CLOSED,9.14,1152.0,1.0,100.0
-,ASX-CWN,2020-03-24,AUD,6.48,2020-05-25,6.86,5.86,24.0,2020-03-25,6.86,CLOSED,5.86,1477.0,2.0,100.0
-,ASX-AGL,2020-03-24,AUD,15.51,2020-07-21,16.92,9.09,19.0,2020-03-31,16.92,CLOSED,9.09,327.0,6.0,100.0
-,STW,2020-03-24,USD,44.42,2020-12-03,47.63,7.23,7.0,2020-03-26,47.63,CLOSED,7.23,911.0,1.0,100.0
-,STW,2020-03-24,USD,44.42,2020-09-17,46.93,5.65,8.0,2020-03-25,46.93,CLOSED,5.65,1424.0,1.0,100.0
-,ASX-CWN,2020-03-24,AUD,6.48,2020-09-13,7.06,8.95,13.0,2020-03-25,7.06,CLOSED,8.95,2255.0,1.0,100.0
-,ASX-REA,2020-03-24,AUD,67.5,2020-07-25,77.14,14.28,29.0,2020-03-27,77.14,CLOSED,14.28,1200.0,2.0,100.0
-,ASX-REA,2020-03-24,AUD,67.5,2020-05-16,73.7,9.19,44.0,2020-03-26,73.7,CLOSED,9.19,1158.0,4.0,100.0
-,ASX-REA,2020-03-24,AUD,67.5,2020-08-13,80.02,18.55,33.0,2020-03-27,80.02,CLOSED,18.55,1558.0,2.0,100.0
-,ASX-REA,2020-03-24,AUD,67.5,2020-11-07,92.07,36.4,40.0,2020-05-08,92.07,CLOSED,36.4,204.0,20.0,100.0
-,ASX-AGL,2020-03-24,AUD,15.51,2020-08-26,16.54,6.64,11.0,2020-03-31,16.54,CLOSED,6.64,239.0,5.0,100.0
-,ASX-REA,2020-03-24,AUD,67.5,2020-08-04,77.06,14.16,27.0,2020-03-26,77.06,CLOSED,14.16,1784.0,2.0,100.0
-,ASX-CWN,2020-03-24,AUD,6.48,2020-06-04,6.81,5.09,18.0,2020-03-25,6.81,CLOSED,5.09,1283.0,1.0,100.0
-,ASX-ABP,2020-03-24,AUD,2.13,2020-06-20,2.56,20.19,58.0,2020-03-27,2.56,CLOSED,20.19,1696.0,3.0,100.0
-,ASX-NAN,2020-03-24,AUD,4.67,2021-02-17,5.76,23.34,18.0,2020-03-31,5.76,CLOSED,23.34,840.0,2.0,100.0
-,STW,2020-03-24,USD,44.42,2020-06-04,45.69,2.86,10.0,2020-03-25,45.69,CLOSED,2.86,721.0,1.0,100.0
-,ASX-VCX,2020-03-24,AUD,1.02,2020-05-16,1.05,2.94,14.0,2020-03-25,1.05,CLOSED,2.94,741.0,2.0,100.0
-,ASX-NAN,2020-03-24,AUD,4.67,2020-06-04,5.1,9.21,32.0,2020-03-26,5.1,CLOSED,9.21,1160.0,3.0,100.0
-,ASX-CWN,2020-03-24,AUD,6.48,2020-06-04,6.82,5.25,18.0,2020-03-25,6.82,CLOSED,5.25,1323.0,1.0,100.0
-,ASX-CWN,2020-03-24,AUD,6.48,2020-09-16,6.96,7.41,11.0,2020-03-25,6.96,CLOSED,7.41,1867.0,1.0,100.0
-,ASX-NAN,2020-03-24,AUD,4.67,2020-09-26,5.17,10.71,15.0,2020-03-26,5.17,CLOSED,10.71,1349.0,1.0,100.0
-,STW,2020-03-24,USD,44.42,2020-05-07,45.34,2.07,12.0,2020-03-25,45.34,CLOSED,2.07,522.0,2.0,100.0
-,STW,2020-03-24,USD,44.42,2020-06-14,45.52,2.48,8.0,2020-03-25,45.52,CLOSED,2.48,625.0,1.0,100.0
-,2588.HK,2020-03-24,HKD,41.05,2020-05-10,44.41,8.19,44.0,2020-03-25,44.41,CLOSED,8.19,2064.0,2.0,100.0
-,2588.HK,2020-03-24,HKD,41.05,2020-05-26,45.33,10.43,42.0,2020-03-25,45.33,CLOSED,10.43,2628.0,2.0,100.0
-,2588.HK,2020-03-24,HKD,41.05,2020-08-08,49.21,19.88,37.0,2020-03-25,49.21,CLOSED,19.88,5010.0,1.0,100.0
-,2588.HK,2020-03-24,HKD,41.05,2020-09-01,48.23,17.49,27.0,2020-03-25,48.23,CLOSED,17.49,4407.0,1.0,100.0
-,0288.HK,2020-03-24,HKD,6.6,2020-08-21,8.07,22.27,37.0,2020-08-21,6.83,CLOSED,3.48,6.0,100.0,16.0
-,0288.HK,2020-03-24,HKD,6.6,2020-10-01,10.05,52.27,69.0,2020-09-30,6.28,CLOSED,-4.85,-6.0,99.0,-9.0
-,0288.HK,2020-03-24,HKD,6.6,2020-09-06,8.04,21.82,33.0,2020-09-04,6.62,CLOSED,0.3,0.0,99.0,1.0
-,0288.HK,2020-03-24,HKD,6.6,2020-10-16,9.93,50.45,62.0,2020-10-16,6.08,CLOSED,-7.88,-10.0,100.0,-16.0
-,1816.HK,2020-03-24,HKD,1.6,2020-09-22,1.84,15.0,21.0,2020-04-09,1.84,CLOSED,15.0,236.0,9.0,100.0
-,1816.HK,2020-03-24,HKD,1.6,2020-06-03,1.75,9.37,33.0,2020-03-26,1.75,CLOSED,9.37,1181.0,3.0,100.0
-,1816.HK,2020-03-24,HKD,1.6,2020-05-26,1.73,8.12,32.0,2020-03-25,1.73,CLOSED,8.12,2046.0,2.0,100.0
-,1816.HK,2020-03-24,HKD,1.6,2020-08-29,1.86,16.25,26.0,2020-04-14,1.86,CLOSED,16.25,195.0,13.0,100.0
-,0175.HK,2020-03-24,HKD,11.16,2020-12-14,16.83,50.81,48.0,2020-07-07,16.83,CLOSED,50.81,122.0,40.0,100.0
-,0288.HK,2020-03-24,HKD,6.6,2020-08-10,7.24,9.7,18.0,2020-03-25,7.24,CLOSED,9.7,2444.0,1.0,100.0
-,1816.HK,2020-03-24,HKD,1.6,2020-05-26,1.69,5.62,22.0,2020-03-25,1.69,CLOSED,5.62,1416.0,2.0,100.0
-,0175.HK,2020-03-24,HKD,11.16,2021-01-15,15.05,34.86,30.0,2020-07-06,15.05,CLOSED,34.86,84.0,35.0,100.0
-,0288.HK,2020-03-24,HKD,6.6,2020-06-10,6.93,5.0,16.0,2020-03-25,6.93,CLOSED,5.0,1260.0,1.0,100.0
-,0388.HK,2020-03-24,HKD,223.8,2021-01-03,264.8,18.32,16.0,2020-05-19,264.8,CLOSED,18.32,82.0,20.0,100.0
-,1816.HK,2020-03-24,HKD,1.6,2020-05-25,1.67,4.37,18.0,2020-03-25,1.67,CLOSED,4.37,1101.0,2.0,100.0
-,0288.HK,2020-03-24,HKD,6.6,2020-08-15,7.15,8.33,15.0,2020-03-25,7.15,CLOSED,8.33,2099.0,1.0,100.0
-,NKE,2020-03-24,USD,72.33,2021-02-08,88.01,21.68,17.0,2020-04-07,88.01,CLOSED,21.68,390.0,4.0,100.0
-,NKE,2020-03-24,USD,72.33,2021-02-12,89.83,24.19,19.0,2020-04-17,89.83,CLOSED,24.19,254.0,7.0,100.0
-,XAR,2020-03-24,USD,69.74,2020-11-18,80.69,15.7,17.0,2020-03-26,80.69,CLOSED,15.7,1978.0,1.0,100.0
-,NKE,2020-03-24,USD,72.33,2020-05-14,75.91,4.95,24.0,2020-03-25,75.91,CLOSED,4.95,1247.0,2.0,100.0
-,NKE,2020-03-24,USD,72.33,2020-06-11,77.15,6.66,21.0,2020-03-25,77.15,CLOSED,6.66,1678.0,1.0,100.0
-,NKE,2020-03-24,USD,72.33,2020-08-03,78.96,9.17,18.0,2020-03-25,78.96,CLOSED,9.17,2311.0,1.0,100.0
-,NKE,2020-03-24,USD,72.33,2020-05-29,80.46,11.24,43.0,2020-03-25,80.46,CLOSED,11.24,2832.0,2.0,100.0
-,NKE,2020-03-24,USD,72.33,2020-08-06,82.1,13.51,25.0,2020-03-25,82.1,CLOSED,13.51,3405.0,1.0,100.0
-,NKE,2020-03-24,USD,72.33,2020-12-21,99.54,37.62,35.0,2020-05-27,99.54,CLOSED,37.62,148.0,24.0,100.0
-,NKE,2020-03-24,USD,72.33,2020-12-09,99.3,37.29,36.0,2020-05-27,99.3,CLOSED,37.29,147.0,25.0,100.0
-,XAR,2020-03-24,USD,69.74,2020-06-21,82.04,17.64,50.0,2020-03-26,82.04,CLOSED,17.64,2223.0,2.0,100.0
-,XAR,2020-03-24,USD,69.74,2020-06-04,83.08,19.13,67.0,2020-04-29,83.08,CLOSED,19.13,134.0,50.0,100.0
-,XAR,2020-03-24,USD,69.74,2020-04-20,75.83,8.73,81.0,2020-03-25,75.83,CLOSED,8.73,2200.0,4.0,100.0
-,XAR,2020-03-24,USD,69.74,2020-05-31,85.4,22.45,83.0,2020-05-26,85.4,CLOSED,22.45,90.0,93.0,100.0
-,XAR,2020-03-24,USD,69.74,2020-09-17,93.93,34.69,49.0,2020-06-03,93.93,CLOSED,34.69,123.0,40.0,100.0
-,MA,2020-03-24,USD,237.07,2020-11-22,306.29,29.2,30.0,2020-05-28,306.29,CLOSED,29.2,113.0,27.0,100.0
-,JNJ,2020-03-24,USD,119.18,2021-02-15,134.09,12.51,10.0,2020-03-31,134.09,CLOSED,12.51,450.0,2.0,100.0
-,XAR,2020-03-24,USD,69.74,2020-08-31,77.55,11.2,18.0,2020-03-26,77.55,CLOSED,11.2,1411.0,1.0,100.0
-,KO,2020-03-24,USD,39.45,2021-02-24,43.86,11.18,8.0,2020-03-26,43.86,CLOSED,11.18,1409.0,1.0,100.0
-,MA,2020-03-24,USD,237.07,2020-08-24,278.96,17.67,29.0,2020-04-07,278.96,CLOSED,17.67,318.0,9.0,100.0
-,MA,2020-03-24,USD,237.07,2020-12-16,324.31,36.8,35.0,2020-08-05,324.31,CLOSED,36.8,69.0,50.0,100.0
-,MA,2020-03-24,USD,237.07,2020-08-13,269.22,13.56,24.0,2020-04-07,269.22,CLOSED,13.56,244.0,10.0,100.0
-,MA,2020-03-24,USD,237.07,2021-03-03,333.56,40.7,30.0,2020-08-11,333.56,CLOSED,40.7,73.0,41.0,100.0
-,NKE,2020-03-24,USD,72.33,2020-07-27,79.78,10.3,21.0,2020-03-25,79.78,CLOSED,10.3,2596.0,1.0,100.0
-,JNJ,2020-03-24,USD,119.18,2020-08-10,126.51,6.15,11.0,2020-03-26,126.51,CLOSED,6.15,775.0,1.0,100.0
-,XAR,2020-03-24,USD,69.74,2020-08-17,74.78,7.23,12.0,2020-03-25,74.78,CLOSED,7.23,1822.0,1.0,100.0
-,ITA,2020-03-24,USD,131.96,2021-01-24,168.53,27.71,23.0,2020-05-28,168.53,CLOSED,27.71,107.0,21.0,100.0
-,MMM,2020-03-24,USD,132.72,2020-12-09,151.21,13.93,14.0,2020-04-27,151.21,CLOSED,13.93,103.0,13.0,100.0
-,XAR,2020-03-24,USD,69.74,2020-08-20,76.19,9.25,16.0,2020-03-25,76.19,CLOSED,9.25,2331.0,1.0,100.0
-,NKE,2020-03-24,USD,72.33,2020-07-30,78.49,8.52,17.0,2020-03-25,78.49,CLOSED,8.52,2147.0,1.0,100.0
-,NKE,2020-03-24,USD,72.33,2020-06-07,76.58,5.88,20.0,2020-03-25,76.58,CLOSED,5.88,1482.0,1.0,100.0
-,ITA,2020-03-24,USD,131.96,2020-11-11,145.97,10.62,12.0,2020-03-25,145.97,CLOSED,10.62,2676.0,0.0,100.0
-,NKE,2020-03-24,USD,72.33,2020-06-05,76.21,5.36,19.0,2020-03-25,76.21,CLOSED,5.36,1351.0,1.0,100.0
-,MA,2020-03-24,USD,237.07,2020-05-28,245.91,3.73,14.0,2020-03-25,245.91,CLOSED,3.73,940.0,2.0,100.0
-,BA,2020-03-24,USD,127.68,2021-02-16,169.5,32.75,25.0,2020-03-25,169.5,CLOSED,32.75,8253.0,0.0,100.0
-,JNJ,2020-03-24,USD,119.18,2020-06-06,124.35,4.34,15.0,2020-03-26,124.35,CLOSED,4.34,547.0,3.0,100.0
-,MA,2020-03-24,USD,237.07,2020-06-02,250.75,5.77,21.0,2020-03-25,250.75,CLOSED,5.77,1454.0,1.0,100.0
-,KO,2020-03-24,USD,39.45,2020-09-10,41.12,4.23,6.0,2020-03-25,41.12,CLOSED,4.23,1066.0,1.0,100.0
-,ITA,2020-03-24,USD,131.96,2020-05-22,137.3,4.05,17.0,2020-03-25,137.3,CLOSED,4.05,1021.0,2.0,100.0
-,0173.HK,2020-03-24,HKD,3.15,2021-03-03,6.85,117.46,86.0,2020-12-11,3.85,OPEN,22.22,21.0,76.0,19.0
-,0173.HK,2020-03-24,HKD,3.15,2021-03-23,4.7,49.21,34.0,2020-12-11,3.85,OPEN,22.22,21.0,72.0,45.0
-,ASX-SCP,2020-03-25,AUD,2.41,2020-10-03,2.69,11.62,15.0,2020-10-02,2.2,CLOSED,-8.71,-11.0,99.0,-75.0
-,ASX-VCX,2020-03-25,AUD,1.12,2021-01-14,1.33,18.75,16.0,2020-04-08,1.33,CLOSED,18.75,338.0,5.0,100.0
-,ASX-VVR,2020-03-25,AUD,2.26,2020-08-15,2.5,10.62,19.0,2020-04-17,2.5,CLOSED,10.62,116.0,16.0,100.0
-,ASX-VVR,2020-03-25,AUD,2.26,2020-10-24,2.46,8.85,10.0,2020-04-17,2.46,CLOSED,8.85,97.0,11.0,100.0
-,ASX-NSR,2020-03-25,AUD,1.53,2020-05-04,1.61,5.23,33.0,2020-03-26,1.61,CLOSED,5.23,1318.0,2.0,100.0
-,ASX-NSR,2020-03-25,AUD,1.53,2021-01-05,1.8,17.65,16.0,2020-05-29,1.8,CLOSED,17.65,68.0,23.0,100.0
-,ASX-SCP,2020-03-25,AUD,2.41,2020-05-30,2.49,3.32,13.0,2020-03-26,2.49,CLOSED,3.32,837.0,2.0,100.0
-,ASX-SCP,2020-03-25,AUD,2.41,2020-07-16,2.59,7.47,17.0,2020-07-16,2.2,CLOSED,-8.71,-19.0,100.0,-117.0
-,ASX-SCP,2020-03-25,AUD,2.41,2020-11-15,2.73,13.28,14.0,2020-11-13,2.42,CLOSED,0.41,0.0,99.0,3.0
-,ASX-VCX,2020-03-25,AUD,1.12,2021-01-14,1.27,13.39,11.0,2020-04-08,1.27,CLOSED,13.39,241.0,5.0,100.0
-,ASX-VVR,2020-03-25,AUD,2.26,2020-04-30,2.29,1.33,9.0,2020-03-26,2.29,CLOSED,1.33,335.0,3.0,100.0
-,ASX-VVR,2020-03-25,AUD,2.26,2020-06-09,2.36,4.42,15.0,2020-03-26,2.36,CLOSED,4.42,1114.0,1.0,100.0
-,ASX-VVR,2020-03-25,AUD,2.26,2020-07-24,2.5,10.62,22.0,2020-04-17,2.5,CLOSED,10.62,116.0,19.0,100.0
-,ASX-VVR,2020-03-25,AUD,2.26,2020-09-12,2.52,11.5,17.0,2020-04-17,2.52,CLOSED,11.5,126.0,13.0,100.0
-,ASX-VVR,2020-03-25,AUD,2.26,2021-03-09,2.57,13.72,10.0,2020-04-17,2.57,CLOSED,13.72,150.0,7.0,100.0
-,ASX-BEN,2020-03-25,AUD,5.74,2020-08-10,6.65,15.85,29.0,2020-03-31,6.65,CLOSED,15.85,666.0,4.0,100.0
-,ASX-BOQ,2020-03-25,AUD,4.8,2020-04-28,5.3,10.42,77.0,2020-04-28,4.57,CLOSED,-4.79,-36.0,100.0,-46.0
-,ASX-BOQ,2020-03-25,AUD,4.8,2020-07-21,5.13,6.88,15.0,2020-03-31,5.13,CLOSED,6.88,289.0,5.0,100.0
-,ASX-CCL,2020-03-25,AUD,8.37,2020-07-06,9.05,8.12,20.0,2020-03-31,9.05,CLOSED,8.12,341.0,6.0,100.0
-,ASX-CWN,2020-03-25,AUD,6.75,2020-05-31,7.33,8.59,32.0,2020-03-26,7.33,CLOSED,8.59,2165.0,1.0,100.0
-,ASX-CWN,2020-03-25,AUD,6.75,2020-07-18,7.32,8.44,18.0,2020-03-26,7.32,CLOSED,8.44,2127.0,1.0,100.0
-,ASX-CWN,2020-03-25,AUD,6.75,2021-01-24,8.16,20.89,17.0,2020-04-07,8.16,CLOSED,20.89,405.0,4.0,100.0
-,ASX-NAB,2020-03-25,AUD,15.79,2021-01-19,18.91,19.76,17.0,2020-05-28,18.91,CLOSED,19.76,78.0,21.0,100.0
-,ASX-SCP,2020-03-25,AUD,2.41,2020-06-19,2.48,2.9,8.0,2020-03-26,2.48,CLOSED,2.9,731.0,1.0,100.0
-,ASX-SCP,2020-03-25,AUD,2.41,2020-05-18,2.46,2.07,10.0,2020-03-26,2.46,CLOSED,2.07,522.0,2.0,100.0
-,ASX-SCP,2020-03-25,AUD,2.41,2020-05-29,2.49,3.32,13.0,2020-03-26,2.49,CLOSED,3.32,837.0,2.0,100.0
-,ASX-SCP,2020-03-25,AUD,2.41,2020-08-31,2.74,13.69,22.0,2020-08-31,2.25,CLOSED,-6.64,-11.0,100.0,-48.0
-,ASX-VVR,2020-03-25,AUD,2.26,2020-05-02,2.29,1.33,9.0,2020-03-26,2.29,CLOSED,1.33,335.0,3.0,100.0
-,ASX-VVR,2020-03-25,AUD,2.26,2020-06-07,2.33,3.1,11.0,2020-03-26,2.33,CLOSED,3.1,781.0,1.0,100.0
-,ASX-VVR,2020-03-25,AUD,2.26,2020-08-07,2.54,12.39,23.0,2020-04-17,2.54,CLOSED,12.39,136.0,17.0,100.0
-,ASX-VVR,2020-03-25,AUD,2.26,2020-08-06,2.56,13.27,25.0,2020-04-17,2.56,CLOSED,13.27,145.0,17.0,100.0
-,ASX-WBC,2020-03-25,AUD,15.85,2020-05-11,16.57,4.54,24.0,2020-03-31,16.57,CLOSED,4.54,191.0,13.0,100.0
-,ASX-WBC,2020-03-25,AUD,15.85,2021-01-27,17.26,8.9,7.0,2020-03-31,17.26,CLOSED,8.9,374.0,2.0,100.0
-,STW,2020-03-25,USD,46.65,2020-10-29,49.48,6.07,7.0,2020-03-31,49.48,CLOSED,6.07,255.0,3.0,100.0
-,STW,2020-03-25,USD,46.65,2021-01-25,53.19,14.02,12.0,2020-05-26,53.19,CLOSED,14.02,57.0,20.0,100.0
-,STW,2020-03-25,USD,46.65,2021-01-14,52.21,11.92,10.0,2020-05-21,52.21,CLOSED,11.92,53.0,19.0,100.0
-,ASX-REA,2020-03-25,AUD,69.0,2021-01-02,92.53,34.1,30.0,2020-05-08,92.53,CLOSED,34.1,195.0,16.0,100.0
-,ASX-SCP,2020-03-25,AUD,2.41,2020-07-14,2.6,7.88,18.0,2020-07-14,2.21,CLOSED,-8.3,-19.0,100.0,-105.0
-,ASX-REA,2020-03-25,AUD,69.0,2020-12-16,95.33,38.16,36.0,2020-05-08,95.33,CLOSED,38.16,219.0,17.0,100.0
-,STW,2020-03-25,USD,46.65,2020-09-12,50.13,7.46,11.0,2020-04-07,50.13,CLOSED,7.46,145.0,8.0,100.0
-,ASX-REA,2020-03-25,AUD,69.0,2021-01-26,97.04,40.64,33.0,2020-05-20,97.04,CLOSED,40.64,183.0,18.0,100.0
-,ASX-REA,2020-03-25,AUD,69.0,2020-11-29,97.21,40.88,41.0,2020-05-20,97.21,CLOSED,40.88,184.0,22.0,100.0
-,ASX-ORG,2020-03-25,AUD,4.3,2020-05-08,4.69,9.07,52.0,2020-04-02,4.69,CLOSED,9.07,286.0,18.0,100.0
-,ASX-VVR,2020-03-25,AUD,2.26,2020-05-31,2.35,3.98,15.0,2020-03-26,2.35,CLOSED,3.98,1003.0,1.0,100.0
-,STW,2020-03-25,USD,46.65,2021-01-10,50.91,9.13,8.0,2020-04-15,50.91,CLOSED,9.13,110.0,7.0,100.0
-,ASX-CWN,2020-03-25,AUD,6.75,2020-05-26,7.15,5.93,24.0,2020-03-26,7.15,CLOSED,5.93,1494.0,2.0,100.0
-,STW,2020-03-25,USD,46.65,2020-12-04,50.02,7.22,7.0,2020-04-07,50.02,CLOSED,7.22,140.0,5.0,100.0
-,ASX-SCP,2020-03-25,AUD,2.41,2020-05-27,2.5,3.73,15.0,2020-03-26,2.5,CLOSED,3.73,940.0,2.0,100.0
-,STW,2020-03-25,USD,46.65,2020-09-18,49.29,5.66,8.0,2020-03-27,49.29,CLOSED,5.66,713.0,1.0,100.0
-,ASX-CWN,2020-03-25,AUD,6.75,2020-09-14,7.36,9.04,13.0,2020-03-26,7.36,CLOSED,9.04,2278.0,1.0,100.0
-,ASX-REA,2020-03-25,AUD,69.0,2020-07-26,78.85,14.28,29.0,2020-03-27,78.85,CLOSED,14.28,1799.0,2.0,100.0
-,ASX-REA,2020-03-25,AUD,69.0,2020-08-05,78.78,14.17,27.0,2020-03-27,78.78,CLOSED,14.17,1785.0,2.0,100.0
-,ASX-BEN,2020-03-25,AUD,5.74,2020-08-29,6.18,7.67,12.0,2020-03-26,6.18,CLOSED,7.67,1933.0,1.0,100.0
-,ASX-ORG,2020-03-25,AUD,4.3,2020-05-25,4.66,8.37,35.0,2020-04-01,4.66,CLOSED,8.37,301.0,11.0,100.0
-,ASX-CCL,2020-03-25,AUD,8.37,2020-06-02,9.0,7.53,28.0,2020-03-31,9.0,CLOSED,7.53,316.0,9.0,100.0
-,ASX-CWN,2020-03-25,AUD,6.75,2020-06-05,7.1,5.19,18.0,2020-03-26,7.1,CLOSED,5.19,1308.0,1.0,100.0
-,ASX-BEN,2020-03-25,AUD,5.74,2020-05-14,6.47,12.72,64.0,2020-03-27,6.47,CLOSED,12.72,1603.0,4.0,100.0
-,ASX-NAB,2020-03-25,AUD,15.79,2020-07-15,17.06,8.04,18.0,2020-05-27,17.06,CLOSED,8.04,32.0,56.0,100.0
-,ASX-ANZ,2020-03-25,AUD,16.57,2020-06-01,17.4,5.01,19.0,2020-03-31,17.4,CLOSED,5.01,210.0,9.0,100.0
-,ASX-ANZ,2020-03-25,AUD,16.57,2020-06-09,17.3,4.41,15.0,2020-03-31,17.3,CLOSED,4.41,185.0,8.0,100.0
-,ASX-ANZ,2020-03-25,AUD,16.57,2020-10-31,17.89,7.97,9.0,2020-05-28,17.89,CLOSED,7.97,31.0,29.0,100.0
-,ASX-BOQ,2020-03-25,AUD,4.8,2020-08-05,5.12,6.67,13.0,2020-03-31,5.12,CLOSED,6.67,280.0,5.0,100.0
-,STW,2020-03-25,USD,46.65,2020-06-05,47.99,2.87,10.0,2020-03-26,47.99,CLOSED,2.87,723.0,1.0,100.0
-,ASX-VCX,2020-03-25,AUD,1.12,2020-05-17,1.15,2.68,13.0,2020-04-01,1.15,CLOSED,2.68,96.0,13.0,100.0
-,ASX-ORG,2020-03-25,AUD,4.3,2020-05-30,4.57,6.28,24.0,2020-03-31,4.57,CLOSED,6.28,264.0,9.0,100.0
-,ASX-CWN,2020-03-25,AUD,6.75,2020-06-05,7.1,5.19,18.0,2020-03-26,7.1,CLOSED,5.19,1308.0,1.0,100.0
-,ASX-BOQ,2020-03-25,AUD,4.8,2020-05-22,5.03,4.79,21.0,2020-03-31,5.03,CLOSED,4.79,201.0,10.0,100.0
-,ASX-CWN,2020-03-25,AUD,6.75,2020-09-17,7.25,7.41,11.0,2020-03-26,7.25,CLOSED,7.41,1867.0,1.0,100.0
-,ASX-BEN,2020-03-25,AUD,5.74,2020-05-21,6.12,6.62,29.0,2020-03-26,6.12,CLOSED,6.62,1668.0,2.0,100.0
-,ASX-BOQ,2020-03-25,AUD,4.8,2020-08-13,5.07,5.63,10.0,2020-03-31,5.07,CLOSED,5.63,236.0,4.0,100.0
-,ASX-NSR,2020-03-25,AUD,1.53,2020-08-12,1.65,7.84,14.0,2020-04-06,1.65,CLOSED,7.84,165.0,9.0,100.0
-,ASX-BOQ,2020-03-25,AUD,4.8,2020-07-03,4.98,3.75,9.0,2020-03-26,4.98,CLOSED,3.75,945.0,1.0,100.0
-,STW,2020-03-25,USD,46.65,2020-05-08,47.62,2.08,12.0,2020-03-26,47.62,CLOSED,2.08,524.0,2.0,100.0
-,STW,2020-03-25,USD,46.65,2020-06-15,47.8,2.47,8.0,2020-03-26,47.8,CLOSED,2.47,622.0,1.0,100.0
-,2588.HK,2020-03-25,HKD,48.1,2020-05-11,52.04,8.19,44.0,2020-03-27,52.04,CLOSED,8.19,1032.0,4.0,100.0
-,2588.HK,2020-03-25,HKD,48.1,2020-05-27,53.11,10.42,42.0,2020-04-23,53.11,CLOSED,10.42,91.0,46.0,100.0
-,2588.HK,2020-03-25,HKD,48.1,2020-08-09,57.66,19.88,37.0,2020-08-07,44.95,CLOSED,-6.55,-12.0,99.0,-33.0
-,2588.HK,2020-03-25,HKD,48.1,2020-09-02,56.51,17.48,27.0,2020-08-25,56.51,CLOSED,17.48,29.0,95.0,100.0
-,1816.HK,2020-03-25,HKD,1.71,2020-09-23,1.96,14.62,20.0,2020-04-23,1.96,CLOSED,14.62,127.0,16.0,100.0
-,1816.HK,2020-03-25,HKD,1.71,2020-06-04,1.87,9.36,33.0,2020-04-14,1.87,CLOSED,9.36,118.0,28.0,100.0
-,1816.HK,2020-03-25,HKD,1.71,2020-05-27,1.85,8.19,33.0,2020-04-09,1.85,CLOSED,8.19,138.0,24.0,100.0
-,1816.HK,2020-03-25,HKD,1.71,2020-08-30,1.99,16.37,26.0,2020-04-28,1.99,CLOSED,16.37,121.0,22.0,100.0
-,1270.HK,2020-03-25,HKD,1.26,2020-11-06,1.41,11.9,13.0,2020-03-27,1.41,CLOSED,11.9,1499.0,1.0,100.0
-,1816.HK,2020-03-25,HKD,1.71,2020-05-27,1.8,5.26,21.0,2020-03-31,1.8,CLOSED,5.26,221.0,10.0,100.0
-,1816.HK,2020-03-25,HKD,1.71,2020-05-26,1.78,4.09,17.0,2020-03-26,1.78,CLOSED,4.09,1031.0,2.0,100.0
-,KO,2020-03-25,USD,41.61,2021-02-25,46.26,11.18,8.0,2020-04-06,46.26,CLOSED,11.18,235.0,4.0,100.0
-,ITA,2020-03-25,USD,144.57,2021-01-25,184.63,27.71,23.0,2020-06-05,184.63,CLOSED,27.71,97.0,24.0,100.0
-,BA,2020-03-25,USD,158.73,2021-02-17,210.71,32.75,25.0,2020-06-05,210.71,CLOSED,32.75,115.0,22.0,100.0
-,KO,2020-03-25,USD,41.61,2020-09-11,43.37,4.23,6.0,2020-03-26,43.37,CLOSED,4.23,1066.0,1.0,100.0
-,ASX-VVR,2020-03-25,AUD,2.26,2020-12-18,2.82,24.78,23.0,2020-05-15,2.44,OPEN,7.96,39.0,19.0,32.0
-,ASX-VVR,2020-03-25,AUD,2.26,2021-01-31,2.61,15.49,13.0,2020-05-15,2.44,OPEN,7.96,39.0,16.0,51.0
-,ASX-CTX,2020-03-25,AUD,21.0,2021-03-24,26.28,25.14,17.0,2020-05-18,25.32,OPEN,20.57,96.0,15.0,82.0
-,2638.HK,2020-03-25,HKD,7.46,2021-02-14,8.36,12.06,9.0,2020-12-11,7.71,OPEN,3.35,3.0,80.0,28.0
-,0173.HK,2020-03-25,HKD,3.25,2021-03-24,4.85,49.23,34.0,2020-12-11,3.85,OPEN,18.46,18.0,72.0,38.0
-,ASX-BEN,2020-03-26,AUD,6.15,2020-08-11,7.13,15.93,29.0,2020-06-04,7.13,CLOSED,15.93,57.0,51.0,100.0
-,ASX-BOQ,2020-03-26,AUD,4.94,2020-04-29,5.45,10.32,76.0,2020-04-29,4.66,CLOSED,-5.67,-42.0,100.0,-55.0
-,ASX-BOQ,2020-03-26,AUD,4.94,2020-07-22,5.28,6.88,15.0,2020-05-27,5.28,CLOSED,6.88,28.0,53.0,100.0
-,ASX-CCL,2020-03-26,AUD,8.45,2020-07-07,9.14,8.17,20.0,2020-04-01,9.14,CLOSED,8.17,343.0,6.0,100.0
-,ASX-CWN,2020-03-26,AUD,7.41,2020-06-01,8.05,8.64,32.0,2020-04-06,8.05,CLOSED,8.64,198.0,16.0,100.0
-,ASX-CWN,2020-03-26,AUD,7.41,2020-07-19,8.03,8.37,18.0,2020-04-06,8.03,CLOSED,8.37,192.0,10.0,100.0
-,ASX-CWN,2020-03-26,AUD,7.41,2021-01-25,8.96,20.92,17.0,2020-04-29,8.96,CLOSED,20.92,155.0,11.0,100.0
-,ASX-AGL,2020-03-26,AUD,16.07,2020-07-18,17.5,8.9,20.0,2020-06-10,17.5,CLOSED,8.9,30.0,67.0,100.0
-,ASX-ORG,2020-03-26,AUD,4.45,2020-05-09,4.85,8.99,51.0,2020-04-03,4.85,CLOSED,8.99,283.0,18.0,100.0
-,ASX-CWN,2020-03-26,AUD,7.41,2020-05-27,7.85,5.94,24.0,2020-03-31,7.85,CLOSED,5.94,299.0,8.0,100.0
-,ASX-AGL,2020-03-26,AUD,16.07,2020-07-23,17.53,9.09,19.0,2020-06-10,17.53,CLOSED,9.09,30.0,64.0,100.0
-,ASX-CWN,2020-03-26,AUD,7.41,2020-09-15,8.08,9.04,13.0,2020-04-06,8.08,CLOSED,9.04,207.0,6.0,100.0
-,ASX-AGL,2020-03-26,AUD,16.07,2020-08-28,17.14,6.66,11.0,2020-03-31,17.14,CLOSED,6.66,336.0,3.0,100.0
-,ASX-BEN,2020-03-26,AUD,6.15,2020-08-30,6.62,7.64,12.0,2020-03-31,6.62,CLOSED,7.64,385.0,3.0,100.0
-,ASX-ORG,2020-03-26,AUD,4.45,2020-05-26,4.83,8.54,35.0,2020-04-03,4.83,CLOSED,8.54,269.0,13.0,100.0
-,ASX-CCL,2020-03-26,AUD,8.45,2020-06-03,9.09,7.57,28.0,2020-03-31,9.09,CLOSED,7.57,382.0,7.0,100.0
-,ASX-CWN,2020-03-26,AUD,7.41,2020-06-06,7.79,5.13,18.0,2020-03-31,7.79,CLOSED,5.13,259.0,7.0,100.0
-,ASX-BEN,2020-03-26,AUD,6.15,2020-05-15,6.93,12.68,64.0,2020-05-15,5.7,CLOSED,-7.32,-37.0,100.0,-58.0
-,ASX-BOQ,2020-03-26,AUD,4.94,2020-08-06,5.27,6.68,13.0,2020-05-27,5.27,CLOSED,6.68,27.0,47.0,100.0
-,ASX-CWN,2020-03-26,AUD,7.41,2020-06-06,7.8,5.26,18.0,2020-03-31,7.8,CLOSED,5.26,265.0,7.0,100.0
-,ASX-BOQ,2020-03-26,AUD,4.94,2020-05-23,5.18,4.86,21.0,2020-05-22,4.68,CLOSED,-5.26,-23.0,98.0,-108.0
-,ASX-CWN,2020-03-26,AUD,7.41,2020-09-18,7.95,7.29,10.0,2020-03-31,7.95,CLOSED,7.29,367.0,3.0,100.0
-,ASX-BEN,2020-03-26,AUD,6.15,2020-05-22,6.56,6.67,29.0,2020-03-31,6.56,CLOSED,6.67,336.0,9.0,100.0
-,ASX-BOQ,2020-03-26,AUD,4.94,2020-08-14,5.22,5.67,10.0,2020-05-27,5.22,CLOSED,5.67,23.0,44.0,100.0
-,ASX-BOQ,2020-03-26,AUD,4.94,2020-07-04,5.12,3.64,9.0,2020-03-31,5.12,CLOSED,3.64,183.0,5.0,100.0
-,0002.HK,2020-03-26,HKD,70.05,2020-10-25,78.12,11.52,14.0,2020-04-06,78.12,CLOSED,11.52,264.0,5.0,100.0
-,0002.HK,2020-03-26,HKD,70.05,2020-07-06,74.28,6.04,15.0,2020-04-03,74.28,CLOSED,6.04,190.0,8.0,100.0
-,0002.HK,2020-03-26,HKD,70.05,2020-11-09,79.03,12.82,14.0,2020-04-07,79.03,CLOSED,12.82,269.0,5.0,100.0
-,1270.HK,2020-03-26,HKD,1.31,2020-11-07,1.47,12.21,14.0,2020-11-06,0.97,CLOSED,-25.95,-29.0,100.0,-213.0
-,0002.HK,2020-03-26,HKD,70.05,2020-08-05,74.4,6.21,12.0,2020-04-03,74.4,CLOSED,6.21,196.0,6.0,100.0
-,0002.HK,2020-03-26,HKD,70.05,2020-05-31,72.07,2.88,11.0,2020-04-03,72.07,CLOSED,2.88,91.0,12.0,100.0
-,0002.HK,2020-03-26,HKD,70.05,2021-02-18,75.23,7.39,6.0,2020-04-03,75.23,CLOSED,7.39,233.0,2.0,100.0
-,0002.HK,2020-03-26,HKD,70.05,2020-05-25,71.56,2.16,9.0,2020-03-27,71.56,CLOSED,2.16,544.0,2.0,100.0
-,NKE,2020-03-26,USD,84.3,2020-11-22,95.91,13.77,14.0,2020-05-26,95.91,CLOSED,13.77,57.0,25.0,100.0
-,IXN,2020-03-26,USD,187.78,2020-08-14,200.94,7.01,13.0,2020-04-14,200.94,CLOSED,7.01,93.0,13.0,100.0
-,RIO,2020-03-26,USD,45.4,2020-12-05,53.5,17.84,18.0,2020-05-29,53.5,CLOSED,17.84,70.0,25.0,100.0
-,QQQ,2020-03-26,USD,191.9,2020-08-31,203.38,5.98,10.0,2020-04-13,203.38,CLOSED,5.98,84.0,11.0,100.0
-,DIS,2020-03-26,USD,105.36,2020-12-07,118.44,12.41,12.0,2020-05-18,118.44,CLOSED,12.41,59.0,21.0,100.0
-,IXN,2020-03-26,USD,187.78,2020-06-16,194.93,3.81,12.0,2020-04-07,194.93,CLOSED,3.81,80.0,15.0,100.0
-,QQQ,2020-03-26,USD,191.9,2020-07-02,196.18,2.23,6.0,2020-04-06,196.18,CLOSED,2.23,51.0,11.0,100.0
-,IXN,2020-03-26,USD,187.78,2020-05-08,190.63,1.52,9.0,2020-04-06,190.63,CLOSED,1.52,35.0,26.0,100.0
-,DIS,2020-03-26,USD,105.36,2020-07-16,110.05,4.45,10.0,2020-04-28,110.05,CLOSED,4.45,34.0,29.0,100.0
-,ASX-CTX,2020-03-26,AUD,22.62,2021-03-25,28.31,25.15,17.0,2020-05-18,25.32,OPEN,11.94,57.0,15.0,47.0
-,0002.HK,2020-03-26,HKD,70.05,2021-03-20,87.02,24.23,17.0,2020-12-11,71.0,OPEN,1.36,1.0,72.0,6.0
-,0002.HK,2020-03-26,HKD,70.05,2021-01-30,84.35,20.41,17.0,2020-12-11,71.0,OPEN,1.36,1.0,84.0,7.0
-,2768.HK,2020-03-27,HKD,3.12,2020-05-02,3.5,12.18,85.0,2020-04-29,3.23,CLOSED,3.53,27.0,92.0,29.0
-,2768.HK,2020-03-27,HKD,3.12,2020-05-02,3.67,17.63,123.0,2020-04-29,3.23,CLOSED,3.53,27.0,92.0,20.0
-,2588.HK,2020-03-27,HKD,51.6,2020-08-23,60.88,17.98,30.0,2020-08-21,54.4,CLOSED,5.43,9.0,99.0,30.0
-,2588.HK,2020-03-27,HKD,51.6,2020-08-26,59.16,14.65,24.0,2020-08-26,56.0,CLOSED,8.53,14.0,100.0,58.0
-,0288.HK,2020-03-27,HKD,7.27,2020-09-13,8.4,15.54,23.0,2020-09-11,6.62,CLOSED,-8.94,-13.0,99.0,-58.0
-,0288.HK,2020-03-27,HKD,7.27,2020-07-09,8.82,21.32,52.0,2020-07-09,7.29,CLOSED,0.28,1.0,100.0,1.0
-,0002.HK,2020-03-27,HKD,71.35,2020-10-26,79.57,11.52,14.0,2020-04-07,79.57,CLOSED,11.52,264.0,5.0,100.0
-,0002.HK,2020-03-27,HKD,71.35,2020-07-07,75.66,6.04,15.0,2020-04-06,75.66,CLOSED,6.04,152.0,10.0,100.0
-,0002.HK,2020-03-27,HKD,71.35,2020-11-10,80.5,12.82,14.0,2020-04-14,80.5,CLOSED,12.82,179.0,8.0,100.0
-,2588.HK,2020-03-27,HKD,51.6,2020-05-22,55.91,8.35,38.0,2020-04-23,55.91,CLOSED,8.35,78.0,48.0,100.0
-,0002.HK,2020-03-27,HKD,71.35,2020-08-06,75.78,6.21,12.0,2020-04-06,75.78,CLOSED,6.21,156.0,8.0,100.0
-,0388.HK,2020-03-27,HKD,234.6,2021-01-19,285.86,21.85,18.0,2020-06-02,285.86,CLOSED,21.85,82.0,22.0,100.0
-,0002.HK,2020-03-27,HKD,71.35,2020-06-01,73.4,2.87,11.0,2020-04-03,73.4,CLOSED,2.87,103.0,11.0,100.0
-,0388.HK,2020-03-27,HKD,234.6,2020-10-02,270.07,15.12,20.0,2020-05-21,270.07,CLOSED,15.12,69.0,29.0,100.0
-,0002.HK,2020-03-27,HKD,71.35,2021-02-19,76.63,7.4,6.0,2020-04-06,76.63,CLOSED,7.4,186.0,3.0,100.0
-,0002.HK,2020-03-27,HKD,71.35,2020-05-26,72.89,2.16,9.0,2020-04-03,72.89,CLOSED,2.16,78.0,12.0,100.0
-,0288.HK,2020-03-27,HKD,7.27,2020-06-26,7.67,5.5,15.0,2020-04-07,7.67,CLOSED,5.5,126.0,12.0,100.0
-,XAR,2020-03-27,USD,77.76,2021-01-18,88.72,14.09,12.0,2020-05-27,88.72,CLOSED,14.09,58.0,21.0,100.0
-,MA,2020-03-27,USD,247.65,2021-01-08,323.58,30.66,27.0,2020-08-05,323.58,CLOSED,30.66,59.0,46.0,100.0
-,MA,2020-03-27,USD,247.65,2020-07-19,286.7,15.77,35.0,2020-05-18,286.7,CLOSED,15.77,76.0,46.0,100.0
-,AMZN,2020-03-27,USD,1900.1,2020-10-07,2512.5,32.23,42.0,2020-05-21,2512.5,CLOSED,32.23,148.0,28.0,100.0
-,AMZN,2020-03-27,USD,1900.1,2020-11-07,2416.55,27.18,30.0,2020-04-16,2416.55,CLOSED,27.18,342.0,9.0,100.0
-,XAR,2020-03-27,USD,77.76,2020-06-27,81.76,5.14,14.0,2020-04-09,81.76,CLOSED,5.14,100.0,14.0,100.0
-,MA,2020-03-27,USD,247.65,2020-06-11,265.68,7.28,24.0,2020-04-06,265.68,CLOSED,7.28,183.0,13.0,100.0
-,XAR,2020-03-27,USD,77.76,2020-07-28,82.78,6.46,13.0,2020-04-29,82.78,CLOSED,6.46,49.0,27.0,100.0
-,MA,2020-03-27,USD,247.65,2020-05-03,257.41,3.94,27.0,2020-04-06,257.41,CLOSED,3.94,99.0,27.0,100.0
-,XAR,2020-03-27,USD,77.76,2020-05-06,78.97,1.56,10.0,2020-04-07,78.97,CLOSED,1.56,36.0,28.0,100.0
-,AMZN,2020-03-27,USD,1900.1,2020-06-11,2031.59,6.92,23.0,2020-04-07,2031.59,CLOSED,6.92,159.0,14.0,100.0
-,0002.HK,2020-03-27,HKD,71.35,2021-03-21,88.63,24.22,17.0,2020-12-11,71.0,OPEN,-0.49,-0.0,72.0,-2.0
-,0002.HK,2020-03-27,HKD,71.35,2021-01-31,85.92,20.42,17.0,2020-12-11,71.0,OPEN,-0.49,-0.0,84.0,-2.0
-,ASX-A2M,2020-03-30,AUD,16.88,2020-09-10,26.0,54.03,83.0,2020-09-10,16.47,CLOSED,-2.43,-4.0,100.0,-4.0
-,ASX-VCX,2020-03-30,AUD,0.98,2021-01-19,1.16,18.37,16.0,2020-04-01,1.16,CLOSED,18.37,2315.0,1.0,100.0
-,ASX-VCX,2020-03-30,AUD,0.98,2021-01-19,1.11,13.27,11.0,2020-03-31,1.11,CLOSED,13.27,3344.0,0.0,100.0
-,ASX-BOQ,2020-03-30,AUD,5.05,2020-05-03,5.58,10.5,78.0,2020-05-01,4.75,CLOSED,-5.94,-47.0,94.0,-57.0
-,ASX-BOQ,2020-03-30,AUD,5.05,2020-07-26,5.4,6.93,15.0,2020-05-27,5.4,CLOSED,6.93,30.0,49.0,100.0
-,ASX-CCL,2020-03-30,AUD,8.68,2020-07-11,9.38,8.06,20.0,2020-04-01,9.38,CLOSED,8.06,1016.0,2.0,100.0
-,ASX-A2M,2020-03-30,AUD,16.88,2020-06-21,21.55,27.67,84.0,2020-06-19,18.57,CLOSED,10.01,31.0,98.0,36.0
-,ASX-CCL,2020-03-30,AUD,8.68,2020-06-07,9.33,7.49,27.0,2020-04-01,9.33,CLOSED,7.49,944.0,3.0,100.0
-,ASX-A2M,2020-03-30,AUD,16.88,2020-04-30,18.65,10.49,85.0,2020-04-16,18.65,CLOSED,10.49,155.0,55.0,100.0
-,STW,2020-03-30,USD,47.94,2020-09-16,49.29,2.82,4.0,2020-03-31,49.29,CLOSED,2.82,711.0,1.0,100.0
-,STW,2020-03-30,USD,47.94,2020-10-22,49.45,3.15,4.0,2020-03-31,49.45,CLOSED,3.15,794.0,0.0,100.0
-,ASX-NAN,2020-03-30,AUD,5.63,2021-01-07,6.87,22.02,20.0,2020-04-30,6.87,CLOSED,22.02,179.0,11.0,100.0
-,ASX-BOQ,2020-03-30,AUD,5.05,2020-08-10,5.39,6.73,13.0,2020-05-27,5.39,CLOSED,6.73,29.0,44.0,100.0
-,ASX-VCX,2020-03-30,AUD,0.98,2020-05-22,1.0,2.04,10.0,2020-03-31,1.0,CLOSED,2.04,514.0,2.0,100.0
-,ASX-BOQ,2020-03-30,AUD,5.05,2020-05-27,5.29,4.75,21.0,2020-05-27,5.29,CLOSED,4.75,21.0,100.0,100.0
-,ASX-BOQ,2020-03-30,AUD,5.05,2020-08-18,5.34,5.74,10.0,2020-05-27,5.34,CLOSED,5.74,25.0,41.0,100.0
-,ASX-BOQ,2020-03-30,AUD,5.05,2020-07-08,5.24,3.76,9.0,2020-05-27,5.24,CLOSED,3.76,16.0,58.0,100.0
-,WMT,2020-03-30,USD,115.19,2021-02-15,128.01,11.13,9.0,2020-04-14,128.01,CLOSED,11.13,187.0,5.0,100.0
-,DLR,2020-03-30,USD,139.81,2020-10-27,156.35,11.83,14.0,2020-04-28,156.35,CLOSED,11.83,103.0,14.0,100.0
-,MMM,2020-03-30,USD,137.74,2020-09-10,148.91,8.11,12.0,2020-04-07,148.91,CLOSED,8.11,255.0,5.0,100.0
-,KO,2020-03-30,USD,45.0,2020-11-09,48.42,7.6,9.0,2020-04-07,48.42,CLOSED,7.6,239.0,4.0,100.0
-,KO,2020-03-30,USD,45.0,2021-03-02,49.68,10.4,8.0,2020-04-09,49.68,CLOSED,10.4,262.0,3.0,100.0
-,KO,2020-03-30,USD,45.0,2020-08-02,45.98,2.18,4.0,2020-04-06,45.98,CLOSED,2.18,78.0,6.0,100.0
-,DLR,2020-03-30,USD,139.81,2020-07-12,148.11,5.94,14.0,2020-04-09,148.11,CLOSED,5.94,150.0,10.0,100.0
-,ASX-NAN,2020-03-30,AUD,5.63,2021-02-27,7.81,38.72,29.0,2020-12-11,7.08,OPEN,25.75,25.0,77.0,67.0
-,ASX-VCX,2020-03-31,AUD,1.03,2021-01-20,1.22,18.45,16.0,2020-04-07,1.22,CLOSED,18.45,664.0,2.0,100.0
-,ASX-VCX,2020-03-31,AUD,1.03,2021-01-20,1.17,13.59,12.0,2020-04-07,1.17,CLOSED,13.59,489.0,2.0,100.0
-,ASX-REA,2020-03-31,AUD,76.99,2020-10-10,101.57,31.93,42.0,2020-05-26,101.57,CLOSED,31.93,144.0,29.0,100.0
-,ASX-REA,2020-03-31,AUD,76.99,2020-10-08,95.37,23.87,31.0,2020-05-08,95.37,CLOSED,23.87,158.0,20.0,100.0
-,ASX-REA,2020-03-31,AUD,76.99,2020-07-02,85.88,11.55,31.0,2020-04-14,85.88,CLOSED,11.55,208.0,15.0,100.0
-,ASX-AGL,2020-03-31,AUD,17.19,2020-08-31,17.81,3.61,6.0,2020-08-31,14.8,CLOSED,-13.9,-23.0,100.0,-385.0
-,ASX-VCX,2020-03-31,AUD,1.03,2020-05-23,1.06,2.91,14.0,2020-04-01,1.06,CLOSED,2.91,733.0,2.0,100.0
-,0268.HK,2020-03-31,HKD,10.34,2021-02-17,15.83,53.09,41.0,2020-06-19,15.83,CLOSED,53.09,167.0,25.0,100.0
-,ASX-AGL,2020-03-31,AUD,17.19,2021-02-20,18.49,7.56,6.0,2020-12-11,13.33,OPEN,-22.45,-22.0,78.0,-297.0
-,ASX-VCX,2020-04-01,AUD,1.16,2021-01-21,1.38,18.97,16.0,2020-04-09,1.38,CLOSED,18.97,598.0,3.0,100.0
-,ASX-VCX,2020-04-01,AUD,1.16,2021-01-21,1.31,12.93,11.0,2020-04-08,1.31,CLOSED,12.93,465.0,2.0,100.0
-,ASX-BHP,2020-04-01,AUD,30.23,2020-07-15,33.11,9.53,23.0,2020-05-19,33.11,CLOSED,9.53,50.0,46.0,100.0
-,ASX-BHP,2020-04-01,AUD,30.23,2020-12-24,33.92,12.21,12.0,2020-05-19,33.92,CLOSED,12.21,64.0,18.0,100.0
-,ASX-VCX,2020-04-01,AUD,1.16,2020-05-24,1.19,2.59,12.0,2020-04-07,1.19,CLOSED,2.59,109.0,11.0,100.0
-,JNJ,2020-04-06,USD,139.76,2020-12-22,150.33,7.56,7.0,2020-04-16,150.33,CLOSED,7.56,191.0,4.0,100.0
-,NFLX,2020-04-06,USD,379.96,2020-09-27,488.02,28.44,41.0,2020-07-01,488.02,CLOSED,28.44,83.0,49.0,100.0
-,NFLX,2020-04-06,USD,379.96,2020-09-14,458.46,20.66,32.0,2020-05-19,458.46,CLOSED,20.66,121.0,27.0,100.0
-,ASX-VCX,2020-04-07,AUD,1.2,2020-10-14,1.34,11.67,15.0,2020-04-08,1.34,CLOSED,11.67,2941.0,1.0,100.0
-,2638.HK,2020-04-07,HKD,7.84,2020-12-04,8.72,11.22,12.0,2020-12-04,7.73,CLOSED,-1.4,-1.0,100.0,-12.0
-,2638.HK,2020-04-07,HKD,7.84,2020-10-06,8.36,6.63,9.0,2020-10-06,7.91,CLOSED,0.89,1.0,100.0,13.0
-,ASX-ANN,2020-04-08,AUD,29.07,2021-03-18,33.64,15.72,12.0,2020-05-18,33.64,CLOSED,15.72,99.0,12.0,100.0
-,ASX-ANN,2020-04-08,AUD,29.07,2020-07-09,30.36,4.44,12.0,2020-05-11,30.36,CLOSED,4.44,34.0,36.0,100.0
-,ASX-CSL,2020-04-08,AUD,311.94,2020-12-30,320.46,2.73,3.0,2020-04-09,320.46,CLOSED,2.73,688.0,0.0,100.0
-,ASX-CSL,2020-04-08,AUD,311.94,2020-12-09,331.56,6.29,6.0,2020-12-09,304.14,CLOSED,-2.5,-3.0,100.0,-40.0
-,2768.HK,2020-04-08,HKD,3.2,2020-04-28,3.49,9.06,114.0,2020-04-28,3.2,CLOSED,0.0,0.0,100.0,0.0
-,2768.HK,2020-04-08,HKD,3.2,2020-05-10,3.82,19.37,153.0,2020-05-08,3.2,CLOSED,0.0,0.0,94.0,0.0
-,ASX-VVR,2020-04-09,AUD,2.45,2020-05-26,2.58,5.31,28.0,2020-04-17,2.58,CLOSED,5.31,167.0,17.0,100.0
-,ASX-VVR,2020-04-09,AUD,2.45,2020-04-30,2.53,3.27,39.0,2020-04-17,2.53,CLOSED,3.27,103.0,38.0,100.0
-,0823.HK,2020-04-09,HKD,67.5,2020-09-15,77.38,14.64,23.0,2020-09-15,64.3,CLOSED,-4.74,-8.0,100.0,-32.0
-,0808.HK,2020-04-09,HKD,2.45,2020-09-22,2.66,8.57,13.0,2020-09-22,2.27,CLOSED,-7.35,-11.0,100.0,-86.0
-,2208.HK,2020-04-09,HKD,7.31,2020-12-10,9.45,29.27,30.0,2020-10-15,9.45,CLOSED,29.27,39.0,77.0,100.0
-,0388.HK,2020-04-09,HKD,247.4,2021-03-20,294.7,19.12,14.0,2020-06-04,294.7,CLOSED,19.12,86.0,16.0,100.0
-,0823.HK,2020-04-09,HKD,67.5,2020-07-04,70.56,4.53,13.0,2020-04-17,70.56,CLOSED,4.53,143.0,9.0,100.0
-,0388.HK,2020-04-09,HKD,247.4,2020-10-29,274.07,10.78,13.0,2020-05-21,274.07,CLOSED,10.78,65.0,21.0,100.0
-,0808.HK,2020-04-09,HKD,2.45,2020-09-11,2.65,8.16,13.0,2020-09-11,2.32,CLOSED,-5.31,-9.0,100.0,-65.0
-,3808.HK,2020-04-09,HKD,15.04,2020-09-03,17.87,18.82,32.0,2020-05-08,17.87,CLOSED,18.82,164.0,20.0,100.0
-,ASX-VVR,2020-04-09,AUD,2.45,2020-09-21,2.73,11.43,17.0,2020-05-15,2.44,OPEN,-0.41,-3.0,22.0,-4.0
-,ASX-VVR,2020-04-09,AUD,2.45,2020-12-20,2.6,6.12,6.0,2020-05-15,2.44,OPEN,-0.41,-3.0,14.0,-7.0
-,ASX-NAN,2020-04-09,AUD,6.25,2021-02-16,9.1,45.6,37.0,2020-12-11,7.08,OPEN,13.28,14.0,79.0,29.0
-,ASX-NAN,2020-04-09,AUD,6.25,2020-12-22,7.87,25.92,25.0,2020-12-11,7.08,OPEN,13.28,14.0,96.0,51.0
-,2208.HK,2020-04-09,HKD,7.31,2020-12-15,15.15,107.25,108.0,2020-12-11,11.96,OPEN,63.61,65.0,98.0,59.0
-,0823.HK,2020-04-09,HKD,67.5,2020-12-14,79.68,18.04,18.0,2020-12-11,69.65,OPEN,3.19,3.0,99.0,18.0
-,0066.HK,2020-04-09,HKD,42.3,2021-02-24,48.98,15.79,12.0,2020-12-11,43.35,OPEN,2.48,3.0,77.0,16.0
-,0670.HK,2020-04-09,HKD,2.88,2021-02-28,4.36,51.39,40.0,2020-12-11,3.59,OPEN,24.65,25.0,76.0,48.0
-,2588.HK,2020-04-14,HKD,49.85,2020-09-24,58.61,17.57,27.0,2020-08-28,58.61,CLOSED,17.57,33.0,83.0,100.0
-,2588.HK,2020-04-14,HKD,49.85,2020-06-06,53.57,7.46,35.0,2020-04-23,53.57,CLOSED,7.46,209.0,17.0,100.0
-,2588.HK,2020-04-14,HKD,49.85,2020-09-27,57.5,15.35,23.0,2020-08-28,57.5,CLOSED,15.35,28.0,82.0,100.0
-,ASX-AGL,2020-04-14,AUD,17.75,2021-01-11,19.0,7.04,7.0,2020-12-11,13.33,OPEN,-24.9,-26.0,89.0,-354.0
-,STW,2020-04-15,USD,50.64,2020-09-29,52.25,3.18,5.0,2020-05-21,52.25,CLOSED,3.18,22.0,22.0,100.0
-,STW,2020-04-15,USD,50.64,2020-09-07,52.09,2.86,5.0,2020-05-19,52.09,CLOSED,2.86,21.0,23.0,100.0
-,2638.HK,2020-04-15,HKD,8.01,2020-11-08,8.74,9.11,11.0,2020-11-06,7.91,CLOSED,-1.25,-2.0,99.0,-14.0
-,2638.HK,2020-04-15,HKD,8.01,2020-09-21,8.58,7.12,11.0,2020-09-21,7.89,CLOSED,-1.5,-2.0,100.0,-21.0
-,2588.HK,2020-04-17,HKD,49.65,2020-09-13,58.58,17.99,30.0,2020-08-28,58.58,CLOSED,17.99,34.0,89.0,100.0
-,2588.HK,2020-04-17,HKD,49.65,2020-09-16,56.92,14.64,24.0,2020-08-28,56.92,CLOSED,14.64,28.0,88.0,100.0
-,2588.HK,2020-04-17,HKD,49.65,2020-06-12,53.8,8.36,38.0,2020-04-23,53.8,CLOSED,8.36,351.0,11.0,100.0
-,ASX-BKW,2020-04-24,AUD,12.29,2021-01-11,13.73,11.72,11.0,2020-05-26,13.73,CLOSED,11.72,92.0,12.0,100.0
-,ASX-BKW,2020-04-24,AUD,12.29,2020-07-10,12.85,4.56,15.0,2020-04-29,12.85,CLOSED,4.56,230.0,6.0,100.0
-,0288.HK,2020-04-24,HKD,7.62,2020-10-11,8.81,15.62,23.0,2020-10-09,6.25,CLOSED,-17.98,-27.0,99.0,-115.0
-,0288.HK,2020-04-24,HKD,7.62,2020-08-06,9.25,21.39,52.0,2020-08-06,7.13,CLOSED,-6.43,-16.0,100.0,-30.0
-,0288.HK,2020-04-24,HKD,7.62,2020-07-24,8.04,5.51,15.0,2020-07-24,6.79,CLOSED,-10.89,-30.0,100.0,-198.0
-,ASX-BKW,2020-04-27,AUD,12.43,2021-01-14,13.89,11.75,11.0,2020-05-27,13.89,CLOSED,11.75,99.0,11.0,100.0
-,ASX-BKW,2020-04-27,AUD,12.43,2020-07-13,13.0,4.59,15.0,2020-04-30,13.0,CLOSED,4.59,386.0,4.0,100.0
-,ASX-REA,2020-04-28,AUD,85.5,2020-11-07,112.79,31.92,42.0,2020-08-04,112.79,CLOSED,31.92,82.0,51.0,100.0
-,ASX-REA,2020-04-28,AUD,85.5,2020-11-05,105.91,23.87,31.0,2020-06-04,105.91,CLOSED,23.87,163.0,19.0,100.0
-,ASX-REA,2020-04-28,AUD,85.5,2020-07-30,95.38,11.56,31.0,2020-05-08,95.38,CLOSED,11.56,291.0,11.0,100.0
-,2768.HK,2020-04-28,HKD,3.2,2020-06-03,3.59,12.19,85.0,2020-06-03,3.09,CLOSED,-3.44,-24.0,100.0,-28.0
-,2768.HK,2020-04-28,HKD,3.2,2020-06-03,3.77,17.81,125.0,2020-06-03,3.09,CLOSED,-3.44,-24.0,100.0,-19.0
-,2638.HK,2020-04-28,HKD,7.99,2020-10-27,8.52,6.63,9.0,2020-10-27,8.01,CLOSED,0.25,0.0,100.0,4.0
-,0388.HK,2020-04-28,HKD,252.6,2021-02-20,307.79,21.85,18.0,2020-06-22,307.79,CLOSED,21.85,100.0,18.0,100.0
-,0388.HK,2020-04-28,HKD,252.6,2020-11-03,290.79,15.12,20.0,2020-06-03,290.79,CLOSED,15.12,106.0,19.0,100.0
-,2638.HK,2020-04-28,HKD,7.99,2020-12-25,8.88,11.14,12.0,2020-12-11,7.71,OPEN,-3.5,-4.0,94.0,-31.0
-,ASX-BHP,2020-04-29,AUD,31.12,2021-03-09,35.21,13.14,11.0,2020-06-03,35.21,CLOSED,13.14,95.0,11.0,100.0
-,ASX-BHP,2020-04-29,AUD,31.12,2020-09-15,33.76,8.48,15.0,2020-05-19,33.76,CLOSED,8.48,107.0,14.0,100.0
-,0435.HK,2020-04-29,HKD,3.99,2020-10-16,4.38,9.77,14.0,2020-10-16,3.44,CLOSED,-13.78,-20.0,100.0,-141.0
-,0808.HK,2020-04-29,HKD,2.49,2020-10-12,2.71,8.84,13.0,2020-10-12,2.29,CLOSED,-8.03,-12.0,100.0,-91.0
-,0808.HK,2020-04-29,HKD,2.49,2020-10-01,2.69,8.03,13.0,2020-09-30,2.3,CLOSED,-7.63,-12.0,99.0,-95.0
-,ASX-NAN,2020-04-29,AUD,6.72,2021-03-29,9.33,38.84,29.0,2020-12-11,7.08,OPEN,5.36,6.0,68.0,14.0
-,ASX-NAN,2020-04-29,AUD,6.72,2021-02-06,8.2,22.02,20.0,2020-12-11,7.08,OPEN,5.36,6.0,80.0,24.0
-,0435.HK,2020-04-29,HKD,3.99,2020-12-12,4.42,10.78,12.0,2020-12-11,3.81,OPEN,-4.51,-5.0,100.0,-42.0
-,2800.HK,2020-04-29,HKD,24.75,2021-01-03,27.53,11.23,11.0,2020-12-11,26.7,OPEN,7.88,9.0,91.0,70.0
-,1766.HK,2020-04-29,HKD,4.11,2021-04-03,5.1,24.09,18.0,2020-12-11,2.87,OPEN,-30.17,-34.0,67.0,-125.0
-,ASX-VCX,2020-04-30,AUD,1.49,2020-11-06,1.66,11.41,15.0,2020-05-26,1.66,CLOSED,11.41,111.0,14.0,100.0
-,STW,2020-04-30,USD,51.11,2020-10-17,52.55,2.82,4.0,2020-05-26,52.55,CLOSED,2.82,27.0,15.0,100.0
-,STW,2020-04-30,USD,51.11,2020-11-22,52.71,3.13,4.0,2020-05-26,52.71,CLOSED,3.13,30.0,13.0,100.0
-,STW,2020-05-07,USD,49.76,2020-10-21,51.34,3.18,5.0,2020-05-19,51.34,CLOSED,3.18,67.0,7.0,100.0
-,STW,2020-05-07,USD,49.76,2020-09-29,51.18,2.85,5.0,2020-05-19,51.18,CLOSED,2.85,60.0,8.0,100.0
-,2768.HK,2020-05-07,HKD,3.19,2020-05-27,3.48,9.09,115.0,2020-05-27,3.1,CLOSED,-2.82,-36.0,100.0,-31.0
-,2768.HK,2020-05-07,HKD,3.19,2020-06-08,3.8,19.12,151.0,2020-06-08,3.1,CLOSED,-2.82,-22.0,100.0,-15.0
-,ASX-BHP,2020-05-08,AUD,31.4,2020-08-21,34.39,9.52,23.0,2020-05-19,34.39,CLOSED,9.52,218.0,10.0,100.0
-,ASX-BHP,2020-05-08,AUD,31.4,2021-01-30,35.23,12.2,12.0,2020-06-03,35.23,CLOSED,12.2,118.0,10.0,100.0
-,STW,2020-05-08,USD,50.06,2020-10-25,51.47,2.82,4.0,2020-05-19,51.47,CLOSED,2.82,65.0,6.0,100.0
-,STW,2020-05-08,USD,50.06,2020-11-30,51.63,3.14,4.0,2020-05-19,51.63,CLOSED,3.14,72.0,5.0,100.0
-,ASX-VCX,2020-05-11,AUD,1.5,2020-11-17,1.67,11.33,15.0,2020-05-26,1.67,CLOSED,11.33,190.0,8.0,100.0
-,ASX-ABP,2020-05-11,AUD,2.5,2021-04-27,2.65,6.0,4.0,2020-05-28,2.65,CLOSED,6.0,89.0,5.0,100.0
-,ASX-BHP,2020-05-11,AUD,31.55,2021-03-21,35.7,13.15,11.0,2020-06-03,35.7,CLOSED,13.15,144.0,7.0,100.0
-,ASX-BHP,2020-05-11,AUD,31.55,2020-09-27,34.23,8.49,15.0,2020-05-19,34.23,CLOSED,8.49,267.0,6.0,100.0
-,2638.HK,2020-05-11,HKD,7.98,2020-11-09,8.51,6.64,9.0,2020-11-09,7.9,CLOSED,-1.0,-1.0,100.0,-15.0
-,2638.HK,2020-05-11,HKD,7.98,2021-01-07,8.87,11.15,12.0,2020-12-11,7.71,OPEN,-3.38,-4.0,89.0,-30.0
+,ASX-VVR,2020-05-12,AUD,2.37,2020-06-17,2.43,2.53,18.0,2020-05-15,2.43,CLOSED,2.53,213.0,8.0,100.0
-,ASX-VVR,2020-05-12,AUD,2.37,2020-08-03,2.53,6.75,20.0,2020-05-15,2.44,OPEN,2.95,248.0,4.0,44.0
-,ASX-VVR,2020-05-12,AUD,2.37,2020-12-20,2.8,18.14,21.0,2020-05-15,2.44,OPEN,2.95,248.0,1.0,16.0
-,ASX-VVR,2020-05-12,AUD,2.37,2020-11-28,2.51,5.91,7.0,2020-05-15,2.44,OPEN,2.95,248.0,2.0,50.0
-,0388.HK,2020-05-15,HKD,252.4,2021-03-09,307.55,21.85,18.0,2020-06-22,307.55,CLOSED,21.85,145.0,13.0,100.0
-,0388.HK,2020-05-15,HKD,252.4,2020-11-20,290.56,15.12,20.0,2020-06-03,290.56,CLOSED,15.12,201.0,10.0,100.0
-,0268.HK,2020-05-15,HKD,13.68,2021-04-03,20.94,53.07,41.0,2020-07-30,20.94,CLOSED,53.07,176.0,24.0,100.0
-,0288.HK,2020-05-18,HKD,6.92,2020-10-15,8.46,22.25,37.0,2020-10-15,6.07,CLOSED,-12.28,-21.0,100.0,-55.0
-,0288.HK,2020-05-18,HKD,6.92,2020-11-25,10.54,52.31,69.0,2020-11-25,6.62,CLOSED,-4.34,-6.0,100.0,-8.0
-,0288.HK,2020-05-18,HKD,6.92,2020-10-09,7.5,8.38,15.0,2020-07-07,7.5,CLOSED,8.38,42.0,35.0,100.0
-,ASX-CSL,2020-05-18,AUD,306.4,2021-02-24,323.34,5.53,5.0,2020-12-11,291.53,OPEN,-4.85,-6.0,73.0,-88.0
-,ASX-CSL,2020-05-18,AUD,306.4,2021-01-25,335.2,9.4,9.0,2020-12-11,291.53,OPEN,-4.85,-6.0,82.0,-52.0
-,2800.HK,2020-05-19,HKD,24.6,2021-02-07,27.32,11.06,11.0,2020-07-07,27.32,CLOSED,11.06,57.0,19.0,100.0
-,0006.HK,2020-05-19,HKD,47.9,2020-10-22,50.23,4.86,8.0,2020-10-22,40.45,CLOSED,-15.55,-25.0,100.0,-320.0
-,QQQ,2020-05-19,USD,226.86,2021-04-14,259.98,14.6,11.0,2020-07-07,259.98,CLOSED,14.6,75.0,15.0,100.0
-,MA,2020-05-19,USD,290.73,2020-09-10,336.58,15.77,35.0,2020-08-20,336.58,CLOSED,15.77,43.0,82.0,100.0
-,QQQ,2020-05-19,USD,226.86,2020-10-31,239.47,5.56,8.0,2020-06-05,239.47,CLOSED,5.56,82.0,10.0,100.0
-,MA,2020-05-19,USD,290.73,2020-08-03,311.9,7.28,24.0,2020-06-05,311.9,CLOSED,7.28,108.0,22.0,100.0
-,MA,2020-05-19,USD,290.73,2020-06-25,302.18,3.94,27.0,2020-05-26,302.18,CLOSED,3.94,142.0,19.0,100.0
-,0006.HK,2020-05-19,HKD,47.9,2021-05-09,52.33,9.25,7.0,2020-12-11,41.15,OPEN,-14.09,-17.0,58.0,-152.0
-,2388.HK,2020-05-19,HKD,24.5,2021-03-16,28.59,16.69,14.0,2020-12-11,24.0,OPEN,-2.04,-2.0,68.0,-12.0
-,MA,2020-05-19,USD,290.73,2021-03-02,379.87,30.66,27.0,2020-12-11,327.42,OPEN,12.62,15.0,72.0,41.0
-,BAX,2020-06-12,USD,83.97,2020-10-22,87.3,3.97,8.0,2020-07-01,87.3,CLOSED,3.97,53.0,14.0,100.0
-,TGT,2020-06-12,USD,116.9,2020-08-25,121.56,3.99,14.0,2020-06-19,121.56,CLOSED,3.99,144.0,9.0,100.0
-,0459.HK,2020-06-15,HKD,0.09,2020-09-28,0.14,55.56,133.0,2020-08-20,0.14,CLOSED,55.56,212.0,63.0,100.0
-,0166.HK,2020-06-15,HKD,0.03,2020-11-28,0.04,33.33,51.0,2020-06-26,0.04,CLOSED,33.33,764.0,7.0,100.0
-,0861.HK,2020-06-15,HKD,4.83,2021-02-24,5.55,14.91,15.0,2020-07-08,5.55,CLOSED,14.91,163.0,9.0,100.0
-,0861.HK,2020-06-15,HKD,4.83,2021-02-03,5.41,12.01,13.0,2020-07-08,5.41,CLOSED,12.01,132.0,10.0,100.0
-,SHOP,2020-06-15,USD,805.47,2020-10-02,1123.79,39.52,91.0,2020-09-01,1123.79,CLOSED,39.52,128.0,72.0,100.0
-,SHOP,2020-06-15,USD,805.47,2020-10-04,1080.05,34.09,77.0,2020-07-29,1080.05,CLOSED,34.09,195.0,40.0,100.0
-,SHOP,2020-06-15,USD,805.47,2020-07-25,919.52,14.16,89.0,2020-06-23,919.52,CLOSED,14.16,446.0,20.0,100.0
-,SHOP,2020-06-15,USD,805.47,2020-07-12,874.42,8.56,80.0,2020-06-19,874.42,CLOSED,8.56,539.0,15.0,100.0
-,PX,2020-06-15,USD,0.19,2020-11-24,0.2,5.26,8.0,2020-06-24,0.2,CLOSED,5.26,147.0,6.0,100.0
-,WMT,2020-06-15,USD,118.08,2020-11-11,123.46,4.56,8.0,2020-07-07,123.46,CLOSED,4.56,52.0,15.0,100.0
-,ASX-BGA,2020-06-16,AUD,4.73,2021-02-09,5.66,19.66,21.0,2020-11-30,5.66,CLOSED,19.66,30.0,70.0,100.0
-,ASX-CGC,2020-06-16,AUD,2.87,2020-09-02,3.74,30.31,98.0,2020-09-02,3.6368,CLOSED,26.72,86.0,100.0,88.0
-,ASX-RMD,2020-06-16,AUD,23.86,2021-01-04,27.09,13.54,17.0,2020-06-26,27.09,CLOSED,13.54,341.0,5.0,100.0
-,ASX-NCM,2020-06-16,AUD,30.44,2021-06-05,34.66,13.86,10.0,2020-07-23,34.66,CLOSED,13.86,94.0,10.0,100.0
-,ASX-NAN,2020-06-16,AUD,6.86,2020-08-26,7.5,9.33,33.0,2020-08-26,6.07,CLOSED,-11.52,-41.0,100.0,-123.0
-,ASX-RMD,2020-06-16,AUD,23.86,2020-07-21,24.72,3.6,26.0,2020-06-17,24.72,CLOSED,3.6,907.0,3.0,100.0
-,ASX-BGA,2020-06-16,AUD,4.73,2020-08-13,4.93,4.23,18.0,2020-07-03,4.93,CLOSED,4.23,63.0,29.0,100.0
-,1251.HK,2020-06-16,HKD,0.32,2020-08-23,0.42,31.25,116.0,2020-08-21,0.25,CLOSED,-21.88,-84.0,97.0,-70.0
-,0459.HK,2020-06-16,HKD,0.11,2020-09-29,0.17,54.55,131.0,2020-09-29,0.09,CLOSED,-18.18,-44.0,100.0,-33.0
-,1766.HK,2020-06-16,HKD,3.62,2020-08-02,4.38,20.99,113.0,2020-07-31,3.37,CLOSED,-6.91,-39.0,96.0,-33.0
-,0166.HK,2020-06-16,HKD,0.03,2020-11-29,0.04,33.33,51.0,2020-06-26,0.04,CLOSED,33.33,840.0,6.0,100.0
-,LOW,2020-06-16,USD,131.74,2021-01-21,147.83,12.21,14.0,2020-07-22,147.83,CLOSED,12.21,85.0,16.0,100.0
-,WMT,2020-06-16,USD,119.65,2020-11-12,125.11,4.56,8.0,2020-07-07,125.11,CLOSED,4.56,55.0,14.0,100.0
-,ASX-CGC,2020-06-16,AUD,2.87,2021-01-22,4.47,55.75,64.0,2020-12-11,4.01,OPEN,39.72,56.0,81.0,71.0
-,ASX-RHC,2020-06-16,AUD,65.76,2021-05-31,76.3,16.03,12.0,2020-12-11,63.24,OPEN,-3.83,-5.0,51.0,-24.0
-,ASX-RHC,2020-06-16,AUD,65.76,2020-12-24,71.25,8.35,11.0,2020-12-11,63.24,OPEN,-3.83,-5.0,93.0,-46.0
-,ASX-NAN,2020-06-16,AUD,6.86,2021-05-12,8.46,23.32,18.0,2020-12-11,7.08,OPEN,3.21,5.0,54.0,14.0
-,ASX-NAN,2020-06-16,AUD,6.86,2020-12-19,7.59,10.64,14.0,2020-12-11,7.08,OPEN,3.21,5.0,96.0,30.0
+,NFLX,2020-06-17,USD,447.77,2020-12-11,583.58,30.33,43.0,2020-12-11,503.22,CLOSED,12.38,18.0,100.0,41.0
-,ASX-A2M,2020-06-17,AUD,19.1,2020-11-13,28.21,47.7,81.0,2020-11-13,14.45,CLOSED,-24.35,-41.0,100.0,-51.0
-,ASX-BGA,2020-06-17,AUD,4.75,2021-02-10,5.68,19.58,21.0,2020-11-30,5.68,CLOSED,19.58,30.0,70.0,100.0
-,ASX-NXT,2020-06-17,AUD,9.51,2021-01-21,11.8,24.08,28.0,2020-08-04,11.8,CLOSED,24.08,126.0,22.0,100.0
-,ASX-NXT,2020-06-17,AUD,9.51,2021-03-06,11.5,20.93,20.0,2020-07-07,11.5,CLOSED,20.93,264.0,8.0,100.0
-,ASX-A2M,2020-06-17,AUD,19.1,2020-09-08,24.39,27.7,84.0,2020-09-08,16.76,CLOSED,-12.25,-37.0,100.0,-44.0
-,ASX-A2M,2020-06-17,AUD,19.1,2020-07-19,21.18,10.89,86.0,2020-07-17,19.39,CLOSED,1.52,13.0,94.0,14.0
-,ASX-ALU,2020-06-17,AUD,34.7,2020-07-31,38.12,9.86,56.0,2020-07-31,32.68,CLOSED,-5.82,-33.0,100.0,-59.0
-,ASX-ALU,2020-06-17,AUD,34.7,2020-09-28,37.01,6.66,16.0,2020-08-25,37.01,CLOSED,6.66,24.0,67.0,100.0
-,ASX-ALU,2020-06-17,AUD,34.7,2021-05-01,38.61,11.27,9.0,2020-10-13,38.61,CLOSED,11.27,24.0,37.0,100.0
-,ASX-BRG,2020-06-17,AUD,23.13,2021-02-28,26.75,15.65,15.0,2020-08-05,26.75,CLOSED,15.65,80.0,19.0,100.0
-,ASX-BGA,2020-06-17,AUD,4.75,2020-08-14,4.95,4.21,18.0,2020-08-14,4.68,CLOSED,-1.47,-6.0,100.0,-35.0
-,0166.HK,2020-06-17,HKD,0.03,2020-11-30,0.04,33.33,51.0,2020-06-26,0.04,CLOSED,33.33,933.0,5.0,100.0
-,V,2020-06-17,USD,193.56,2020-09-03,211.46,9.25,30.0,2020-08-27,211.46,CLOSED,9.25,33.0,91.0,100.0
-,DHR,2020-06-17,USD,176.33,2020-11-22,191.65,8.69,14.0,2020-07-17,191.65,CLOSED,8.69,73.0,19.0,100.0
-,DHR,2020-06-17,USD,176.33,2020-11-03,186.35,5.68,10.0,2020-07-09,186.35,CLOSED,5.68,65.0,16.0,100.0
-,KMB,2020-06-17,USD,142.05,2021-04-04,153.06,7.75,7.0,2020-08-04,153.06,CLOSED,7.75,41.0,16.0,100.0
-,NFLX,2020-06-17,USD,447.77,2020-11-28,548.34,22.46,35.0,2020-07-10,548.34,CLOSED,22.46,246.0,14.0,100.0
-,V,2020-06-17,USD,193.56,2020-07-12,199.73,3.19,32.0,2020-06-23,199.73,CLOSED,3.19,134.0,24.0,100.0
-,ASX-ALU,2020-06-17,AUD,34.7,2021-06-04,41.48,19.54,14.0,2020-12-11,36.16,OPEN,4.21,6.0,50.0,22.0
-,V,2020-06-17,USD,193.56,2021-01-04,241.91,24.98,31.0,2020-12-11,206.24,OPEN,6.55,9.0,88.0,26.0
-,ASX-GMG,2020-06-18,AUD,15.04,2020-12-01,15.99,6.32,10.0,2020-07-21,15.99,CLOSED,6.32,48.0,20.0,100.0
-,ASX-CAR,2020-06-18,AUD,17.51,2021-04-14,20.14,15.02,13.0,2020-08-20,20.14,CLOSED,15.02,60.0,21.0,100.0
-,ASX-CAR,2020-06-18,AUD,17.51,2021-04-09,21.23,21.25,18.0,2020-09-03,21.23,CLOSED,21.25,70.0,26.0,100.0
-,ASX-NSR,2020-06-18,AUD,1.92,2021-05-22,2.04,6.25,5.0,2020-12-09,2.04,CLOSED,6.25,9.0,51.0,100.0
-,ASX-CAR,2020-06-18,AUD,17.51,2020-09-29,18.88,7.82,19.0,2020-07-21,18.88,CLOSED,7.82,60.0,32.0,100.0
-,ASX-NSR,2020-06-18,AUD,1.92,2020-10-10,2.02,5.21,12.0,2020-10-09,1.86,CLOSED,-3.12,-7.0,99.0,-60.0
-,3969.HK,2020-06-18,HKD,3.34,2021-05-20,3.73,11.68,9.0,2020-07-06,3.73,CLOSED,11.68,164.0,5.0,100.0
-,3969.HK,2020-06-18,HKD,3.34,2020-08-30,3.59,7.49,26.0,2020-07-03,3.59,CLOSED,7.49,126.0,21.0,100.0
-,3969.HK,2020-06-18,HKD,3.34,2020-09-26,3.67,9.88,25.0,2020-07-06,3.67,CLOSED,9.88,138.0,18.0,100.0
-,2208.HK,2020-06-18,HKD,7.86,2021-03-30,10.13,28.88,26.0,2020-10-15,10.13,CLOSED,28.88,61.0,42.0,100.0
-,1766.HK,2020-06-18,HKD,3.61,2020-08-04,4.37,21.05,113.0,2020-08-04,3.42,CLOSED,-5.26,-28.0,100.0,-25.0
-,0341.HK,2020-06-18,HKD,15.92,2021-03-07,17.39,9.23,9.0,2020-08-17,17.39,CLOSED,9.23,39.0,23.0,100.0
-,0166.HK,2020-06-18,HKD,0.03,2020-12-01,0.04,33.33,51.0,2020-06-26,0.04,CLOSED,33.33,1050.0,5.0,100.0
-,SHOP,2020-06-18,USD,863.56,2020-08-03,997.84,15.55,85.0,2020-07-01,997.84,CLOSED,15.55,301.0,28.0,100.0
-,SHOP,2020-06-18,USD,863.56,2020-09-12,1111.14,28.67,84.0,2020-08-26,1111.14,CLOSED,28.67,105.0,80.0,100.0
-,SHOP,2020-06-18,USD,863.56,2020-10-08,1238.26,43.39,98.0,2020-10-08,1069.21,CLOSED,23.81,54.0,100.0,55.0
-,AWK,2020-06-18,USD,129.17,2020-08-29,135.5,4.9,17.0,2020-07-15,135.5,CLOSED,4.9,46.0,38.0,100.0
-,AWK,2020-06-18,USD,129.17,2020-12-07,141.73,9.72,14.0,2020-07-20,141.73,CLOSED,9.72,77.0,19.0,100.0
-,FB,2020-06-18,USD,235.94,2021-02-26,285.86,21.16,21.0,2020-08-26,285.86,CLOSED,21.16,77.0,27.0,100.0
-,FB,2020-06-18,USD,235.94,2020-09-19,263.52,11.69,32.0,2020-08-06,263.52,CLOSED,11.69,60.0,53.0,100.0
-,DLR,2020-06-18,USD,143.16,2021-01-15,160.1,11.83,14.0,2020-07-31,160.1,CLOSED,11.83,69.0,20.0,100.0
-,XBI,2020-06-18,USD,105.85,2020-11-11,116.37,9.94,17.0,2020-07-07,116.37,CLOSED,9.94,132.0,13.0,100.0
-,PEP,2020-06-18,USD,132.78,2021-01-15,140.51,5.82,7.0,2020-08-31,140.51,CLOSED,5.82,20.0,35.0,100.0
-,QQQ,2020-06-18,USD,244.28,2020-11-22,259.25,6.13,10.0,2020-07-07,259.25,CLOSED,6.13,81.0,12.0,100.0
-,XBI,2020-06-18,USD,105.85,2021-04-29,131.06,23.82,19.0,2020-11-27,131.06,CLOSED,23.82,37.0,51.0,100.0
-,XBI,2020-06-18,USD,105.85,2020-10-14,115.52,9.14,20.0,2020-06-23,115.52,CLOSED,9.14,461.0,4.0,100.0
-,LOW,2020-06-18,USD,134.55,2021-04-10,151.02,12.24,10.0,2020-08-03,151.02,CLOSED,12.24,67.0,16.0,100.0
-,FB,2020-06-18,USD,235.94,2020-08-15,252.48,7.01,30.0,2020-07-31,252.48,CLOSED,7.01,41.0,74.0,100.0
-,GIS,2020-06-18,USD,61.76,2021-01-22,65.55,6.14,7.0,2020-08-04,65.55,CLOSED,6.14,33.0,22.0,100.0
-,SHOP,2020-06-18,USD,863.56,2020-07-11,905.36,4.84,53.0,2020-06-22,905.36,CLOSED,4.84,305.0,17.0,100.0
-,QQQ,2020-06-18,USD,244.28,2020-09-24,250.09,2.38,6.0,2020-06-23,250.09,CLOSED,2.38,120.0,5.0,100.0
-,AWK,2020-06-18,USD,129.17,2020-07-28,131.84,2.07,13.0,2020-07-02,131.84,CLOSED,2.07,37.0,35.0,100.0
-,PEP,2020-06-18,USD,132.78,2020-10-17,135.69,2.19,5.0,2020-07-13,135.69,CLOSED,2.19,22.0,21.0,100.0
-,DLR,2020-06-18,USD,143.16,2020-09-30,151.65,5.93,14.0,2020-07-28,151.65,CLOSED,5.93,37.0,38.0,100.0
-,ASX-NSR,2020-06-18,AUD,1.92,2021-01-30,2.16,12.5,14.0,2020-12-11,2.04,OPEN,6.25,9.0,78.0,50.0
-,2208.HK,2020-06-18,HKD,7.86,2021-05-07,16.48,109.67,86.0,2020-12-11,11.96,OPEN,52.16,75.0,54.0,48.0
-,ASX-SDF,2020-06-19,AUD,3.45,2020-12-21,3.84,11.3,15.0,2020-11-10,3.84,CLOSED,11.3,20.0,78.0,100.0
-,ASX-REA,2020-06-19,AUD,110.41,2020-12-29,145.65,31.92,42.0,2020-12-01,145.65,CLOSED,31.92,49.0,85.0,100.0
-,ASX-REA,2020-06-19,AUD,110.41,2020-12-27,136.76,23.87,31.0,2020-11-09,136.76,CLOSED,23.87,42.0,75.0,100.0
-,ASX-SDF,2020-06-19,AUD,3.45,2020-08-27,3.65,5.8,21.0,2020-08-27,3.65,CLOSED,5.8,21.0,100.0,100.0
-,ASX-GOZ,2020-06-19,AUD,3.36,2021-03-27,3.58,6.55,6.0,2020-10-06,3.58,CLOSED,6.55,15.0,39.0,100.0
-,ASX-CHC,2020-06-19,AUD,10.1,2021-05-08,11.98,18.61,15.0,2020-08-20,11.98,CLOSED,18.61,76.0,19.0,100.0
-,ASX-REA,2020-06-19,AUD,110.41,2020-09-20,123.14,11.53,31.0,2020-09-18,108.72,CLOSED,-1.53,-4.0,98.0,-13.0
-,ASX-DMP,2020-06-19,AUD,68.32,2021-01-25,76.18,11.5,13.0,2020-07-28,76.18,CLOSED,11.5,74.0,18.0,100.0
-,ASX-ABP,2020-06-19,AUD,2.78,2021-06-05,2.94,5.76,4.0,2020-09-25,2.94,CLOSED,5.76,15.0,28.0,100.0
-,ASX-SVW,2020-06-19,AUD,17.92,2020-12-22,21.15,18.02,24.0,2020-10-09,21.15,CLOSED,18.02,41.0,60.0,100.0
-,ASX-DMP,2020-06-19,AUD,68.32,2021-05-08,88.45,29.46,23.0,2020-10-16,88.45,CLOSED,29.46,62.0,37.0,100.0
-,ASX-GOZ,2020-06-19,AUD,3.36,2020-10-30,3.45,2.68,5.0,2020-06-30,3.45,CLOSED,2.68,61.0,8.0,100.0
-,ASX-DMP,2020-06-19,AUD,68.32,2020-09-24,72.72,6.44,17.0,2020-07-03,72.72,CLOSED,6.44,116.0,14.0,100.0
-,ASX-SEK,2020-06-19,AUD,21.69,2021-06-18,26.35,21.48,15.0,2020-11-19,26.35,CLOSED,21.48,35.0,42.0,100.0
-,ASX-GPT,2020-06-19,AUD,4.47,2020-11-17,4.61,3.13,5.0,2020-11-10,4.61,CLOSED,3.13,5.0,95.0,100.0
-,0288.HK,2020-06-19,HKD,6.91,2020-12-06,7.99,15.63,23.0,2020-12-04,6.77,CLOSED,-2.03,-3.0,99.0,-13.0
-,0288.HK,2020-06-19,HKD,6.91,2020-10-01,8.39,21.42,52.0,2020-09-30,6.28,CLOSED,-9.12,-22.0,99.0,-43.0
-,2382.HK,2020-06-19,HKD,114.1,2021-03-05,166.47,45.9,45.0,2020-11-09,166.47,CLOSED,45.9,81.0,55.0,100.0
-,2382.HK,2020-06-19,HKD,114.1,2020-12-15,156.47,37.13,52.0,2020-11-09,156.47,CLOSED,37.13,65.0,80.0,100.0
-,3808.HK,2020-06-19,HKD,20.65,2020-11-29,25.14,21.74,34.0,2020-07-21,25.14,CLOSED,21.74,171.0,20.0,100.0
-,1415.HK,2020-06-19,HKD,1.75,2020-12-29,2.2,25.71,34.0,2020-06-30,2.2,CLOSED,25.71,589.0,6.0,100.0
-,0288.HK,2020-06-19,HKD,6.91,2020-09-18,7.29,5.5,15.0,2020-07-06,7.29,CLOSED,5.5,82.0,19.0,100.0
-,0880.HK,2020-06-19,HKD,9.17,2020-10-30,10.81,17.88,34.0,2020-08-25,10.81,CLOSED,17.88,67.0,50.0,100.0
-,0166.HK,2020-06-19,HKD,0.03,2020-12-02,0.04,33.33,51.0,2020-06-26,0.04,CLOSED,33.33,1200.0,4.0,100.0
-,2382.HK,2020-06-19,HKD,114.1,2020-08-27,123.57,8.3,30.0,2020-06-26,123.57,CLOSED,8.3,299.0,10.0,100.0
-,2018.HK,2020-06-19,HKD,46.45,2020-10-18,49.22,5.96,12.0,2020-06-24,49.22,CLOSED,5.96,300.0,4.0,100.0
-,NKE,2020-06-19,USD,95.78,2020-12-05,105.91,10.58,16.0,2020-08-10,105.91,CLOSED,10.58,51.0,31.0,100.0
-,IXN,2020-06-19,USD,230.09,2020-11-07,246.22,7.01,13.0,2020-07-13,246.22,CLOSED,7.01,74.0,17.0,100.0
-,IBB,2020-06-19,USD,137.85,2020-12-18,151.0,9.54,13.0,2020-12-09,151.0,CLOSED,9.54,14.0,95.0,100.0
-,PEP,2020-06-19,USD,131.28,2021-01-18,140.55,7.06,8.0,2020-08-31,140.55,CLOSED,7.06,24.0,34.0,100.0
-,NKE,2020-06-19,USD,95.78,2021-03-17,108.35,13.12,12.0,2020-08-19,108.35,CLOSED,13.12,54.0,23.0,100.0
-,ORCL,2020-06-19,USD,54.4,2021-05-15,62.12,14.19,11.0,2020-09-21,62.12,CLOSED,14.19,38.0,28.0,100.0
-,XBI,2020-06-19,USD,108.85,2021-04-20,133.84,22.96,19.0,2020-12-01,133.84,CLOSED,22.96,35.0,54.0,100.0
-,XBI,2020-06-19,USD,108.85,2020-10-07,116.6,7.12,16.0,2020-07-07,116.6,CLOSED,7.12,100.0,16.0,100.0
-,XBI,2020-06-19,USD,108.85,2020-11-09,118.36,8.74,15.0,2020-07-13,118.36,CLOSED,8.74,92.0,17.0,100.0
-,NDAQ,2020-06-19,USD,118.83,2021-03-28,137.61,15.8,14.0,2020-09-02,137.61,CLOSED,15.8,53.0,27.0,100.0
-,AMT,2020-06-19,USD,265.6,2020-10-07,281.56,6.01,14.0,2020-10-07,241.77,CLOSED,-8.97,-21.0,100.0,-149.0
-,PG,2020-06-19,USD,118.92,2020-12-21,125.76,5.75,8.0,2020-07-15,125.76,CLOSED,5.75,56.0,14.0,100.0
-,CL,2020-06-19,USD,73.36,2021-03-09,78.14,6.52,6.0,2020-08-18,78.14,CLOSED,6.52,27.0,23.0,100.0
-,AMT,2020-06-19,USD,265.6,2020-12-07,295.51,11.26,17.0,2020-12-07,224.27,CLOSED,-15.56,-23.0,100.0,-138.0
-,IXN,2020-06-19,USD,230.09,2020-09-08,239.2,3.96,12.0,2020-07-02,239.2,CLOSED,3.96,77.0,16.0,100.0
-,PEP,2020-06-19,USD,131.28,2020-10-17,135.6,3.29,7.0,2020-07-13,135.6,CLOSED,3.29,35.0,20.0,100.0
-,IBB,2020-06-19,USD,137.85,2020-10-12,145.09,5.25,12.0,2020-07-20,145.09,CLOSED,5.25,43.0,27.0,100.0
-,IXN,2020-06-19,USD,230.09,2020-08-02,234.05,1.72,10.0,2020-06-22,234.05,CLOSED,1.72,144.0,7.0,100.0
-,ASX-SDF,2020-06-19,AUD,3.45,2021-04-08,4.54,31.59,27.0,2020-12-11,3.89,OPEN,12.75,18.0,60.0,40.0
-,ASX-TCL,2020-06-19,AUD,15.16,2021-02-11,16.32,7.65,8.0,2020-12-11,13.64,OPEN,-10.03,-14.0,74.0,-131.0
-,ASX-APA,2020-06-19,AUD,11.54,2021-04-18,12.36,7.11,6.0,2020-12-11,10.24,OPEN,-11.27,-16.0,58.0,-159.0
-,2638.HK,2020-06-19,HKD,8.24,2021-02-15,9.16,11.17,12.0,2020-12-11,7.71,OPEN,-6.43,-9.0,73.0,-58.0
-,0345.HK,2020-06-19,HKD,29.55,2021-01-02,34.74,17.56,22.0,2020-12-11,31.05,OPEN,5.08,7.0,89.0,29.0
-,2638.HK,2020-06-19,HKD,8.24,2020-12-18,8.79,6.67,9.0,2020-12-11,7.71,OPEN,-6.43,-9.0,96.0,-96.0
-,0345.HK,2020-06-19,HKD,29.55,2021-02-02,35.84,21.29,24.0,2020-12-11,31.05,OPEN,5.08,7.0,77.0,24.0
-,1038.HK,2020-06-19,HKD,42.85,2021-04-28,50.25,17.27,14.0,2020-12-11,39.95,OPEN,-6.77,-10.0,56.0,-39.0
-,NDAQ,2020-06-19,USD,118.83,2021-05-19,139.83,17.67,13.0,2020-12-11,125.67,OPEN,5.76,8.0,52.0,33.0
-,ASX-BAP,2020-06-22,AUD,5.85,2021-04-06,7.29,24.62,22.0,2020-10-06,7.29,CLOSED,24.62,59.0,37.0,100.0
-,ASX-RWC,2020-06-22,AUD,3.14,2020-10-07,3.96,26.11,61.0,2020-09-16,3.96,CLOSED,26.11,77.0,80.0,100.0
-,ASX-NXT,2020-06-22,AUD,9.83,2021-03-17,11.73,19.33,18.0,2020-08-04,11.73,CLOSED,19.33,113.0,16.0,100.0
-,ASX-NXT,2020-06-22,AUD,9.83,2021-01-26,11.95,21.57,25.0,2020-08-04,11.95,CLOSED,21.57,126.0,20.0,100.0
-,ASX-SCP,2020-06-22,AUD,2.32,2020-10-10,2.45,5.6,13.0,2020-10-09,2.25,CLOSED,-3.02,-7.0,99.0,-54.0
-,ASX-SCP,2020-06-22,AUD,2.32,2020-12-16,2.47,6.47,9.0,2020-11-10,2.47,CLOSED,6.47,12.0,80.0,100.0
-,ASX-RWC,2020-06-22,AUD,3.14,2020-11-29,4.34,38.22,60.0,2020-10-07,4.34,CLOSED,38.22,90.0,67.0,100.0
-,ASX-RWC,2020-06-22,AUD,3.14,2020-08-26,3.46,10.19,40.0,2020-08-24,3.46,CLOSED,10.19,41.0,97.0,100.0
-,ASX-RMD,2020-06-22,AUD,25.8,2021-02-11,29.52,14.42,16.0,2020-11-09,29.52,CLOSED,14.42,26.0,60.0,100.0
-,ASX-JBH,2020-06-22,AUD,39.82,2021-04-15,45.32,13.81,12.0,2020-07-30,45.32,CLOSED,13.81,92.0,13.0,100.0
-,ASX-BWP,2020-06-22,AUD,3.87,2021-02-22,4.12,6.46,7.0,2020-09-16,4.12,CLOSED,6.46,19.0,35.0,100.0
-,ASX-RWC,2020-06-22,AUD,3.14,2020-07-31,3.32,5.73,37.0,2020-07-31,2.6625,CLOSED,-15.21,-98.0,100.0,-265.0
-,ASX-BAP,2020-06-22,AUD,5.85,2021-02-07,6.59,12.65,14.0,2020-08-19,6.59,CLOSED,12.65,55.0,25.0,100.0
-,ASX-JHX,2020-06-22,AUD,28.64,2021-04-29,33.51,17.0,14.0,2020-09-30,33.51,CLOSED,17.0,43.0,32.0,100.0
-,ASX-SHL,2020-06-22,AUD,28.89,2021-05-31,31.74,9.87,7.0,2020-07-21,31.74,CLOSED,9.87,86.0,8.0,100.0
-,ASX-COH,2020-06-22,AUD,192.12,2021-02-24,208.64,8.6,9.0,2020-08-18,208.64,CLOSED,8.6,38.0,23.0,100.0
-,ASX-COH,2020-06-22,AUD,192.12,2021-05-06,224.82,17.02,13.0,2020-10-20,224.82,CLOSED,17.02,36.0,38.0,100.0
-,ASX-CMW,2020-06-22,AUD,0.87,2021-02-13,0.97,11.49,12.0,2020-11-11,0.97,CLOSED,11.49,20.0,60.0,100.0
-,ASX-RHC,2020-06-22,AUD,65.95,2020-11-15,70.24,6.5,11.0,2020-11-10,70.24,CLOSED,6.5,12.0,97.0,100.0
-,ASX-COH,2020-06-22,AUD,192.12,2020-09-10,202.13,5.21,16.0,2020-07-03,202.13,CLOSED,5.21,119.0,14.0,100.0
-,ASX-MQG,2020-06-22,AUD,120.61,2021-02-13,131.08,8.68,9.0,2020-10-15,131.08,CLOSED,8.68,19.0,49.0,100.0
-,ASX-JBH,2020-06-22,AUD,39.82,2021-05-11,49.19,23.53,18.0,2020-08-17,49.19,CLOSED,23.53,106.0,17.0,100.0
-,ASX-JBH,2020-06-22,AUD,39.82,2021-04-06,46.53,16.85,15.0,2020-08-13,46.53,CLOSED,16.85,82.0,18.0,100.0
-,0808.HK,2020-06-22,HKD,2.32,2020-12-05,2.52,8.62,13.0,2020-12-04,2.43,CLOSED,4.74,7.0,99.0,55.0
-,0808.HK,2020-06-22,HKD,2.32,2020-11-24,2.51,8.19,13.0,2020-11-24,2.33,CLOSED,0.43,1.0,100.0,5.0
-,1076.HK,2020-06-22,HKD,0.03,2021-05-31,0.04,33.33,24.0,2020-06-23,0.04,CLOSED,33.33,8399.0,0.0,100.0
-,0341.HK,2020-06-22,HKD,16.8,2021-03-11,18.35,9.23,9.0,2020-08-31,18.35,CLOSED,9.23,33.0,27.0,100.0
-,0166.HK,2020-06-22,HKD,0.03,2020-12-05,0.04,33.33,51.0,2020-06-26,0.04,CLOSED,33.33,2100.0,2.0,100.0
-,1788.HK,2020-06-22,HKD,1.02,2021-04-27,1.27,24.51,20.0,2020-07-06,1.27,CLOSED,24.51,441.0,5.0,100.0
-,YUMC,2020-06-22,USD,50.96,2020-11-07,57.59,13.01,24.0,2020-08-31,57.59,CLOSED,13.01,47.0,51.0,100.0
-,SO,2020-06-22,USD,54.67,2021-05-19,60.5,10.66,8.0,2020-10-22,60.5,CLOSED,10.66,22.0,37.0,100.0
-,GOOG,2020-06-22,USD,1451.86,2021-02-06,1672.54,15.2,17.0,2020-09-02,1672.54,CLOSED,15.2,53.0,31.0,100.0
-,GOOG,2020-06-22,USD,1451.86,2021-01-20,1686.77,16.18,19.0,2020-09-02,1686.77,CLOSED,16.18,57.0,34.0,100.0
-,KMB,2020-06-22,USD,142.06,2021-05-04,153.91,8.34,7.0,2020-08-04,153.91,CLOSED,8.34,49.0,14.0,100.0
-,YUMC,2020-06-22,USD,50.96,2020-08-08,53.86,5.69,31.0,2020-07-21,53.86,CLOSED,5.69,49.0,62.0,100.0
-,VHT,2020-06-22,USD,192.77,2020-11-02,200.27,3.89,7.0,2020-07-15,200.27,CLOSED,3.89,43.0,17.0,100.0
-,GIS,2020-06-22,USD,61.52,2021-01-06,65.4,6.31,8.0,2020-07-15,65.4,CLOSED,6.31,69.0,12.0,100.0
-,IYH,2020-06-22,USD,215.5,2020-10-07,222.48,3.24,8.0,2020-07-13,222.48,CLOSED,3.24,39.0,20.0,100.0
-,VHT,2020-06-22,USD,192.77,2020-09-16,199.23,3.35,10.0,2020-07-13,199.23,CLOSED,3.35,40.0,24.0,100.0
-,IYH,2020-06-22,USD,215.5,2021-01-16,225.09,4.45,5.0,2020-07-15,225.09,CLOSED,4.45,49.0,11.0,100.0
-,YUMC,2020-06-22,USD,50.96,2020-10-21,54.73,7.4,15.0,2020-08-12,54.73,CLOSED,7.4,37.0,42.0,100.0
-,GOOG,2020-06-22,USD,1451.86,2020-09-02,1519.66,4.67,16.0,2020-07-09,1519.66,CLOSED,4.67,69.0,24.0,100.0
-,DUK,2020-06-22,USD,82.53,2021-06-17,91.54,10.92,8.0,2020-10-02,91.54,CLOSED,10.92,27.0,28.0,100.0
-,ASX-RHC,2020-06-22,AUD,65.95,2021-01-09,73.2,10.99,14.0,2020-12-11,63.24,OPEN,-4.11,-6.0,86.0,-37.0
-,ASX-MQG,2020-06-22,AUD,120.61,2021-04-15,143.14,18.68,16.0,2020-12-11,138.08,OPEN,14.48,21.0,58.0,78.0
-,ASX-CPU,2020-06-22,AUD,13.17,2021-05-07,14.68,11.47,9.0,2020-12-11,14.48,OPEN,9.95,15.0,54.0,87.0
-,ASX-IAG,2020-06-22,AUD,6.08,2021-03-27,6.39,5.1,5.0,2020-12-11,5.08,OPEN,-16.45,-24.0,62.0,-323.0
-,0206.HK,2020-06-22,HKD,0.24,2021-02-18,0.44,83.33,87.0,2020-12-11,0.23,OPEN,-4.17,-6.0,71.0,-5.0
-,2328.HK,2020-06-22,HKD,7.35,2021-05-28,10.17,38.37,28.0,2020-12-11,6.01,OPEN,-18.23,-27.0,51.0,-48.0
-,1623.HK,2020-06-22,HKD,0.24,2021-06-13,0.35,45.83,32.0,2020-12-11,0.22,OPEN,-8.33,-12.0,48.0,-18.0
-,1251.HK,2020-06-23,HKD,0.34,2020-09-01,0.46,35.29,127.0,2020-09-01,0.24,CLOSED,-29.41,-106.0,100.0,-83.0
-,1299.HK,2020-06-23,HKD,74.9,2020-12-20,83.39,11.34,16.0,2020-11-10,83.39,CLOSED,11.34,20.0,78.0,100.0
-,1299.HK,2020-06-23,HKD,74.9,2020-10-06,78.97,5.43,13.0,2020-07-07,78.97,CLOSED,5.43,98.0,13.0,100.0
-,1076.HK,2020-06-23,HKD,0.03,2021-06-01,0.04,33.33,24.0,2020-06-24,0.04,CLOSED,33.33,8399.0,0.0,100.0
-,0166.HK,2020-06-23,HKD,0.03,2020-12-06,0.04,33.33,51.0,2020-06-26,0.04,CLOSED,33.33,2800.0,2.0,100.0
-,1788.HK,2020-06-23,HKD,1.05,2021-04-28,1.31,24.76,20.0,2020-07-06,1.31,CLOSED,24.76,480.0,4.0,100.0
-,0052.HK,2020-06-23,HKD,17.32,2021-01-11,18.57,7.22,9.0,2020-08-24,18.57,CLOSED,7.22,29.0,31.0,100.0
-,NKE,2020-06-23,USD,101.92,2021-02-19,115.95,13.77,14.0,2020-09-02,115.95,CLOSED,13.77,49.0,29.0,100.0
-,SCCO,2020-06-23,USD,38.32,2021-06-21,51.54,34.5,24.0,2020-10-23,51.54,CLOSED,34.5,71.0,34.0,100.0
-,SCCO,2020-06-23,USD,38.32,2021-03-19,46.63,21.69,20.0,2020-08-17,46.63,CLOSED,21.69,99.0,20.0,100.0
-,IBB,2020-06-23,USD,138.65,2020-09-26,145.72,5.1,14.0,2020-07-20,145.72,CLOSED,5.1,48.0,28.0,100.0
-,LNVGY,2020-06-23,USD,11.18,2021-04-11,13.86,23.97,21.0,2020-09-15,13.86,CLOSED,23.97,72.0,29.0,100.0
-,FCX,2020-06-23,USD,11.08,2021-06-10,14.49,30.78,22.0,2020-08-06,14.49,CLOSED,30.78,176.0,12.0,100.0
-,SCCO,2020-06-23,USD,38.32,2020-10-21,41.5,8.3,17.0,2020-07-10,41.5,CLOSED,8.3,123.0,14.0,100.0
-,1623.HK,2020-06-23,HKD,0.25,2021-01-29,0.49,96.0,110.0,2020-12-11,0.22,OPEN,-12.0,-18.0,78.0,-12.0
-,1623.HK,2020-06-23,HKD,0.25,2021-01-19,0.53,112.0,134.0,2020-12-11,0.22,OPEN,-12.0,-18.0,81.0,-11.0
-,0052.HK,2020-06-23,HKD,17.32,2021-03-27,20.48,18.24,17.0,2020-12-11,17.98,OPEN,3.81,6.0,62.0,21.0
-,IBB,2020-06-23,USD,138.65,2020-12-19,151.45,9.23,13.0,2020-12-11,150.19,OPEN,8.32,12.0,96.0,90.0
-,ASX-MFG,2020-06-24,AUD,58.08,2020-11-01,67.25,15.79,31.0,2020-10-30,55.1,CLOSED,-5.13,-10.0,98.0,-32.0
-,ASX-MFG,2020-06-24,AUD,58.08,2020-11-16,72.87,25.46,44.0,2020-11-16,60.99,CLOSED,5.01,9.0,100.0,20.0
-,ASX-ANN,2020-06-24,AUD,36.14,2020-09-23,37.82,4.65,13.0,2020-07-01,37.82,CLOSED,4.65,167.0,8.0,100.0
-,ASX-SHL,2020-06-24,AUD,30.33,2020-10-10,31.87,5.08,12.0,2020-07-21,31.87,CLOSED,5.08,47.0,25.0,100.0
-,ASX-AST,2020-06-24,AUD,1.72,2020-09-11,1.79,4.07,13.0,2020-08-10,1.79,CLOSED,4.07,22.0,59.0,100.0
-,1076.HK,2020-06-24,HKD,0.03,2021-06-02,0.04,33.33,24.0,2020-06-26,0.04,CLOSED,33.33,4200.0,1.0,100.0
-,0166.HK,2020-06-24,HKD,0.03,2020-12-07,0.04,33.33,51.0,2020-06-26,0.04,CLOSED,33.33,4200.0,1.0,100.0
-,PX,2020-06-24,USD,0.2,2020-12-08,0.21,5.0,8.0,2020-06-30,0.21,CLOSED,5.0,210.0,4.0,100.0
-,ASX-NAN,2020-06-24,AUD,7.01,2021-05-24,9.73,38.8,29.0,2020-12-11,7.08,OPEN,1.0,1.0,51.0,3.0
-,ASX-NAN,2020-06-24,AUD,7.01,2021-04-03,8.55,21.97,20.0,2020-12-11,7.08,OPEN,1.0,1.0,60.0,5.0
-,ACN,2020-06-25,USD,217.32,2020-11-22,241.79,11.26,19.0,2020-08-27,241.79,CLOSED,11.26,45.0,42.0,100.0
-,MA,2020-06-25,USD,298.01,2020-09-28,315.95,6.02,16.0,2020-07-23,315.95,CLOSED,6.02,54.0,29.0,100.0
-,DLR,2020-06-25,USD,143.07,2021-02-20,158.61,10.86,11.0,2020-07-30,158.61,CLOSED,10.86,78.0,15.0,100.0
-,LNVGY,2020-06-25,USD,11.04,2021-04-26,13.59,23.1,19.0,2020-08-28,13.59,CLOSED,23.1,91.0,21.0,100.0
-,PFE,2020-06-25,USD,32.32,2020-09-09,33.86,4.76,16.0,2020-07-01,33.86,CLOSED,4.76,200.0,8.0,100.0
-,WY,2020-06-25,USD,21.99,2021-05-27,23.93,8.82,7.0,2020-07-13,23.93,CLOSED,8.82,123.0,5.0,100.0
-,VZ,2020-06-25,USD,54.28,2020-11-26,57.71,6.32,10.0,2020-08-03,57.71,CLOSED,6.32,41.0,25.0,100.0
-,MA,2020-06-25,USD,298.01,2021-03-02,377.64,26.72,27.0,2020-12-11,327.42,OPEN,9.87,15.0,68.0,37.0
-,ORCL,2020-06-25,USD,54.53,2021-05-23,62.89,15.33,12.0,2020-12-11,60.61,OPEN,11.15,17.0,51.0,73.0
-,ASX-ECX,2020-06-26,AUD,1.35,2021-04-26,1.55,14.81,12.0,2020-07-22,1.55,CLOSED,14.81,144.0,9.0,100.0
-,ASX-ECX,2020-06-26,AUD,1.35,2020-09-18,1.53,13.33,40.0,2020-07-22,1.53,CLOSED,13.33,129.0,31.0,100.0
-,ASX-CTD,2020-06-26,AUD,9.73,2020-12-14,12.69,30.42,45.0,2020-08-19,12.69,CLOSED,30.42,142.0,32.0,100.0
-,ASX-CTD,2020-06-26,AUD,9.73,2020-11-12,12.42,27.65,50.0,2020-08-19,12.42,CLOSED,27.65,129.0,39.0,100.0
-,ASX-CNU,2020-06-26,AUD,7.08,2020-12-18,8.1,14.41,21.0,2020-09-08,8.1,CLOSED,14.41,49.0,42.0,100.0
-,ASX-RIO,2020-06-26,AUD,98.99,2021-04-02,110.73,11.86,11.0,2020-12-03,110.73,CLOSED,11.86,19.0,57.0,100.0
-,ASX-CNU,2020-06-26,AUD,7.08,2020-09-01,7.6,7.34,28.0,2020-08-25,7.6,CLOSED,7.34,31.0,90.0,100.0
-,ASX-ANN,2020-06-26,AUD,35.38,2020-09-25,37.02,4.64,13.0,2020-07-01,37.02,CLOSED,4.64,234.0,5.0,100.0
-,ASX-QUB,2020-06-26,AUD,2.83,2020-09-18,3.01,6.36,19.0,2020-09-18,2.54,CLOSED,-10.25,-31.0,100.0,-161.0
-,1076.HK,2020-06-26,HKD,0.04,2021-06-04,0.05,25.0,18.0,2020-07-14,0.05,CLOSED,25.0,350.0,5.0,100.0
-,0689.HK,2020-06-26,HKD,0.04,2020-11-07,0.07,75.0,141.0,2020-11-06,0.04,CLOSED,0.0,0.0,99.0,0.0
-,0166.HK,2020-06-26,HKD,0.05,2020-12-09,0.07,40.0,61.0,2020-08-07,0.07,CLOSED,40.0,240.0,25.0,100.0
-,ACN,2020-06-26,USD,212.47,2020-12-24,234.12,10.19,14.0,2020-08-18,234.12,CLOSED,10.19,48.0,29.0,100.0
-,LNVGY,2020-06-26,USD,11.19,2021-04-27,13.78,23.15,19.0,2020-09-15,13.78,CLOSED,23.15,72.0,27.0,100.0
-,ACN,2020-06-26,USD,212.47,2020-10-26,222.2,4.58,9.0,2020-07-15,222.2,CLOSED,4.58,61.0,16.0,100.0
-,ASX-CNU,2020-06-26,AUD,7.08,2021-04-07,8.91,25.85,23.0,2020-12-11,7.37,OPEN,4.1,6.0,59.0,16.0
-,ASX-MYX,2020-06-26,AUD,0.38,2021-02-25,0.52,36.84,38.0,2020-12-11,0.37,OPEN,-2.63,-4.0,69.0,-7.0
-,ASX-QUB,2020-06-26,AUD,2.83,2021-04-07,3.35,18.37,16.0,2020-12-11,2.89,OPEN,2.12,3.0,59.0,12.0
-,ASX-QUB,2020-06-26,AUD,2.83,2021-02-14,3.27,15.55,17.0,2020-12-11,2.89,OPEN,2.12,3.0,72.0,14.0
-,ASX-MYX,2020-06-26,AUD,0.38,2021-01-08,0.5,31.58,41.0,2020-12-11,0.37,OPEN,-2.63,-4.0,86.0,-8.0
-,0689.HK,2020-06-26,HKD,0.04,2021-01-22,0.11,175.0,210.0,2020-12-11,0.09,OPEN,125.0,188.0,80.0,71.0
-,ASX-ORA,2020-06-29,AUD,2.51,2020-10-17,2.61,3.98,9.0,2020-10-16,2.55,CLOSED,1.59,4.0,99.0,40.0
-,2768.HK,2020-06-29,HKD,3.23,2020-08-04,3.63,12.38,87.0,2020-07-31,3.63,CLOSED,12.38,97.0,89.0,100.0
-,2768.HK,2020-06-29,HKD,3.23,2020-08-04,3.8,17.65,124.0,2020-08-04,3.74,CLOSED,15.79,111.0,100.0,89.0
-,1766.HK,2020-06-29,HKD,3.2,2020-08-11,3.64,13.75,81.0,2020-07-06,3.64,CLOSED,13.75,495.0,16.0,100.0
-,0689.HK,2020-06-29,HKD,0.04,2020-11-10,0.07,75.0,141.0,2020-11-10,0.04,CLOSED,0.0,0.0,100.0,0.0
-,0166.HK,2020-06-29,HKD,0.04,2020-12-15,0.05,25.0,37.0,2020-06-30,0.05,CLOSED,25.0,6300.0,1.0,100.0
-,YUM,2020-06-29,USD,86.98,2021-04-03,103.05,18.48,17.0,2020-11-09,103.05,CLOSED,18.48,35.0,48.0,100.0
-,GM,2020-06-29,USD,25.3,2021-06-08,30.39,20.12,15.0,2020-08-17,30.39,CLOSED,20.12,103.0,14.0,100.0
-,KO,2020-06-29,USD,44.36,2021-06-01,49.32,11.18,8.0,2020-08-28,49.32,CLOSED,11.18,47.0,18.0,100.0
-,SO,2020-06-29,USD,51.56,2021-05-26,57.06,10.67,8.0,2020-10-05,57.06,CLOSED,10.67,27.0,30.0,100.0
-,PG,2020-06-29,USD,117.66,2020-12-04,123.95,5.35,9.0,2020-07-09,123.95,CLOSED,5.35,135.0,6.0,100.0
-,YUM,2020-06-29,USD,86.98,2020-11-08,96.54,10.99,21.0,2020-08-24,96.54,CLOSED,10.99,49.0,42.0,100.0
-,JNJ,2020-06-29,USD,139.04,2020-11-15,147.59,6.15,11.0,2020-07-14,147.59,CLOSED,6.15,103.0,11.0,100.0
-,PFE,2020-06-29,USD,32.64,2020-09-13,34.2,4.78,16.0,2020-07-01,34.2,CLOSED,4.78,602.0,3.0,100.0
-,JNJ,2020-06-29,USD,139.04,2020-09-10,145.34,4.53,16.0,2020-07-13,145.34,CLOSED,4.53,82.0,19.0,100.0
-,YUM,2020-06-29,USD,86.98,2020-09-10,92.02,5.79,20.0,2020-07-21,92.02,CLOSED,5.79,66.0,30.0,100.0
-,DUK,2020-06-29,USD,80.25,2021-06-24,89.01,10.92,8.0,2020-09-30,89.01,CLOSED,10.92,30.0,26.0,100.0
-,VZ,2020-06-29,USD,54.69,2020-11-30,58.14,6.31,10.0,2020-08-04,58.14,CLOSED,6.31,44.0,23.0,100.0
-,KO,2020-06-29,USD,44.36,2020-12-16,46.24,4.24,6.0,2020-07-15,46.24,CLOSED,4.24,67.0,9.0,100.0
-,ASX-ORA,2020-06-29,AUD,2.51,2021-06-04,3.33,32.67,24.0,2020-12-11,2.67,OPEN,6.37,10.0,49.0,20.0
-,ASX-RSG,2020-06-29,AUD,1.12,2021-06-11,2.23,99.11,72.0,2020-12-11,0.735,OPEN,-34.38,-53.0,48.0,-35.0
-,0689.HK,2020-06-29,HKD,0.04,2021-01-25,0.11,175.0,210.0,2020-12-11,0.09,OPEN,125.0,191.0,79.0,71.0
-,0027.HK,2020-06-29,HKD,50.8,2021-02-04,79.82,57.13,65.0,2020-12-11,61.35,OPEN,20.77,32.0,75.0,36.0
-,YUM,2020-06-29,USD,86.98,2021-06-28,108.26,24.47,17.0,2020-12-11,105.99,OPEN,21.86,33.0,45.0,89.0
-,JNJ,2020-06-29,USD,139.04,2021-05-23,156.43,12.51,10.0,2020-12-11,152.95,OPEN,10.0,15.0,50.0,80.0
-,ASX-BAP,2020-06-30,AUD,5.9,2021-02-10,7.13,20.85,23.0,2020-09-03,7.13,CLOSED,20.85,81.0,29.0,100.0
-,ASX-BGA,2020-06-30,AUD,4.45,2021-02-23,5.32,19.55,21.0,2020-09-02,5.32,CLOSED,19.55,77.0,27.0,100.0
-,ASX-CTD,2020-06-30,AUD,9.69,2020-12-18,12.64,30.44,45.0,2020-08-19,12.64,CLOSED,30.44,153.0,29.0,100.0
-,ASX-BGA,2020-06-30,AUD,4.45,2020-10-25,5.8,30.34,65.0,2020-10-23,5.32,CLOSED,19.55,43.0,98.0,64.0
-,ASX-CTD,2020-06-30,AUD,9.69,2020-11-16,12.36,27.55,50.0,2020-08-19,12.36,CLOSED,27.55,139.0,36.0,100.0
-,ASX-BAP,2020-06-30,AUD,5.9,2021-01-02,6.55,11.02,15.0,2020-08-19,6.55,CLOSED,11.02,56.0,27.0,100.0
-,ASX-WEB,2020-06-30,AUD,3.32,2021-06-01,4.69,41.27,31.0,2020-11-10,4.69,CLOSED,41.27,78.0,40.0,100.0
-,ASX-BAP,2020-06-30,AUD,5.9,2020-10-01,6.07,2.88,8.0,2020-07-03,6.07,CLOSED,2.88,242.0,3.0,100.0
-,ASX-BGA,2020-06-30,AUD,4.45,2020-08-27,4.64,4.27,19.0,2020-07-02,4.64,CLOSED,4.27,538.0,3.0,100.0
-,2768.HK,2020-06-30,HKD,3.2,2020-07-20,3.49,9.06,114.0,2020-07-20,3.2,CLOSED,0.0,0.0,100.0,0.0
-,2768.HK,2020-06-30,HKD,3.2,2020-08-01,3.82,19.37,153.0,2020-07-31,3.65,CLOSED,14.06,114.0,97.0,73.0
-,3898.HK,2020-06-30,HKD,19.7,2021-06-08,31.79,61.37,45.0,2020-07-10,31.79,CLOSED,61.37,1547.0,3.0,100.0
-,3898.HK,2020-06-30,HKD,19.7,2021-06-24,30.57,55.18,39.0,2020-07-10,30.57,CLOSED,55.18,1391.0,3.0,100.0
-,0689.HK,2020-06-30,HKD,0.04,2020-11-11,0.07,75.0,141.0,2020-11-11,0.05,CLOSED,25.0,47.0,100.0,33.0
-,3898.HK,2020-06-30,HKD,19.7,2020-12-20,23.17,17.61,26.0,2020-07-06,23.17,CLOSED,17.61,740.0,3.0,100.0
-,TSLA,2020-06-30,USD,1079.81,2021-04-19,1453.96,34.65,30.0,2020-07-10,1453.96,CLOSED,34.65,873.0,3.0,100.0
-,TSLA,2020-06-30,USD,1079.81,2021-02-25,1362.5,26.18,27.0,2020-07-06,1362.5,CLOSED,26.18,1100.0,2.0,100.0
-,BAX,2020-06-30,USD,86.1,2020-09-26,89.39,3.82,11.0,2020-07-22,89.39,CLOSED,3.82,44.0,25.0,100.0
-,1623.HK,2020-06-30,HKD,0.23,2021-02-05,0.45,95.65,110.0,2020-12-11,0.22,OPEN,-4.35,-7.0,75.0,-5.0
-,1623.HK,2020-06-30,HKD,0.23,2021-01-26,0.49,113.04,136.0,2020-12-11,0.22,OPEN,-4.35,-7.0,78.0,-4.0
-,0689.HK,2020-06-30,HKD,0.04,2021-01-26,0.11,175.0,210.0,2020-12-11,0.09,OPEN,125.0,192.0,78.0,71.0
-,1623.HK,2020-06-30,HKD,0.23,2021-06-21,0.34,47.83,34.0,2020-12-11,0.22,OPEN,-4.35,-7.0,46.0,-9.0
-,BAX,2020-06-30,USD,86.1,2021-03-08,95.83,11.3,11.0,2020-12-11,79.34,OPEN,-7.85,-12.0,65.0,-69.0
-,ASX-BAP,2020-07-01,AUD,5.99,2021-04-15,7.47,24.71,22.0,2020-10-08,7.47,CLOSED,24.71,63.0,34.0,100.0
-,ASX-BGA,2020-07-01,AUD,4.56,2021-02-24,5.46,19.74,21.0,2020-09-02,5.46,CLOSED,19.74,79.0,26.0,100.0
-,ASX-BAP,2020-07-01,AUD,5.99,2021-02-16,6.74,12.52,14.0,2020-08-19,6.74,CLOSED,12.52,64.0,21.0,100.0
-,ASX-ARB,2020-07-01,AUD,18.34,2021-02-22,20.49,11.72,13.0,2020-08-06,20.49,CLOSED,11.72,82.0,15.0,100.0
-,ASX-ARB,2020-07-01,AUD,18.34,2021-04-28,21.15,15.32,13.0,2020-08-07,21.15,CLOSED,15.32,104.0,12.0,100.0
-,ASX-ARB,2020-07-01,AUD,18.34,2020-09-22,19.37,5.62,17.0,2020-07-21,19.37,CLOSED,5.62,71.0,24.0,100.0
-,ASX-TGR,2020-07-01,AUD,3.64,2020-09-12,3.8,4.4,15.0,2020-08-19,3.8,CLOSED,4.4,23.0,67.0,100.0
-,ASX-BGA,2020-07-01,AUD,4.56,2020-08-28,4.76,4.39,19.0,2020-07-03,4.76,CLOSED,4.39,553.0,3.0,100.0
-,ROBO,2020-07-01,USD,43.42,2021-04-22,49.46,13.91,12.0,2020-09-02,49.46,CLOSED,13.91,56.0,21.0,100.0
-,DE,2020-07-01,USD,156.85,2021-05-29,182.29,16.22,12.0,2020-08-05,182.29,CLOSED,16.22,117.0,11.0,100.0
-,IXN,2020-07-01,USD,236.26,2020-11-19,252.82,7.01,13.0,2020-08-03,252.82,CLOSED,7.01,54.0,23.0,100.0
-,PSA,2020-07-01,USD,199.16,2020-11-16,219.22,10.07,18.0,2020-09-09,219.22,CLOSED,10.07,36.0,51.0,100.0
-,DLR,2020-07-01,USD,147.39,2021-01-28,164.83,11.83,14.0,2020-07-31,164.83,CLOSED,11.83,99.0,14.0,100.0
-,PEP,2020-07-01,USD,132.36,2021-01-30,141.7,7.06,8.0,2020-09-02,141.7,CLOSED,7.06,28.0,30.0,100.0
-,ITW,2020-07-01,USD,172.44,2021-01-26,190.77,10.63,13.0,2020-08-10,190.77,CLOSED,10.63,67.0,19.0,100.0
-,ITW,2020-07-01,USD,172.44,2021-05-09,198.01,14.83,12.0,2020-08-11,198.01,CLOSED,14.83,91.0,13.0,100.0
-,VTR,2020-07-01,USD,38.32,2021-01-11,42.09,9.84,13.0,2020-08-10,42.09,CLOSED,9.84,62.0,21.0,100.0
-,SCCO,2020-07-01,USD,38.59,2021-03-24,47.24,22.42,21.0,2020-08-18,47.24,CLOSED,22.42,118.0,18.0,100.0
-,FDX,2020-07-01,USD,156.66,2021-03-30,172.04,9.82,9.0,2020-07-30,172.04,CLOSED,9.82,85.0,11.0,100.0
-,DE,2020-07-01,USD,156.85,2020-10-26,168.69,7.55,16.0,2020-07-14,168.69,CLOSED,7.55,146.0,11.0,100.0
-,BRKb,2020-07-01,USD,4119.0,2020-10-05,4469.53,8.51,22.0,2020-08-03,4469.53,CLOSED,8.51,65.0,34.0,100.0
-,PG,2020-07-01,USD,119.98,2021-01-02,126.88,5.75,8.0,2020-07-15,126.88,CLOSED,5.75,104.0,8.0,100.0
-,BRKb,2020-07-01,USD,4119.0,2020-11-14,4474.06,8.62,16.0,2020-08-03,4474.06,CLOSED,8.62,66.0,24.0,100.0
-,FDX,2020-07-01,USD,156.66,2021-03-19,169.74,8.35,8.0,2020-07-27,169.74,CLOSED,8.35,81.0,10.0,100.0
-,IXN,2020-07-01,USD,236.26,2020-09-20,245.62,3.96,12.0,2020-07-13,245.62,CLOSED,3.96,83.0,15.0,100.0
-,UNH,2020-07-01,USD,297.73,2021-02-27,311.43,4.6,5.0,2020-08-05,311.43,CLOSED,4.6,33.0,15.0,100.0
-,SCCO,2020-07-01,USD,38.59,2020-10-13,41.96,8.73,21.0,2020-07-13,41.96,CLOSED,8.73,183.0,12.0,100.0
-,UNH,2020-07-01,USD,297.73,2020-09-24,313.63,5.34,16.0,2020-08-06,313.63,CLOSED,5.34,37.0,42.0,100.0
-,ITW,2020-07-01,USD,172.44,2020-10-27,178.61,3.58,8.0,2020-07-14,178.61,CLOSED,3.58,69.0,11.0,100.0
-,PEP,2020-07-01,USD,132.36,2020-10-29,136.71,3.29,7.0,2020-07-13,136.71,CLOSED,3.29,69.0,10.0,100.0
-,D,2020-07-01,USD,82.35,2020-10-20,84.56,2.68,6.0,2020-10-20,81.08,CLOSED,-1.54,-3.0,100.0,-57.0
-,HPQ,2020-07-01,USD,17.0,2021-05-18,18.86,10.94,9.0,2020-08-10,18.86,CLOSED,10.94,69.0,12.0,100.0
-,IXN,2020-07-01,USD,236.26,2020-08-14,240.32,1.72,10.0,2020-07-06,240.32,CLOSED,1.72,87.0,11.0,100.0
-,DLR,2020-07-01,USD,147.39,2020-10-13,156.13,5.93,14.0,2020-07-29,156.13,CLOSED,5.93,53.0,27.0,100.0
-,VTR,2020-07-01,USD,38.32,2020-11-16,40.14,4.75,9.0,2020-08-07,40.14,CLOSED,4.75,32.0,27.0,100.0
-,ORCL,2020-07-01,USD,55.49,2021-05-17,61.52,10.87,9.0,2020-09-11,61.52,CLOSED,10.87,38.0,22.0,100.0
-,BRKb,2020-07-01,USD,4119.0,2021-02-11,5139.69,24.78,28.0,2020-12-11,4555.2,OPEN,10.59,16.0,72.0,43.0
-,NDAQ,2020-07-01,USD,120.76,2021-04-09,143.21,18.59,17.0,2020-12-11,125.67,OPEN,4.07,6.0,58.0,22.0
-,NDAQ,2020-07-01,USD,120.76,2021-04-09,139.84,15.8,14.0,2020-12-11,125.67,OPEN,4.07,6.0,58.0,26.0
-,NDAQ,2020-07-01,USD,120.76,2021-05-31,142.1,17.67,13.0,2020-12-11,125.67,OPEN,4.07,6.0,49.0,23.0
-,ASX-SCG,2020-07-02,AUD,2.32,2021-01-03,2.78,19.83,27.0,2020-11-10,2.78,CLOSED,19.83,38.0,71.0,100.0
-,ASX-CAR,2020-07-02,AUD,18.26,2021-04-28,21.0,15.01,13.0,2020-08-25,21.0,CLOSED,15.01,70.0,18.0,100.0
-,ASX-CAR,2020-07-02,AUD,18.26,2021-04-23,22.13,21.19,18.0,2020-10-08,22.13,CLOSED,21.19,54.0,33.0,100.0
-,ASX-SCG,2020-07-02,AUD,2.32,2020-09-27,2.55,9.91,29.0,2020-09-25,2.2,CLOSED,-5.17,-15.0,98.0,-52.0
-,ASX-WBC,2020-07-02,AUD,18.61,2021-03-31,20.45,9.89,9.0,2020-11-24,20.45,CLOSED,9.89,17.0,53.0,100.0
-,ASX-ARB,2020-07-02,AUD,18.85,2021-03-06,21.04,11.62,12.0,2020-08-07,21.04,CLOSED,11.62,81.0,15.0,100.0
-,ASX-WBC,2020-07-02,AUD,18.61,2021-05-18,20.53,10.32,8.0,2020-11-24,20.53,CLOSED,10.32,18.0,45.0,100.0
-,ASX-ANZ,2020-07-02,AUD,19.26,2021-04-03,20.45,6.18,6.0,2020-11-10,20.45,CLOSED,6.18,12.0,48.0,100.0
-,ASX-CAR,2020-07-02,AUD,18.26,2020-10-13,19.69,7.83,19.0,2020-08-19,19.69,CLOSED,7.83,41.0,47.0,100.0
-,ASX-CBA,2020-07-02,AUD,71.1,2021-02-07,75.94,6.81,8.0,2020-11-18,75.94,CLOSED,6.81,12.0,63.0,100.0
-,ASX-ARB,2020-07-02,AUD,18.85,2021-04-02,21.67,14.96,14.0,2020-08-10,21.67,CLOSED,14.96,97.0,14.0,100.0
-,ASX-RHC,2020-07-02,AUD,67.57,2020-11-25,71.97,6.51,11.0,2020-11-25,64.67,CLOSED,-4.29,-7.0,100.0,-66.0
-,ASX-SEK,2020-07-02,AUD,21.99,2021-07-01,26.71,21.46,15.0,2020-12-01,26.71,CLOSED,21.46,36.0,42.0,100.0
-,ASX-MFG,2020-07-02,AUD,61.68,2020-09-25,66.9,8.46,25.0,2020-09-25,56.1,CLOSED,-9.05,-27.0,100.0,-107.0
-,ASX-ANZ,2020-07-02,AUD,19.26,2021-06-24,20.55,6.7,5.0,2020-11-11,20.55,CLOSED,6.7,13.0,37.0,100.0
-,2208.HK,2020-07-02,HKD,6.75,2021-06-08,9.03,33.78,25.0,2020-10-14,9.03,CLOSED,33.78,82.0,30.0,100.0
-,0868.HK,2020-07-02,HKD,9.65,2021-04-08,12.71,31.71,29.0,2020-08-11,12.71,CLOSED,31.71,200.0,14.0,100.0
-,0459.HK,2020-07-02,HKD,0.09,2020-10-15,0.14,55.56,133.0,2020-08-20,0.14,CLOSED,55.56,286.0,47.0,100.0
-,3898.HK,2020-07-02,HKD,20.45,2021-06-26,31.73,55.16,39.0,2020-07-10,31.73,CLOSED,55.16,1738.0,2.0,100.0
-,2208.HK,2020-07-02,HKD,6.75,2021-05-27,9.0,33.33,26.0,2020-10-14,9.0,CLOSED,33.33,81.0,32.0,100.0
-,0868.HK,2020-07-02,HKD,9.65,2021-01-25,11.2,16.06,20.0,2020-07-27,11.2,CLOSED,16.06,162.0,12.0,100.0
-,0689.HK,2020-07-02,HKD,0.04,2020-11-13,0.07,75.0,141.0,2020-11-13,0.04,CLOSED,0.0,0.0,100.0,0.0
-,0006.HK,2020-07-02,HKD,43.75,2020-12-05,45.88,4.87,8.0,2020-12-04,41.25,CLOSED,-5.71,-9.0,99.0,-117.0
-,2628.HK,2020-07-02,HKD,17.12,2021-05-26,20.35,18.87,14.0,2020-07-06,20.35,CLOSED,18.87,1189.0,1.0,100.0
-,AWK,2020-07-02,USD,131.06,2021-06-20,165.35,26.16,19.0,2020-11-09,165.35,CLOSED,26.16,51.0,37.0,100.0
-,ITW,2020-07-02,USD,174.6,2021-01-07,194.99,11.68,16.0,2020-08-10,194.99,CLOSED,11.68,75.0,21.0,100.0
-,AWK,2020-07-02,USD,131.06,2020-11-07,141.73,8.14,16.0,2020-07-20,141.73,CLOSED,8.14,114.0,14.0,100.0
-,DHR,2020-07-02,USD,179.68,2020-12-07,195.29,8.69,14.0,2020-07-21,195.29,CLOSED,8.69,115.0,12.0,100.0
-,AWK,2020-07-02,USD,131.06,2020-09-23,139.2,6.21,19.0,2020-07-17,139.2,CLOSED,6.21,104.0,18.0,100.0
-,VHT,2020-07-02,USD,195.65,2020-11-12,203.26,3.89,7.0,2020-07-17,203.26,CLOSED,3.89,65.0,11.0,100.0
-,XLV,2020-07-02,USD,101.6,2021-03-11,107.95,6.25,6.0,2020-08-27,107.95,CLOSED,6.25,28.0,22.0,100.0
-,QQQ,2020-07-02,USD,252.19,2020-12-06,267.65,6.13,10.0,2020-07-13,267.65,CLOSED,6.13,140.0,7.0,100.0
-,XLV,2020-07-02,USD,101.6,2020-10-30,105.48,3.82,8.0,2020-07-17,105.48,CLOSED,3.82,64.0,12.0,100.0
-,ITW,2020-07-02,USD,174.6,2021-01-16,197.82,13.3,17.0,2020-08-11,197.82,CLOSED,13.3,84.0,20.0,100.0
-,LOW,2020-07-02,USD,135.71,2021-04-24,152.32,12.24,10.0,2020-08-07,152.32,CLOSED,12.24,86.0,12.0,100.0
-,EQR,2020-07-02,USD,60.59,2021-03-15,66.27,9.37,9.0,2020-11-09,66.27,CLOSED,9.37,18.0,51.0,100.0
-,CCI,2020-07-02,USD,170.72,2020-11-01,176.71,3.51,7.0,2020-07-06,176.71,CLOSED,3.51,221.0,3.0,100.0
-,IYH,2020-07-02,USD,218.87,2020-10-17,225.96,3.24,8.0,2020-07-15,225.96,CLOSED,3.24,63.0,12.0,100.0
-,VHT,2020-07-02,USD,195.65,2020-09-26,202.2,3.35,10.0,2020-07-15,202.2,CLOSED,3.35,65.0,15.0,100.0
-,IYH,2020-07-02,USD,218.87,2021-01-26,228.61,4.45,5.0,2020-07-17,228.61,CLOSED,4.45,75.0,7.0,100.0
-,RIO,2020-07-02,USD,56.29,2021-04-01,66.63,18.37,17.0,2020-11-24,66.63,CLOSED,18.37,32.0,53.0,100.0
-,RIO,2020-07-02,USD,56.29,2021-02-13,62.15,10.41,12.0,2020-07-17,62.15,CLOSED,10.41,175.0,7.0,100.0
-,DHR,2020-07-02,USD,179.68,2020-11-18,189.89,5.68,10.0,2020-07-17,189.89,CLOSED,5.68,95.0,11.0,100.0
-,LNVGY,2020-07-02,USD,11.7,2021-04-20,14.5,23.93,21.0,2020-11-23,14.5,CLOSED,23.93,42.0,49.0,100.0
-,AVB,2020-07-02,USD,159.92,2021-01-18,169.66,6.09,8.0,2020-11-09,169.66,CLOSED,6.09,12.0,65.0,100.0
-,QQQ,2020-07-02,USD,252.19,2020-10-08,258.19,2.38,6.0,2020-07-06,258.19,CLOSED,2.38,150.0,4.0,100.0
-,CAT,2020-07-02,USD,127.72,2021-04-22,140.93,10.34,9.0,2020-07-16,140.93,CLOSED,10.34,186.0,5.0,100.0
-,CCI,2020-07-02,USD,170.72,2020-08-08,174.99,2.5,17.0,2020-07-06,174.99,CLOSED,2.5,158.0,11.0,100.0
-,LULU,2020-07-02,USD,304.77,2021-05-28,369.44,21.22,16.0,2020-08-21,369.44,CLOSED,21.22,107.0,15.0,100.0
-,ASX-RHC,2020-07-02,AUD,67.57,2021-01-19,75.0,11.0,14.0,2020-12-11,63.24,OPEN,-6.41,-10.0,81.0,-58.0
-,ASX-MFG,2020-07-02,AUD,61.68,2021-03-18,81.18,31.61,31.0,2020-12-11,54.8,OPEN,-11.15,-17.0,63.0,-35.0
-,ASX-CPU,2020-07-02,AUD,13.48,2021-05-17,15.02,11.42,9.0,2020-12-11,14.48,OPEN,7.42,12.0,51.0,65.0
-,ASX-MFG,2020-07-02,AUD,61.68,2021-01-15,71.22,15.47,20.0,2020-12-11,54.8,OPEN,-11.15,-17.0,82.0,-72.0
-,ASX-MFG,2020-07-02,AUD,61.68,2021-03-29,77.78,26.1,24.0,2020-12-11,54.8,OPEN,-11.15,-17.0,60.0,-43.0
-,ASX-MFG,2020-07-02,AUD,61.68,2021-02-04,68.96,11.8,14.0,2020-12-11,54.8,OPEN,-11.15,-17.0,75.0,-95.0
-,ASX-ASX,2020-07-02,AUD,87.16,2021-06-17,95.0,8.99,6.0,2020-12-11,74.89,OPEN,-14.08,-22.0,46.0,-157.0
-,0435.HK,2020-07-02,HKD,4.05,2021-01-24,4.4,8.64,11.0,2020-12-11,3.81,OPEN,-5.93,-9.0,79.0,-69.0
-,0689.HK,2020-07-02,HKD,0.04,2021-01-28,0.11,175.0,210.0,2020-12-11,0.09,OPEN,125.0,194.0,77.0,71.0
-,0435.HK,2020-07-02,HKD,4.05,2021-02-19,4.43,9.38,10.0,2020-12-11,3.81,OPEN,-5.93,-9.0,70.0,-63.0
-,0083.HK,2020-07-02,HKD,10.3,2021-05-12,11.56,12.23,10.0,2020-12-11,10.56,OPEN,2.52,4.0,52.0,21.0
-,8206.HK,2020-07-02,HKD,0.19,2021-04-10,0.42,121.05,108.0,2020-12-11,0.08,OPEN,-57.89,-90.0,57.0,-48.0
-,0006.HK,2020-07-02,HKD,43.75,2021-06-22,47.79,9.23,7.0,2020-12-11,41.15,OPEN,-5.94,-9.0,46.0,-64.0
-,0173.HK,2020-07-02,HKD,3.5,2021-05-25,4.69,34.0,26.0,2020-12-11,3.85,OPEN,10.0,16.0,50.0,29.0
-,2328.HK,2020-07-02,HKD,6.92,2021-05-28,8.83,27.6,21.0,2020-12-11,6.01,OPEN,-13.15,-20.0,49.0,-48.0
-,CCI,2020-07-02,USD,170.72,2021-01-03,192.4,12.7,17.0,2020-12-11,157.68,OPEN,-7.64,-12.0,88.0,-60.0
-,LULU,2020-07-02,USD,304.77,2021-03-08,403.15,32.28,33.0,2020-12-11,344.32,OPEN,12.98,20.0,65.0,40.0
-,ASX-CGC,2020-07-03,AUD,3.08,2020-10-09,3.92,27.27,70.0,2020-10-09,3.77,CLOSED,22.4,58.0,100.0,82.0
-,ASX-REA,2020-07-03,AUD,110.71,2021-01-12,146.05,31.92,42.0,2020-12-01,146.05,CLOSED,31.92,53.0,78.0,100.0
-,ASX-REA,2020-07-03,AUD,110.71,2021-01-10,137.14,23.87,31.0,2020-11-09,137.14,CLOSED,23.87,47.0,68.0,100.0
-,ASX-TWE,2020-07-03,AUD,11.01,2020-10-31,12.4,12.62,27.0,2020-08-13,12.4,CLOSED,12.62,78.0,34.0,100.0
-,ASX-PGH,2020-07-03,AUD,2.26,2021-02-08,2.51,11.06,13.0,2020-08-19,2.51,CLOSED,11.06,59.0,21.0,100.0
-,ASX-S32,2020-07-03,AUD,2.13,2020-10-29,2.45,15.02,32.0,2020-10-29,2.05,CLOSED,-3.76,-8.0,100.0,-25.0
-,ASX-REA,2020-07-03,AUD,110.71,2020-10-04,123.47,11.53,31.0,2020-10-02,113.16,CLOSED,2.21,6.0,98.0,19.0
-,INDEXASX-XJO,2020-07-03,USD,6057.9,2020-11-24,6259.02,3.32,6.0,2020-11-09,6259.02,CLOSED,3.32,6.0,90.0,100.0
-,ASX-CAR,2020-07-03,AUD,18.16,2021-02-19,20.2,11.23,12.0,2020-08-20,20.2,CLOSED,11.23,59.0,21.0,100.0
-,ASX-COH,2020-07-03,AUD,204.0,2021-03-07,221.54,8.6,9.0,2020-10-20,221.54,CLOSED,8.6,20.0,44.0,100.0
-,ASX-COH,2020-07-03,AUD,204.0,2020-09-21,214.63,5.21,16.0,2020-08-18,214.63,CLOSED,5.21,29.0,57.0,100.0
-,INDEXASX-XJO,2020-07-03,USD,6057.9,2021-01-27,6375.33,5.24,6.0,2020-11-10,6375.33,CLOSED,5.24,10.0,62.0,100.0
-,STW,2020-07-03,USD,56.12,2020-12-17,57.81,3.01,5.0,2020-10-15,57.81,CLOSED,3.01,7.0,62.0,100.0
-,ASX-S32,2020-07-03,AUD,2.13,2020-10-31,2.29,7.51,16.0,2020-10-30,2.03,CLOSED,-4.69,-10.0,99.0,-62.0
-,ASX-AGL,2020-07-03,AUD,17.59,2020-12-03,18.22,3.58,6.0,2020-12-03,13.46,CLOSED,-23.48,-39.0,100.0,-656.0
-,ASX-BGA,2020-07-03,AUD,4.98,2020-12-14,5.58,12.05,19.0,2020-09-03,5.58,CLOSED,12.05,49.0,38.0,100.0
-,STW,2020-07-03,USD,56.12,2021-01-25,57.88,3.14,4.0,2020-10-15,57.88,CLOSED,3.14,8.0,50.0,100.0
-,ASX-OZL,2020-07-03,AUD,11.64,2021-03-11,13.49,15.89,16.0,2020-07-22,13.49,CLOSED,15.89,211.0,8.0,100.0
-,ASX-TWE,2020-07-03,AUD,11.01,2020-09-05,11.45,4.0,16.0,2020-07-22,11.45,CLOSED,4.0,53.0,30.0,100.0
-,ASX-CPU,2020-07-03,AUD,13.46,2021-05-11,14.6,8.47,7.0,2020-11-26,14.6,CLOSED,8.47,15.0,47.0,100.0
-,INDEXASX-XJO,2020-07-03,USD,6057.9,2020-09-05,6140.29,1.36,5.0,2020-07-21,6140.29,CLOSED,1.36,19.0,28.0,100.0
-,ASX-CGC,2020-07-03,AUD,3.08,2020-09-09,3.3,7.14,26.0,2020-08-28,3.3,CLOSED,7.14,32.0,82.0,100.0
-,1310.HK,2020-07-03,HKD,13.64,2021-01-22,15.05,10.34,13.0,2020-08-06,15.05,CLOSED,10.34,77.0,17.0,100.0
-,0459.HK,2020-07-03,HKD,0.09,2020-10-16,0.14,55.56,133.0,2020-08-20,0.14,CLOSED,55.56,292.0,46.0,100.0
-,2208.HK,2020-07-03,HKD,6.8,2021-05-28,9.07,33.38,26.0,2020-10-14,9.07,CLOSED,33.38,82.0,31.0,100.0
-,1881.HK,2020-07-03,HKD,1.26,2021-01-22,1.37,8.73,11.0,2020-11-11,1.37,CLOSED,8.73,17.0,65.0,100.0
-,2628.HK,2020-07-03,HKD,17.62,2021-03-19,20.83,18.22,18.0,2020-07-07,20.83,CLOSED,18.22,1148.0,2.0,100.0
-,0808.HK,2020-07-03,HKD,2.37,2020-12-05,2.56,8.02,13.0,2020-12-04,2.43,CLOSED,2.53,4.0,99.0,32.0
-,0689.HK,2020-07-03,HKD,0.04,2020-11-14,0.07,75.0,141.0,2020-11-13,0.04,CLOSED,0.0,0.0,99.0,0.0
-,2778.HK,2020-07-03,HKD,4.24,2021-03-01,4.56,7.55,8.0,2020-11-27,4.56,CLOSED,7.55,13.0,61.0,100.0
-,2628.HK,2020-07-03,HKD,17.62,2021-05-27,20.95,18.9,15.0,2020-07-07,20.95,CLOSED,18.9,1191.0,1.0,100.0
-,1881.HK,2020-07-03,HKD,1.26,2021-03-17,1.36,7.94,8.0,2020-11-11,1.36,CLOSED,7.94,15.0,51.0,100.0
-,0052.HK,2020-07-03,HKD,17.84,2021-01-21,19.13,7.23,9.0,2020-08-25,19.13,CLOSED,7.23,34.0,26.0,100.0
-,ASX-CGC,2020-07-03,AUD,3.08,2021-01-15,4.38,42.21,54.0,2020-12-11,4.01,OPEN,30.19,47.0,82.0,72.0
-,ASX-S32,2020-07-03,AUD,2.13,2021-03-12,2.92,37.09,37.0,2020-12-11,2.57,OPEN,20.66,32.0,64.0,56.0
-,ASX-AGL,2020-07-03,AUD,17.59,2021-05-25,18.93,7.62,6.0,2020-12-11,13.33,OPEN,-24.22,-38.0,49.0,-318.0
-,ASX-TWE,2020-07-03,AUD,11.01,2020-12-27,13.69,24.34,35.0,2020-12-11,9.42,OPEN,-14.44,-23.0,91.0,-59.0
-,ASX-COH,2020-07-03,AUD,204.0,2021-05-17,238.72,17.02,13.0,2020-12-11,199.52,OPEN,-2.2,-3.0,51.0,-13.0
-,0435.HK,2020-07-03,HKD,4.03,2020-12-20,4.43,9.93,15.0,2020-12-11,3.81,OPEN,-5.46,-9.0,95.0,-55.0
-,0435.HK,2020-07-03,HKD,4.03,2021-01-25,4.38,8.68,11.0,2020-12-11,3.81,OPEN,-5.46,-9.0,78.0,-63.0
-,0689.HK,2020-07-03,HKD,0.04,2021-01-29,0.11,175.0,210.0,2020-12-11,0.09,OPEN,125.0,196.0,77.0,71.0
-,0808.HK,2020-07-03,HKD,2.37,2020-12-16,2.58,8.86,13.0,2020-12-11,2.45,OPEN,3.38,5.0,97.0,38.0
-,0435.HK,2020-07-03,HKD,4.03,2021-02-15,4.47,10.92,12.0,2020-12-11,3.81,OPEN,-5.46,-9.0,71.0,-50.0
-,0052.HK,2020-07-03,HKD,17.84,2021-04-06,21.1,18.27,17.0,2020-12-11,17.98,OPEN,0.78,1.0,58.0,4.0
-,0083.HK,2020-07-03,HKD,10.34,2021-06-06,12.12,17.21,13.0,2020-12-11,10.56,OPEN,2.13,3.0,48.0,12.0
-,0435.HK,2020-07-03,HKD,4.03,2021-02-20,4.4,9.18,10.0,2020-12-11,3.81,OPEN,-5.46,-9.0,69.0,-59.0
-,2778.HK,2020-07-03,HKD,4.24,2021-07-01,4.8,13.21,9.0,2020-12-11,4.45,OPEN,4.95,8.0,44.0,38.0
-,0083.HK,2020-07-03,HKD,10.34,2021-05-20,11.55,11.7,9.0,2020-12-11,10.56,OPEN,2.13,3.0,50.0,18.0
-,ASX-CTD,2020-07-06,AUD,10.31,2020-11-05,12.61,22.31,46.0,2020-08-19,12.61,CLOSED,22.31,128.0,36.0,100.0
-,ASX-ECX,2020-07-06,AUD,1.37,2020-09-15,1.52,10.95,39.0,2020-07-22,1.52,CLOSED,10.95,172.0,23.0,100.0
-,ASX-CTD,2020-07-06,AUD,10.31,2020-11-07,12.21,18.43,37.0,2020-08-18,12.21,CLOSED,18.43,108.0,35.0,100.0
-,ASX-SYR,2020-07-06,AUD,0.33,2021-03-29,0.55,66.67,63.0,2020-11-11,0.55,CLOSED,66.67,131.0,48.0,100.0
-,ASX-CCP,2020-07-06,AUD,17.2,2021-02-19,21.12,22.79,25.0,2020-10-22,21.12,CLOSED,22.79,53.0,47.0,100.0
-,ASX-ECX,2020-07-06,AUD,1.37,2021-04-11,1.53,11.68,11.0,2020-07-22,1.53,CLOSED,11.68,184.0,6.0,100.0
-,ASX-NCM,2020-07-06,AUD,32.26,2021-03-11,37.57,16.46,17.0,2020-07-28,37.57,CLOSED,16.46,189.0,9.0,100.0
-,ASX-SYR,2020-07-06,AUD,0.33,2021-02-24,0.79,139.39,151.0,2020-11-24,0.79,CLOSED,139.39,249.0,61.0,100.0
-,ASX-CCP,2020-07-06,AUD,17.2,2020-10-04,18.58,8.02,22.0,2020-07-28,18.58,CLOSED,8.02,92.0,24.0,100.0
-,ASX-NSR,2020-07-06,AUD,1.91,2021-06-09,2.03,6.28,5.0,2020-12-09,2.03,CLOSED,6.28,10.0,46.0,100.0
-,ASX-CCP,2020-07-06,AUD,17.2,2021-01-14,20.6,19.77,26.0,2020-10-21,20.6,CLOSED,19.77,47.0,56.0,100.0
-,ASX-ALQ,2020-07-06,AUD,6.86,2021-04-28,8.29,20.85,18.0,2020-07-30,8.29,CLOSED,20.85,219.0,8.0,100.0
-,ASX-CHC,2020-07-06,AUD,10.23,2021-05-25,12.14,18.67,15.0,2020-08-21,12.14,CLOSED,18.67,102.0,14.0,100.0
-,ASX-BKW,2020-07-06,AUD,15.84,2021-06-03,17.57,10.92,8.0,2020-08-25,17.57,CLOSED,10.92,55.0,15.0,100.0
-,ASX-CTD,2020-07-06,AUD,10.31,2020-10-12,10.99,6.6,17.0,2020-08-13,10.99,CLOSED,6.6,44.0,39.0,100.0
-,ASX-SVW,2020-07-06,AUD,17.54,2021-01-08,20.7,18.02,24.0,2020-10-08,20.7,CLOSED,18.02,48.0,51.0,100.0
-,ASX-MMS,2020-07-06,AUD,9.08,2020-12-07,10.22,12.56,21.0,2020-11-10,10.22,CLOSED,12.56,25.0,82.0,100.0
-,ASX-BRG,2020-07-06,AUD,23.59,2021-03-19,27.28,15.64,15.0,2020-08-06,27.28,CLOSED,15.64,127.0,12.0,100.0
-,ASX-CTD,2020-07-06,AUD,10.31,2020-08-05,10.83,5.04,42.0,2020-08-05,8.56,CLOSED,-16.97,-143.0,100.0,-337.0
-,ASX-ALQ,2020-07-06,AUD,6.86,2021-03-03,7.73,12.68,13.0,2020-07-21,7.73,CLOSED,12.68,213.0,6.0,100.0
-,ASX-MQG,2020-07-06,AUD,123.82,2021-02-27,134.57,8.68,9.0,2020-10-19,134.57,CLOSED,8.68,21.0,44.0,100.0
-,ASX-NCM,2020-07-06,AUD,32.26,2020-09-23,34.6,7.25,23.0,2020-07-23,34.6,CLOSED,7.25,107.0,22.0,100.0
-,ASX-NSR,2020-07-06,AUD,1.91,2020-10-28,2.01,5.24,12.0,2020-10-28,1.815,CLOSED,-4.97,-11.0,100.0,-95.0
-,ASX-GPT,2020-07-06,AUD,4.38,2020-12-04,4.52,3.2,5.0,2020-11-10,4.52,CLOSED,3.2,6.0,84.0,100.0
-,2588.HK,2020-07-06,HKD,52.8,2020-12-02,62.29,17.97,30.0,2020-11-10,62.29,CLOSED,17.97,36.0,85.0,100.0
-,2588.HK,2020-07-06,HKD,52.8,2020-12-05,60.54,14.66,24.0,2020-09-07,60.54,CLOSED,14.66,59.0,41.0,100.0
-,0288.HK,2020-07-06,HKD,7.4,2020-10-18,8.98,21.35,52.0,2020-10-16,6.08,CLOSED,-17.84,-44.0,98.0,-84.0
-,1251.HK,2020-07-06,HKD,0.33,2020-09-12,0.44,33.33,124.0,2020-09-11,0.22,CLOSED,-33.33,-125.0,99.0,-100.0
-,0288.HK,2020-07-06,HKD,7.4,2020-11-23,8.41,13.65,25.0,2020-11-23,6.67,CLOSED,-9.86,-18.0,100.0,-72.0
-,0288.HK,2020-07-06,HKD,7.4,2020-10-04,9.0,21.62,61.0,2020-09-30,6.28,CLOSED,-15.14,-44.0,96.0,-70.0
-,0002.HK,2020-07-06,HKD,77.7,2020-11-30,82.36,6.0,10.0,2020-11-30,72.8,CLOSED,-6.31,-11.0,100.0,-105.0
-,2588.HK,2020-07-06,HKD,52.8,2020-08-31,57.21,8.35,38.0,2020-08-28,57.21,CLOSED,8.35,40.0,95.0,100.0
-,0459.HK,2020-07-06,HKD,0.09,2020-10-19,0.14,55.56,133.0,2020-08-20,0.14,CLOSED,55.56,311.0,43.0,100.0
-,2208.HK,2020-07-06,HKD,7.31,2021-05-31,9.75,33.38,26.0,2020-10-15,9.75,CLOSED,33.38,83.0,31.0,100.0
-,3898.HK,2020-07-06,HKD,26.55,2021-03-24,35.81,34.88,34.0,2020-07-13,35.81,CLOSED,34.88,1256.0,3.0,100.0
-,0823.HK,2020-07-06,HKD,66.5,2020-09-30,69.51,4.53,13.0,2020-09-30,63.1,CLOSED,-5.11,-15.0,100.0,-113.0
-,1881.HK,2020-07-06,HKD,1.28,2021-01-25,1.4,9.37,12.0,2020-11-11,1.4,CLOSED,9.37,18.0,63.0,100.0
-,1076.HK,2020-07-06,HKD,0.04,2021-06-14,0.05,25.0,18.0,2020-07-14,0.05,CLOSED,25.0,788.0,2.0,100.0
-,0689.HK,2020-07-06,HKD,0.04,2020-11-17,0.07,75.0,141.0,2020-11-17,0.04,CLOSED,0.0,0.0,100.0,0.0
-,0288.HK,2020-07-06,HKD,7.4,2020-10-05,7.81,5.54,15.0,2020-10-05,6.37,CLOSED,-13.92,-39.0,100.0,-251.0
-,0135.HK,2020-07-06,HKD,5.75,2020-12-22,6.65,15.65,23.0,2020-07-27,6.65,CLOSED,15.65,188.0,12.0,100.0
-,0002.HK,2020-07-06,HKD,77.7,2020-10-12,79.82,2.73,7.0,2020-10-12,74.2,CLOSED,-4.5,-12.0,100.0,-165.0
-,2318.HK,2020-07-06,HKD,86.15,2020-09-27,93.0,7.95,24.0,2020-09-25,80.35,CLOSED,-6.73,-21.0,98.0,-85.0
-,1881.HK,2020-07-06,HKD,1.28,2021-03-20,1.38,7.81,8.0,2020-11-11,1.38,CLOSED,7.81,15.0,50.0,100.0
-,0467.HK,2020-07-06,HKD,1.47,2020-09-16,1.7,15.65,55.0,2020-09-16,1.18,CLOSED,-19.73,-69.0,100.0,-126.0
-,ZS,2020-07-06,USD,114.78,2020-10-26,185.92,61.98,139.0,2020-10-26,149.0,CLOSED,29.81,67.0,100.0,48.0
-,ROBO,2020-07-06,USD,44.81,2021-06-27,51.77,15.53,11.0,2020-11-05,51.77,CLOSED,15.53,32.0,34.0,100.0
-,ITW,2020-07-06,USD,177.66,2021-01-11,198.61,11.79,16.0,2020-08-11,198.61,CLOSED,11.79,83.0,19.0,100.0
-,MA,2020-07-06,USD,305.57,2020-10-28,353.76,15.77,35.0,2020-08-27,353.76,CLOSED,15.77,76.0,46.0,100.0
-,YUM,2020-07-06,USD,88.51,2021-04-27,102.22,15.49,13.0,2020-11-09,102.22,CLOSED,15.49,31.0,43.0,100.0
-,UNP,2020-07-06,USD,172.16,2021-01-10,192.51,11.82,16.0,2020-08-11,192.51,CLOSED,11.82,83.0,19.0,100.0
-,YUM,2020-07-06,USD,88.51,2021-02-27,98.1,10.83,12.0,2020-09-02,98.1,CLOSED,10.83,47.0,25.0,100.0
-,MMM,2020-07-06,USD,158.1,2020-12-17,170.92,8.11,12.0,2020-09-16,170.92,CLOSED,8.11,28.0,44.0,100.0
-,ITA,2020-07-06,USD,166.42,2020-11-03,176.8,6.24,13.0,2020-11-03,159.81,CLOSED,-3.97,-8.0,100.0,-64.0
-,ZS,2020-07-06,USD,114.78,2020-09-14,140.85,22.71,82.0,2020-08-26,140.85,CLOSED,22.71,112.0,73.0,100.0
-,SCCO,2020-07-06,USD,40.74,2021-03-28,46.98,15.32,15.0,2020-08-18,46.98,CLOSED,15.32,90.0,16.0,100.0
-,ITA,2020-07-06,USD,166.42,2021-06-17,191.52,15.08,11.0,2020-11-24,191.52,CLOSED,15.08,27.0,41.0,100.0
-,ITW,2020-07-06,USD,177.66,2021-05-25,205.46,15.65,12.0,2020-10-09,205.46,CLOSED,15.65,42.0,29.0,100.0
-,MA,2020-07-06,USD,305.57,2020-09-20,327.82,7.28,24.0,2020-08-05,327.82,CLOSED,7.28,61.0,39.0,100.0
-,PEP,2020-07-06,USD,133.3,2021-02-02,141.06,5.82,7.0,2020-09-02,141.06,CLOSED,5.82,25.0,27.0,100.0
-,ZNH,2020-07-06,USD,25.46,2021-04-18,32.5,27.65,24.0,2020-11-18,32.5,CLOSED,27.65,52.0,47.0,100.0
-,UNP,2020-07-06,USD,172.16,2020-11-10,184.4,7.11,14.0,2020-08-10,184.4,CLOSED,7.11,51.0,28.0,100.0
-,HON,2020-07-06,USD,147.22,2021-03-04,160.34,8.91,9.0,2020-08-11,160.34,CLOSED,8.91,62.0,15.0,100.0
-,GIS,2020-07-06,USD,62.19,2021-01-20,66.11,6.3,8.0,2020-08-04,66.11,CLOSED,6.3,55.0,15.0,100.0
-,AMT,2020-07-06,USD,265.97,2020-10-24,281.95,6.01,14.0,2020-10-23,237.72,CLOSED,-10.62,-25.0,99.0,-177.0
-,IYH,2020-07-06,USD,220.9,2020-10-04,227.92,3.18,9.0,2020-07-17,227.92,CLOSED,3.18,73.0,12.0,100.0
-,ITA,2020-07-06,USD,166.42,2020-10-24,173.78,4.42,10.0,2020-08-11,173.78,CLOSED,4.42,31.0,33.0,100.0
-,VHT,2020-07-06,USD,197.38,2020-09-30,203.14,2.92,9.0,2020-07-17,203.14,CLOSED,2.92,67.0,13.0,100.0
-,ITW,2020-07-06,USD,177.66,2020-10-10,184.82,4.03,11.0,2020-07-23,184.82,CLOSED,4.03,60.0,18.0,100.0
-,CL,2020-07-06,USD,73.45,2021-03-26,78.23,6.51,6.0,2020-08-20,78.23,CLOSED,6.51,36.0,17.0,100.0
-,ZS,2020-07-06,USD,114.78,2020-08-03,121.1,5.51,50.0,2020-07-09,121.1,CLOSED,5.51,463.0,11.0,100.0
-,SBUX,2020-07-06,USD,75.44,2021-03-29,84.21,11.63,11.0,2020-08-28,84.21,CLOSED,11.63,55.0,20.0,100.0
-,HON,2020-07-06,USD,147.22,2020-12-21,154.23,4.76,7.0,2020-07-17,154.23,CLOSED,4.76,109.0,7.0,100.0
-,LVS,2020-07-06,USD,47.07,2021-03-25,58.6,24.5,24.0,2020-11-09,58.6,CLOSED,24.5,49.0,48.0,100.0
-,MA,2020-07-06,USD,305.57,2020-08-12,317.95,4.05,28.0,2020-08-05,317.95,CLOSED,4.05,34.0,81.0,100.0
-,IYH,2020-07-06,USD,220.9,2021-02-15,230.58,4.38,5.0,2020-07-23,230.58,CLOSED,4.38,65.0,8.0,100.0
-,HPQ,2020-07-06,USD,17.46,2021-05-15,19.14,9.62,8.0,2020-08-11,19.14,CLOSED,9.62,67.0,12.0,100.0
-,PEP,2020-07-06,USD,133.3,2020-11-04,136.22,2.19,5.0,2020-07-13,136.22,CLOSED,2.19,79.0,6.0,100.0
-,IBB,2020-07-06,USD,139.44,2020-10-29,146.76,5.25,12.0,2020-10-29,133.06,CLOSED,-4.58,-10.0,100.0,-87.0
-,VHT,2020-07-06,USD,197.38,2020-11-16,205.1,3.91,7.0,2020-07-20,205.1,CLOSED,3.91,70.0,11.0,100.0
-,IBM,2020-07-06,USD,120.19,2021-04-23,129.9,8.08,7.0,2020-07-21,129.9,CLOSED,8.08,136.0,5.0,100.0
-,YUM,2020-07-06,USD,88.51,2020-10-23,93.38,5.5,13.0,2020-07-22,93.38,CLOSED,5.5,87.0,15.0,100.0
-,ITA,2020-07-06,USD,166.42,2020-08-14,169.86,2.07,13.0,2020-08-10,169.86,CLOSED,2.07,15.0,90.0,100.0
-,ASX-NSR,2020-07-06,AUD,1.91,2021-02-17,2.15,12.57,14.0,2020-12-11,2.04,OPEN,6.81,11.0,70.0,54.0
-,ASX-MQG,2020-07-06,AUD,123.82,2021-04-29,146.95,18.68,16.0,2020-12-11,138.08,OPEN,11.52,18.0,53.0,62.0
-,ASX-IGO,2020-07-06,AUD,5.01,2021-03-22,6.77,35.13,34.0,2020-12-11,6.32,OPEN,26.15,42.0,61.0,74.0
-,0002.HK,2020-07-06,HKD,77.7,2021-04-09,91.26,17.45,16.0,2020-12-11,71.0,OPEN,-8.62,-14.0,57.0,-49.0
-,0288.HK,2020-07-06,HKD,7.4,2020-12-23,8.55,15.54,23.0,2020-12-11,6.51,OPEN,-12.03,-19.0,93.0,-77.0
-,1623.HK,2020-07-06,HKD,0.24,2021-02-11,0.47,95.83,110.0,2020-12-11,0.22,OPEN,-8.33,-13.0,72.0,-9.0
-,1623.HK,2020-07-06,HKD,0.24,2021-02-01,0.51,112.5,135.0,2020-12-11,0.22,OPEN,-8.33,-13.0,75.0,-7.0
-,0823.HK,2020-07-06,HKD,66.5,2020-12-12,76.23,14.63,23.0,2020-12-11,69.65,OPEN,4.74,8.0,99.0,32.0
-,0778.HK,2020-07-06,HKD,7.13,2021-01-10,7.88,10.52,14.0,2020-12-11,7.24,OPEN,1.54,2.0,84.0,15.0
-,0808.HK,2020-07-06,HKD,2.43,2020-12-30,2.65,9.05,13.0,2020-12-11,2.45,OPEN,0.82,1.0,89.0,9.0
-,0823.HK,2020-07-06,HKD,66.5,2021-03-12,78.5,18.05,18.0,2020-12-11,69.65,OPEN,4.74,8.0,63.0,26.0
-,0689.HK,2020-07-06,HKD,0.04,2021-02-01,0.11,175.0,210.0,2020-12-11,0.09,OPEN,125.0,199.0,75.0,71.0
-,3898.HK,2020-07-06,HKD,26.55,2021-01-07,36.53,37.59,51.0,2020-12-11,24.6,OPEN,-7.34,-12.0,85.0,-20.0
-,0778.HK,2020-07-06,HKD,7.13,2020-12-24,7.73,8.42,12.0,2020-12-11,7.24,OPEN,1.54,2.0,92.0,18.0
-,0778.HK,2020-07-06,HKD,7.13,2020-12-17,7.54,5.75,9.0,2020-12-11,7.24,OPEN,1.54,2.0,96.0,27.0
-,2318.HK,2020-07-06,HKD,86.15,2021-02-02,112.93,31.09,37.0,2020-12-11,92.7,OPEN,7.6,12.0,75.0,24.0
-,0778.HK,2020-07-06,HKD,7.13,2020-12-24,7.61,6.73,10.0,2020-12-11,7.24,OPEN,1.54,2.0,92.0,23.0
-,2318.HK,2020-07-06,HKD,86.15,2021-01-18,100.52,16.68,21.0,2020-12-11,92.7,OPEN,7.6,12.0,81.0,46.0
-,2386.HK,2020-07-06,HKD,3.6,2021-04-08,4.16,15.56,14.0,2020-12-11,3.36,OPEN,-6.67,-11.0,57.0,-43.0
-,0012.HK,2020-07-06,HKD,31.7,2021-06-25,37.19,17.32,12.0,2020-12-11,31.2,OPEN,-1.58,-3.0,45.0,-9.0
-,0808.HK,2020-07-06,HKD,2.43,2020-12-18,2.64,8.64,13.0,2020-12-11,2.45,OPEN,0.82,1.0,96.0,10.0
-,0173.HK,2020-07-06,HKD,3.62,2021-05-31,4.59,26.8,21.0,2020-12-11,3.85,OPEN,6.35,10.0,48.0,24.0
-,3988.HK,2020-07-06,HKD,3.16,2021-03-15,3.52,11.39,11.0,2020-12-11,2.66,OPEN,-15.82,-25.0,63.0,-139.0
-,1766.HK,2020-07-06,HKD,3.78,2021-06-10,4.69,24.07,18.0,2020-12-11,2.87,OPEN,-24.07,-38.0,47.0,-100.0
-,1114.HK,2020-07-06,HKD,8.87,2021-06-11,11.69,31.79,24.0,2020-12-11,6.24,OPEN,-29.65,-47.0,46.0,-93.0
-,MA,2020-07-06,USD,305.57,2021-04-19,399.26,30.66,27.0,2020-12-11,327.42,OPEN,7.15,11.0,55.0,23.0
-,IBB,2020-07-06,USD,139.44,2021-01-02,152.62,9.45,13.0,2020-12-11,150.19,OPEN,7.71,12.0,88.0,82.0
-,AMT,2020-07-06,USD,265.97,2020-12-24,295.92,11.26,17.0,2020-12-11,219.82,OPEN,-17.35,-28.0,92.0,-154.0
-,INTC,2020-07-06,USD,59.54,2021-05-23,68.53,15.1,12.0,2020-12-11,49.73,OPEN,-16.48,-26.0,49.0,-109.0
-,CEA,2020-07-06,USD,20.44,2021-04-28,24.93,21.97,19.0,2020-12-11,22.84,OPEN,11.74,19.0,53.0,53.0
-,PTR,2020-07-06,USD,37.89,2021-06-27,42.12,11.16,8.0,2020-12-11,30.83,OPEN,-18.63,-30.0,44.0,-167.0
-,ASX-CGC,2020-07-07,AUD,3.09,2020-09-20,3.75,21.36,72.0,2020-09-18,3.26,CLOSED,5.5,19.0,97.0,26.0
-,ASX-CGC,2020-07-07,AUD,3.09,2020-11-22,3.94,27.51,50.0,2020-11-11,3.94,CLOSED,27.51,55.0,92.0,100.0
-,ASX-CGC,2020-07-07,AUD,3.09,2020-08-20,3.32,7.44,43.0,2020-08-20,2.9549,CLOSED,-4.37,-25.0,100.0,-59.0
-,ASX-CNU,2020-07-07,AUD,7.29,2020-12-29,8.34,14.4,21.0,2020-09-10,8.34,CLOSED,14.4,56.0,37.0,100.0
-,ASX-CNU,2020-07-07,AUD,7.29,2020-09-12,7.82,7.27,27.0,2020-09-07,7.82,CLOSED,7.27,30.0,93.0,100.0
-,ASX-MYX,2020-07-07,AUD,0.43,2020-09-22,0.48,11.63,38.0,2020-09-22,0.37,CLOSED,-13.95,-46.0,100.0,-120.0
-,ASX-COH,2020-07-07,AUD,199.62,2021-05-27,228.21,14.32,11.0,2020-10-26,228.21,CLOSED,14.32,33.0,34.0,100.0
-,ASX-AST,2020-07-07,AUD,1.69,2021-06-26,1.76,4.14,3.0,2020-07-31,1.76,CLOSED,4.14,43.0,7.0,100.0
-,ASX-COH,2020-07-07,AUD,199.62,2021-03-19,212.66,6.53,6.0,2020-08-18,212.66,CLOSED,6.53,39.0,16.0,100.0
-,ASX-COH,2020-07-07,AUD,199.62,2020-10-01,209.48,4.94,14.0,2020-08-18,209.48,CLOSED,4.94,30.0,49.0,100.0
-,ASX-FMG,2020-07-07,AUD,14.8,2021-04-28,19.84,34.05,29.0,2020-12-03,19.84,CLOSED,34.05,58.0,51.0,100.0
-,1251.HK,2020-07-07,HKD,0.33,2020-09-13,0.44,33.33,124.0,2020-09-11,0.22,CLOSED,-33.33,-127.0,97.0,-100.0
-,0753.HK,2020-07-07,HKD,5.01,2021-06-29,6.66,32.93,23.0,2020-12-03,6.66,CLOSED,32.93,56.0,42.0,100.0
-,2238.HK,2020-07-07,HKD,6.55,2021-05-03,8.66,32.21,27.0,2020-11-05,8.66,CLOSED,32.21,67.0,40.0,100.0
-,0689.HK,2020-07-07,HKD,0.04,2020-11-18,0.07,75.0,141.0,2020-11-18,0.04,CLOSED,0.0,0.0,100.0,0.0
-,1881.HK,2020-07-07,HKD,1.26,2021-02-09,1.41,11.9,14.0,2020-11-11,1.41,CLOSED,11.9,24.0,59.0,100.0
-,0354.HK,2020-07-07,HKD,4.78,2021-06-04,6.36,33.05,25.0,2020-07-10,6.36,CLOSED,33.05,2776.0,1.0,100.0
-,0354.HK,2020-07-07,HKD,4.78,2021-04-02,5.43,13.6,13.0,2020-07-09,5.43,CLOSED,13.6,1714.0,1.0,100.0
-,0880.HK,2020-07-07,HKD,8.86,2021-05-14,9.98,12.64,10.0,2020-08-11,9.98,CLOSED,12.64,91.0,11.0,100.0
-,0006.HK,2020-07-07,HKD,43.9,2020-10-29,45.41,3.44,8.0,2020-10-29,39.85,CLOSED,-9.23,-20.0,100.0,-268.0
-,UNP,2020-07-07,USD,169.78,2020-08-21,177.84,4.75,27.0,2020-07-16,177.84,CLOSED,4.75,133.0,20.0,100.0
-,UNP,2020-07-07,USD,169.78,2020-09-06,177.69,4.66,19.0,2020-07-16,177.69,CLOSED,4.66,130.0,15.0,100.0
-,UNP,2020-07-07,USD,169.78,2020-12-13,192.8,13.56,21.0,2020-08-11,192.8,CLOSED,13.56,98.0,22.0,100.0
-,PM,2020-07-07,USD,72.94,2021-04-08,80.91,10.93,10.0,2020-08-27,80.91,CLOSED,10.93,54.0,19.0,100.0
-,KO,2020-07-07,USD,45.21,2021-02-16,48.65,7.61,9.0,2020-07-24,48.65,CLOSED,7.61,113.0,8.0,100.0
-,KO,2020-07-07,USD,45.21,2021-06-09,49.92,10.42,8.0,2020-08-31,49.92,CLOSED,10.42,48.0,16.0,100.0
-,XBI,2020-07-07,USD,115.04,2020-11-27,127.14,10.52,19.0,2020-11-18,127.14,CLOSED,10.52,20.0,94.0,100.0
-,RIO,2020-07-07,USD,56.91,2021-03-18,67.06,17.84,18.0,2020-11-24,67.06,CLOSED,17.84,32.0,55.0,100.0
-,XBI,2020-07-07,USD,115.04,2021-05-18,142.44,23.82,19.0,2020-12-10,142.44,CLOSED,23.82,38.0,50.0,100.0
-,XBI,2020-07-07,USD,115.04,2020-10-31,126.15,9.66,21.0,2020-10-30,112.77,CLOSED,-1.97,-4.0,99.0,-20.0
-,DIS,2020-07-07,USD,113.63,2021-03-20,127.73,12.41,12.0,2020-08-05,127.73,CLOSED,12.41,108.0,11.0,100.0
-,MO,2020-07-07,USD,39.94,2021-03-08,43.84,9.76,10.0,2020-08-11,43.84,CLOSED,9.76,70.0,14.0,100.0
-,MO,2020-07-07,USD,39.94,2020-10-16,41.11,2.93,7.0,2020-07-15,41.11,CLOSED,2.93,92.0,8.0,100.0
-,KO,2020-07-07,USD,45.21,2020-11-09,46.2,2.19,4.0,2020-07-15,46.2,CLOSED,2.19,69.0,6.0,100.0
-,PM,2020-07-07,USD,72.94,2021-05-16,81.09,11.17,9.0,2020-08-27,81.09,CLOSED,11.17,55.0,16.0,100.0
-,GLW,2020-07-07,USD,26.49,2021-06-21,34.92,31.82,23.0,2020-10-07,34.92,CLOSED,31.82,87.0,26.0,100.0
-,D,2020-07-07,USD,74.22,2020-12-12,78.0,5.09,8.0,2020-07-17,78.0,CLOSED,5.09,128.0,6.0,100.0
-,DIS,2020-07-07,USD,113.63,2020-10-27,118.69,4.45,10.0,2020-07-10,118.69,CLOSED,4.45,374.0,3.0,100.0
-,ASX-MPL,2020-07-07,AUD,3.04,2021-03-22,3.53,16.12,16.0,2020-12-11,2.83,OPEN,-6.91,-11.0,61.0,-43.0
-,ASX-CNU,2020-07-07,AUD,7.29,2021-04-18,9.18,25.93,23.0,2020-12-11,7.37,OPEN,1.1,2.0,55.0,4.0
-,ASX-MYX,2020-07-07,AUD,0.43,2021-01-24,0.59,37.21,47.0,2020-12-11,0.37,OPEN,-13.95,-22.0,78.0,-38.0
-,ASX-MYX,2020-07-07,AUD,0.43,2021-02-17,0.6,39.53,44.0,2020-12-11,0.37,OPEN,-13.95,-22.0,70.0,-35.0
-,1113.HK,2020-07-07,HKD,47.9,2021-01-07,54.2,13.15,18.0,2020-12-11,43.25,OPEN,-9.71,-16.0,85.0,-74.0
-,1113.HK,2020-07-07,HKD,47.9,2021-01-01,54.3,13.36,19.0,2020-12-11,43.25,OPEN,-9.71,-16.0,88.0,-73.0
-,0006.HK,2020-07-07,HKD,43.9,2021-05-30,48.12,9.61,7.0,2020-12-11,41.15,OPEN,-6.26,-10.0,48.0,-65.0
-,0689.HK,2020-07-07,HKD,0.04,2021-02-02,0.11,175.0,210.0,2020-12-11,0.09,OPEN,125.0,201.0,75.0,71.0
-,0066.HK,2020-07-07,HKD,42.15,2021-05-24,48.81,15.8,12.0,2020-12-11,43.35,OPEN,2.85,5.0,49.0,18.0
-,0670.HK,2020-07-07,HKD,2.95,2021-05-28,4.47,51.53,40.0,2020-12-11,3.59,OPEN,21.69,35.0,48.0,42.0
-,2007.HK,2020-07-07,HKD,11.0,2021-04-13,13.38,21.64,19.0,2020-12-11,10.08,OPEN,-8.36,-13.0,56.0,-39.0
-,0386.HK,2020-07-07,HKD,3.42,2021-06-20,3.93,14.91,11.0,2020-12-11,3.47,OPEN,1.46,2.0,45.0,10.0
-,0087.HK,2020-07-07,HKD,7.84,2021-04-12,8.58,9.44,9.0,2020-12-11,7.46,OPEN,-4.85,-8.0,56.0,-51.0
-,0087.HK,2020-07-07,HKD,7.84,2021-05-10,8.71,11.1,9.0,2020-12-11,7.46,OPEN,-4.85,-8.0,51.0,-44.0
-,2388.HK,2020-07-07,HKD,24.55,2021-05-04,28.65,16.7,14.0,2020-12-11,24.0,OPEN,-2.24,-4.0,52.0,-13.0
-,2238.HK,2020-07-07,HKD,6.55,2021-05-01,10.16,55.11,47.0,2020-12-11,7.99,OPEN,21.98,35.0,53.0,40.0
-,0200.HK,2020-07-07,HKD,15.68,2021-01-21,20.07,28.0,36.0,2020-12-11,15.5,OPEN,-1.15,-2.0,79.0,-4.0
-,UNP,2020-07-07,USD,169.78,2021-06-02,212.02,24.88,19.0,2020-12-11,203.06,OPEN,19.6,31.0,48.0,79.0
-,MO,2020-07-07,USD,39.94,2021-02-08,45.29,13.4,16.0,2020-12-11,43.0,OPEN,7.66,12.0,73.0,57.0
-,SNP,2020-07-07,USD,44.14,2021-06-22,51.46,16.58,12.0,2020-12-11,44.26,OPEN,0.27,0.0,45.0,2.0
-,SNP,2020-07-07,USD,44.14,2021-06-03,51.34,16.31,12.0,2020-12-11,44.26,OPEN,0.27,0.0,47.0,2.0
-,0459.HK,2020-07-08,HKD,0.08,2020-10-21,0.12,50.0,120.0,2020-08-20,0.12,CLOSED,50.0,293.0,41.0,100.0
-,2318.HK,2020-07-08,HKD,89.25,2020-09-16,97.63,9.39,34.0,2020-09-16,82.25,CLOSED,-7.84,-28.0,100.0,-84.0
-,1076.HK,2020-07-08,HKD,0.04,2021-06-16,0.05,25.0,18.0,2020-07-14,0.05,CLOSED,25.0,1050.0,2.0,100.0
-,3969.HK,2020-07-08,HKD,3.79,2020-09-05,3.92,3.43,15.0,2020-09-04,2.98,CLOSED,-21.37,-93.0,98.0,-623.0
-,3969.HK,2020-07-08,HKD,3.79,2020-10-02,4.02,6.07,18.0,2020-09-30,2.54,CLOSED,-32.98,-99.0,98.0,-543.0
-,0689.HK,2020-07-08,HKD,0.04,2020-11-19,0.07,75.0,141.0,2020-11-19,0.04,CLOSED,0.0,0.0,100.0,0.0
-,YUMC,2020-07-08,USD,51.11,2020-11-23,57.76,13.01,24.0,2020-08-31,57.76,CLOSED,13.01,61.0,39.0,100.0
-,AWK,2020-07-08,USD,131.76,2020-09-18,138.22,4.9,17.0,2020-07-16,138.22,CLOSED,4.9,154.0,11.0,100.0
-,AWK,2020-07-08,USD,131.76,2020-12-27,144.57,9.72,14.0,2020-07-23,144.57,CLOSED,9.72,163.0,9.0,100.0
-,YUMC,2020-07-08,USD,51.11,2020-08-24,54.02,5.69,31.0,2020-07-21,54.02,CLOSED,5.69,110.0,28.0,100.0
-,YUMC,2020-07-08,USD,51.11,2020-11-06,54.89,7.4,15.0,2020-08-12,54.89,CLOSED,7.4,53.0,29.0,100.0
-,AWK,2020-07-08,USD,131.76,2020-08-17,134.49,2.07,13.0,2020-07-14,134.49,CLOSED,2.07,87.0,15.0,100.0
-,CCI,2020-07-08,USD,171.41,2020-11-14,173.52,1.23,2.0,2020-07-20,173.52,CLOSED,1.23,26.0,9.0,100.0
-,D,2020-07-08,USD,75.22,2020-12-13,79.05,5.09,8.0,2020-07-17,79.05,CLOSED,5.09,143.0,6.0,100.0
-,CHL,2020-07-08,USD,36.32,2020-11-01,37.52,3.3,7.0,2020-08-13,37.52,CLOSED,3.3,23.0,31.0,100.0
-,ASX-TNE,2020-07-08,AUD,8.99,2021-03-30,10.13,12.68,12.0,2020-12-11,8.33,OPEN,-7.34,-12.0,59.0,-58.0
-,3969.HK,2020-07-08,HKD,3.79,2021-07-05,3.94,3.96,3.0,2020-12-11,2.65,OPEN,-30.08,-49.0,43.0,-760.0
-,0689.HK,2020-07-08,HKD,0.04,2021-02-03,0.11,175.0,210.0,2020-12-11,0.09,OPEN,125.0,202.0,74.0,71.0
-,2318.HK,2020-07-08,HKD,89.25,2021-01-22,120.42,34.92,44.0,2020-12-11,92.7,OPEN,3.87,6.0,79.0,11.0
-,1038.HK,2020-07-08,HKD,41.15,2021-05-17,48.25,17.25,14.0,2020-12-11,39.95,OPEN,-2.92,-5.0,50.0,-17.0
-,2318.HK,2020-07-08,HKD,89.25,2021-01-07,105.51,18.22,25.0,2020-12-11,92.7,OPEN,3.87,6.0,85.0,21.0
-,2328.HK,2020-07-08,HKD,7.63,2021-06-13,10.56,38.4,28.0,2020-12-11,6.01,OPEN,-21.23,-34.0,46.0,-55.0
-,CCI,2020-07-08,USD,171.41,2021-02-08,191.34,11.63,14.0,2020-12-11,157.68,OPEN,-8.01,-13.0,73.0,-69.0
-,ASX-S32,2020-07-09,AUD,2.09,2020-11-26,2.7,29.19,53.0,2020-11-26,2.44,CLOSED,16.75,30.0,100.0,57.0
-,ASX-S32,2020-07-09,AUD,2.09,2020-09-05,2.38,13.88,60.0,2020-09-04,2.1363,CLOSED,2.22,10.0,98.0,16.0
-,ASX-VCX,2020-07-09,AUD,1.33,2021-04-30,1.58,18.8,16.0,2020-11-10,1.58,CLOSED,18.8,38.0,42.0,100.0
-,ASX-REA,2020-07-09,AUD,106.33,2020-12-26,137.13,28.97,43.0,2020-11-09,137.13,CLOSED,28.97,59.0,72.0,100.0
-,ASX-REA,2020-07-09,AUD,106.33,2020-12-06,128.36,20.72,35.0,2020-11-05,128.36,CLOSED,20.72,44.0,79.0,100.0
-,ASX-JHG,2020-07-09,AUD,30.6,2021-03-02,35.55,16.18,17.0,2020-10-09,35.55,CLOSED,16.18,44.0,39.0,100.0
-,ASX-REA,2020-07-09,AUD,106.33,2020-09-22,119.07,11.98,40.0,2020-08-21,119.07,CLOSED,11.98,70.0,57.0,100.0
-,ASX-S32,2020-07-09,AUD,2.09,2020-09-17,2.23,6.7,24.0,2020-07-28,2.23,CLOSED,6.7,89.0,27.0,100.0
-,ASX-S32,2020-07-09,AUD,2.09,2020-08-27,2.16,3.35,17.0,2020-07-17,2.16,CLOSED,3.35,106.0,16.0,100.0
-,1251.HK,2020-07-09,HKD,0.33,2020-09-17,0.44,33.33,120.0,2020-09-17,0.22,CLOSED,-33.33,-120.0,100.0,-100.0
-,1623.HK,2020-07-09,HKD,0.24,2020-12-09,0.39,62.5,103.0,2020-12-09,0.22,CLOSED,-8.33,-14.0,100.0,-13.0
-,1798.HK,2020-07-09,HKD,1.13,2020-08-30,1.32,16.81,81.0,2020-08-28,1.1,CLOSED,-2.65,-13.0,96.0,-16.0
-,0459.HK,2020-07-09,HKD,0.09,2020-10-22,0.14,55.56,133.0,2020-08-20,0.14,CLOSED,55.56,333.0,40.0,100.0
-,2386.HK,2020-07-09,HKD,3.46,2021-03-26,3.94,13.87,13.0,2020-07-22,3.94,CLOSED,13.87,269.0,5.0,100.0
-,2208.HK,2020-07-09,HKD,7.46,2021-04-20,9.61,28.82,25.0,2020-10-15,9.61,CLOSED,28.82,74.0,34.0,100.0
-,2778.HK,2020-07-09,HKD,4.22,2021-04-13,4.58,8.53,8.0,2020-11-27,4.58,CLOSED,8.53,15.0,51.0,100.0
-,0689.HK,2020-07-09,HKD,0.04,2020-11-20,0.07,75.0,141.0,2020-11-20,0.04,CLOSED,0.0,0.0,100.0,0.0
-,0696.HK,2020-07-09,HKD,15.24,2021-05-03,19.05,25.0,21.0,2020-11-10,19.05,CLOSED,25.0,51.0,42.0,100.0
-,YUMC,2020-07-09,USD,51.48,2020-12-01,57.99,12.65,22.0,2020-08-31,57.99,CLOSED,12.65,60.0,37.0,100.0
-,AWK,2020-07-09,USD,130.69,2020-11-26,141.86,8.55,15.0,2020-07-20,141.86,CLOSED,8.55,196.0,8.0,100.0
-,AWK,2020-07-09,USD,130.69,2020-09-28,138.3,5.82,18.0,2020-07-16,138.3,CLOSED,5.82,210.0,9.0,100.0
-,PLD,2020-07-09,USD,96.57,2021-01-17,103.34,7.01,9.0,2020-07-29,103.34,CLOSED,7.01,88.0,10.0,100.0
-,RIO,2020-07-09,USD,57.96,2021-03-23,66.33,14.44,14.0,2020-09-15,66.33,CLOSED,14.44,54.0,26.0,100.0
-,ZNH,2020-07-09,USD,23.93,2021-04-05,30.07,25.66,24.0,2020-09-09,30.07,CLOSED,25.66,104.0,23.0,100.0
-,PLD,2020-07-09,USD,96.57,2020-11-02,99.93,3.48,8.0,2020-07-23,99.93,CLOSED,3.48,63.0,12.0,100.0
-,LULU,2020-07-09,USD,315.2,2021-06-07,377.2,19.67,15.0,2020-08-24,377.2,CLOSED,19.67,108.0,14.0,100.0
-,CAT,2020-07-09,USD,125.73,2021-03-29,140.55,11.79,11.0,2020-07-16,140.55,CLOSED,11.79,424.0,3.0,100.0
-,YUMC,2020-07-09,USD,51.48,2020-08-27,53.99,4.88,25.0,2020-07-21,53.99,CLOSED,4.88,102.0,24.0,100.0
-,WY,2020-07-09,USD,22.61,2021-06-10,24.6,8.8,7.0,2020-07-15,24.6,CLOSED,8.8,370.0,2.0,100.0
-,YUMC,2020-07-09,USD,51.48,2020-10-09,55.21,7.25,20.0,2020-08-17,55.21,CLOSED,7.25,47.0,42.0,100.0
-,ASX-SKI,2020-07-09,AUD,2.21,2021-04-02,2.6,17.65,17.0,2020-12-11,2.14,OPEN,-3.17,-5.0,58.0,-18.0
-,ASX-SKI,2020-07-09,AUD,2.21,2021-01-19,2.47,11.76,15.0,2020-12-11,2.14,OPEN,-3.17,-5.0,80.0,-27.0
-,ASX-IFL,2020-07-09,AUD,5.09,2021-05-06,5.58,9.63,8.0,2020-12-11,3.63,OPEN,-28.68,-47.0,51.0,-298.0
-,2208.HK,2020-07-09,HKD,7.46,2021-05-28,15.64,109.65,86.0,2020-12-11,11.96,OPEN,60.32,98.0,48.0,55.0
-,0689.HK,2020-07-09,HKD,0.04,2021-02-04,0.11,175.0,210.0,2020-12-11,0.09,OPEN,125.0,203.0,74.0,71.0
-,3898.HK,2020-07-09,HKD,29.25,2020-12-15,38.82,32.72,52.0,2020-12-11,24.6,OPEN,-15.9,-26.0,97.0,-49.0
-,3898.HK,2020-07-09,HKD,29.25,2021-02-21,39.19,33.98,38.0,2020-12-11,24.6,OPEN,-15.9,-26.0,68.0,-47.0
-,2012.HK,2020-07-09,HKD,2.65,2021-04-19,18.41,594.72,528.0,2020-12-10,1.5,OPEN,-43.4,-71.0,54.0,-7.0
-,LULU,2020-07-09,USD,315.2,2021-03-02,403.99,28.17,30.0,2020-12-11,344.32,OPEN,9.24,15.0,66.0,33.0
-,GIS,2020-07-09,USD,62.55,2021-02-12,66.38,6.12,7.0,2020-12-11,59.32,OPEN,-5.16,-8.0,71.0,-84.0
-,ASX-RIO,2020-07-10,AUD,97.99,2021-02-17,108.75,10.98,12.0,2020-12-03,108.75,CLOSED,10.98,19.0,66.0,100.0
-,ASX-RIO,2020-07-10,AUD,97.99,2020-09-21,102.57,4.67,16.0,2020-07-15,102.57,CLOSED,4.67,235.0,7.0,100.0
-,0689.HK,2020-07-10,HKD,0.04,2020-11-21,0.07,75.0,141.0,2020-11-20,0.04,CLOSED,0.0,0.0,99.0,0.0
-,0017.HK,2020-07-10,HKD,40.7,2020-10-03,42.75,5.04,15.0,2020-09-30,37.5,CLOSED,-7.86,-24.0,96.0,-156.0
-,GM,2020-07-10,USD,24.39,2021-06-19,29.29,20.09,15.0,2020-08-11,29.29,CLOSED,20.09,158.0,9.0,100.0
-,LMT,2020-07-10,USD,349.25,2021-04-19,393.05,12.54,11.0,2020-07-22,393.05,CLOSED,12.54,263.0,4.0,100.0
-,TRV,2020-07-10,USD,113.84,2021-03-30,122.58,7.68,7.0,2020-07-16,122.58,CLOSED,7.68,323.0,2.0,100.0
-,LMT,2020-07-10,USD,349.25,2020-11-22,376.28,7.74,14.0,2020-07-21,376.28,CLOSED,7.74,177.0,8.0,100.0
-,AGN,2020-07-10,USD,0.26,2021-04-27,0.28,7.69,7.0,2020-07-16,0.28,CLOSED,7.69,323.0,2.0,100.0
-,LMT,2020-07-10,USD,349.25,2020-09-01,362.56,3.81,18.0,2020-07-15,362.56,CLOSED,3.81,192.0,9.0,100.0
-,AMT,2020-07-10,USD,264.35,2020-10-11,273.79,3.57,10.0,2020-10-09,244.68,CLOSED,-7.44,-21.0,98.0,-208.0
-,0689.HK,2020-07-10,HKD,0.04,2021-02-05,0.11,175.0,210.0,2020-12-11,0.09,OPEN,125.0,205.0,73.0,71.0
-,0017.HK,2020-07-10,HKD,40.7,2021-01-18,48.51,19.19,25.0,2020-12-11,37.7,OPEN,-7.37,-12.0,80.0,-38.0
-,AMT,2020-07-10,USD,264.35,2020-12-22,286.61,8.42,13.0,2020-12-11,219.82,OPEN,-16.85,-28.0,93.0,-200.0
-,ASX-REA,2020-07-13,AUD,105.21,2020-11-18,117.24,11.43,23.0,2020-08-12,117.24,CLOSED,11.43,96.0,23.0,100.0
-,ASX-SYR,2020-07-13,AUD,0.32,2021-02-24,0.52,62.5,70.0,2020-10-12,0.52,CLOSED,62.5,173.0,40.0,100.0
-,ASX-SYR,2020-07-13,AUD,0.32,2021-01-06,0.67,109.38,156.0,2020-11-20,0.67,CLOSED,109.38,212.0,73.0,100.0
-,ASX-ALQ,2020-07-13,AUD,6.87,2021-06-16,8.34,21.4,16.0,2020-07-30,8.34,CLOSED,21.4,317.0,5.0,100.0
-,ASX-BGA,2020-07-13,AUD,4.64,2021-01-11,5.28,13.79,19.0,2020-09-01,5.28,CLOSED,13.79,70.0,27.0,100.0
-,ASX-REA,2020-07-13,AUD,105.21,2021-02-10,128.9,22.52,27.0,2020-11-06,128.9,CLOSED,22.52,49.0,55.0,100.0
-,ASX-RIO,2020-07-13,AUD,99.84,2021-04-19,111.68,11.86,11.0,2020-12-03,111.68,CLOSED,11.86,21.0,51.0,100.0
-,ASX-ALQ,2020-07-13,AUD,6.87,2021-03-24,7.72,12.37,12.0,2020-07-21,7.72,CLOSED,12.37,390.0,3.0,100.0
-,ASX-BGA,2020-07-13,AUD,4.64,2020-08-11,4.79,3.23,28.0,2020-08-11,4.62,CLOSED,-0.43,-4.0,100.0,-13.0
-,ASX-SHL,2020-07-13,AUD,30.51,2021-04-05,31.62,3.64,3.0,2020-07-21,31.62,CLOSED,3.64,115.0,3.0,100.0
-,0002.HK,2020-07-13,HKD,73.95,2020-11-22,78.54,6.21,12.0,2020-11-20,73.1,CLOSED,-1.15,-2.0,98.0,-19.0
-,2318.HK,2020-07-13,HKD,88.15,2020-09-21,96.43,9.39,34.0,2020-09-21,82.5,CLOSED,-6.41,-23.0,100.0,-68.0
-,0992.HK,2020-07-13,HKD,4.9,2021-03-26,5.41,10.41,10.0,2020-09-16,5.41,CLOSED,10.41,40.0,25.0,100.0
-,0002.HK,2020-07-13,HKD,73.95,2020-09-09,76.06,2.85,12.0,2020-08-12,76.06,CLOSED,2.85,24.0,52.0,100.0
-,0689.HK,2020-07-13,HKD,0.04,2020-11-24,0.07,75.0,141.0,2020-11-24,0.04,CLOSED,0.0,0.0,100.0,0.0
-,2600.HK,2020-07-13,HKD,2.08,2020-12-24,2.36,13.46,21.0,2020-11-23,2.36,CLOSED,13.46,26.0,81.0,100.0
-,0992.HK,2020-07-13,HKD,4.9,2020-09-07,5.03,2.65,12.0,2020-08-13,5.03,CLOSED,2.65,22.0,55.0,100.0
-,0992.HK,2020-07-13,HKD,4.9,2020-09-16,5.09,3.88,15.0,2020-08-13,5.09,CLOSED,3.88,32.0,48.0,100.0
-,0689.HK,2020-07-13,HKD,0.04,2020-12-19,0.08,100.0,158.0,2020-12-10,0.08,CLOSED,100.0,168.0,94.0,100.0
-,1766.HK,2020-07-13,HKD,3.75,2020-08-10,4.26,13.6,122.0,2020-08-10,3.41,CLOSED,-9.07,-82.0,100.0,-67.0
-,1766.HK,2020-07-13,HKD,3.75,2020-10-07,4.22,12.53,37.0,2020-10-07,3.19,CLOSED,-14.93,-44.0,100.0,-119.0
-,UNP,2020-07-13,USD,169.17,2021-01-10,186.37,10.17,14.0,2020-08-10,186.37,CLOSED,10.17,92.0,15.0,100.0
-,UNP,2020-07-13,USD,169.17,2020-11-02,178.66,5.61,13.0,2020-07-17,178.66,CLOSED,5.61,353.0,4.0,100.0
-,D,2020-07-13,USD,73.68,2020-12-18,77.43,5.09,8.0,2020-07-17,77.43,CLOSED,5.09,321.0,3.0,100.0
-,ASX-AGL,2020-07-13,AUD,17.42,2021-04-11,18.65,7.06,7.0,2020-12-11,13.33,OPEN,-23.48,-39.0,56.0,-333.0
-,2600.HK,2020-07-13,HKD,2.08,2021-04-17,3.25,56.25,51.0,2020-12-11,2.78,OPEN,33.65,56.0,54.0,60.0
-,0002.HK,2020-07-13,HKD,73.95,2021-07-07,91.86,24.22,17.0,2020-12-11,71.0,OPEN,-3.99,-7.0,42.0,-16.0
-,0002.HK,2020-07-13,HKD,73.95,2021-02-11,82.47,11.52,14.0,2020-12-11,71.0,OPEN,-3.99,-7.0,71.0,-35.0
-,0689.HK,2020-07-13,HKD,0.04,2021-03-03,0.12,200.0,216.0,2020-12-11,0.09,OPEN,125.0,209.0,65.0,62.0
-,0689.HK,2020-07-13,HKD,0.04,2021-02-08,0.11,175.0,210.0,2020-12-11,0.09,OPEN,125.0,209.0,72.0,71.0
-,2318.HK,2020-07-13,HKD,88.15,2021-01-27,118.93,34.92,44.0,2020-12-11,92.7,OPEN,5.16,9.0,76.0,15.0
-,2318.HK,2020-07-13,HKD,88.15,2021-01-12,104.21,18.22,25.0,2020-12-11,92.7,OPEN,5.16,9.0,83.0,28.0
-,1766.HK,2020-07-13,HKD,3.75,2021-03-18,4.82,28.53,29.0,2020-12-11,2.87,OPEN,-23.47,-39.0,61.0,-82.0
-,SNP,2020-07-13,USD,43.96,2021-06-05,52.4,19.2,15.0,2020-12-11,44.26,OPEN,0.68,1.0,46.0,4.0
-,SNP,2020-07-13,USD,43.96,2021-05-20,51.2,16.47,13.0,2020-12-11,44.26,OPEN,0.68,1.0,49.0,4.0
+,0003.HK,2020-07-14,HKD,11.48,2020-12-11,13.57,18.21,31.0,2020-12-11,11.72,CLOSED,2.09,4.0,100.0,11.0
-,ASX-GUD,2020-07-14,AUD,11.39,2020-12-17,12.67,11.24,18.0,2020-10-15,12.67,CLOSED,11.24,30.0,60.0,100.0
-,ASX-GUD,2020-07-14,AUD,11.39,2021-05-11,12.54,10.1,8.0,2020-10-13,12.54,CLOSED,10.1,28.0,30.0,100.0
-,0003.HK,2020-07-14,HKD,11.48,2020-09-11,13.18,14.81,63.0,2020-09-11,11.44,CLOSED,-0.35,-1.0,100.0,-2.0
-,2318.HK,2020-07-14,HKD,87.25,2020-09-22,95.44,9.39,34.0,2020-09-22,82.0,CLOSED,-6.02,-22.0,100.0,-64.0
-,0992.HK,2020-07-14,HKD,4.66,2021-03-27,5.14,10.3,10.0,2020-08-19,5.14,CLOSED,10.3,72.0,14.0,100.0
-,0689.HK,2020-07-14,HKD,0.04,2020-11-25,0.07,75.0,141.0,2020-11-25,0.04,CLOSED,0.0,0.0,100.0,0.0
-,2600.HK,2020-07-14,HKD,2.03,2020-12-25,2.3,13.3,20.0,2020-11-20,2.3,CLOSED,13.3,26.0,79.0,100.0
-,0992.HK,2020-07-14,HKD,4.66,2020-09-08,4.78,2.58,12.0,2020-07-15,4.78,CLOSED,2.58,650.0,2.0,100.0
-,0992.HK,2020-07-14,HKD,4.66,2020-09-17,4.84,3.86,15.0,2020-08-04,4.84,CLOSED,3.86,46.0,32.0,100.0
-,0689.HK,2020-07-14,HKD,0.04,2020-12-20,0.08,100.0,158.0,2020-12-10,0.08,CLOSED,100.0,169.0,94.0,100.0
-,YUM,2020-07-14,USD,88.18,2021-05-05,101.84,15.49,13.0,2020-11-09,101.84,CLOSED,15.49,33.0,40.0,100.0
-,YUM,2020-07-14,USD,88.18,2021-03-07,97.74,10.84,12.0,2020-09-02,97.74,CLOSED,10.84,55.0,21.0,100.0
-,TRV,2020-07-14,USD,118.55,2021-04-03,127.65,7.68,7.0,2020-11-05,127.65,CLOSED,7.68,17.0,43.0,100.0
-,DIS,2020-07-14,USD,118.66,2021-02-19,134.06,12.98,15.0,2020-08-27,134.06,CLOSED,12.98,74.0,20.0,100.0
-,HON,2020-07-14,USD,148.1,2021-01-07,156.29,5.53,8.0,2020-07-21,156.29,CLOSED,5.53,199.0,4.0,100.0
-,HON,2020-07-14,USD,148.1,2021-02-23,162.11,9.46,11.0,2020-08-11,162.11,CLOSED,9.46,85.0,12.0,100.0
-,DIS,2020-07-14,USD,118.66,2020-10-03,124.06,4.55,14.0,2020-08-05,124.06,CLOSED,4.55,52.0,27.0,100.0
-,BAC,2020-07-14,USD,24.14,2021-07-11,26.48,9.69,7.0,2020-08-10,26.48,CLOSED,9.69,90.0,7.0,100.0
-,YUM,2020-07-14,USD,88.18,2020-10-31,93.03,5.5,13.0,2020-07-22,93.03,CLOSED,5.5,173.0,7.0,100.0
-,D,2020-07-14,USD,73.92,2020-12-19,77.68,5.09,8.0,2020-07-17,77.68,CLOSED,5.09,428.0,2.0,100.0
-,FCX,2020-07-14,USD,13.5,2021-03-11,16.45,21.85,23.0,2020-09-14,16.45,CLOSED,21.85,89.0,26.0,100.0
-,ASX-IFL,2020-07-14,AUD,5.14,2021-05-11,5.64,9.73,8.0,2020-12-11,3.63,OPEN,-29.38,-49.0,50.0,-302.0
-,2600.HK,2020-07-14,HKD,2.03,2021-04-18,3.17,56.16,51.0,2020-12-11,2.78,OPEN,36.95,62.0,54.0,66.0
-,0003.HK,2020-07-14,HKD,11.48,2021-05-10,15.45,34.58,29.0,2020-12-11,11.72,OPEN,2.09,4.0,50.0,6.0
-,0689.HK,2020-07-14,HKD,0.04,2021-03-04,0.12,200.0,216.0,2020-12-11,0.09,OPEN,125.0,210.0,64.0,62.0
-,0689.HK,2020-07-14,HKD,0.04,2021-02-09,0.11,175.0,210.0,2020-12-11,0.09,OPEN,125.0,210.0,71.0,71.0
-,2318.HK,2020-07-14,HKD,87.25,2021-01-28,117.72,34.92,44.0,2020-12-11,92.7,OPEN,6.25,10.0,76.0,18.0
-,2318.HK,2020-07-14,HKD,87.25,2021-01-13,103.15,18.22,25.0,2020-12-11,92.7,OPEN,6.25,10.0,82.0,34.0
-,JNJ,2020-07-14,USD,147.92,2021-03-11,159.47,7.81,8.0,2020-12-11,152.95,OPEN,3.4,6.0,62.0,44.0
-,ASX-CTD,2020-07-15,AUD,8.82,2021-01-02,11.5,30.39,45.0,2020-08-17,11.5,CLOSED,30.39,232.0,19.0,100.0
-,ASX-CTD,2020-07-15,AUD,8.82,2020-12-01,11.25,27.55,50.0,2020-08-13,11.25,CLOSED,27.55,239.0,21.0,100.0
-,ASX-S32,2020-07-15,AUD,2.14,2020-11-10,2.46,14.95,32.0,2020-11-10,2.22,CLOSED,3.74,8.0,100.0,25.0
-,ASX-DMP,2020-07-15,AUD,73.52,2021-03-09,84.63,15.11,16.0,2020-08-19,84.63,CLOSED,15.11,109.0,15.0,100.0
-,ASX-DMP,2020-07-15,AUD,73.52,2021-06-03,95.18,29.46,23.0,2020-10-21,95.18,CLOSED,29.46,76.0,30.0,100.0
-,ASX-WEB,2020-07-15,AUD,2.96,2021-06-16,4.19,41.55,31.0,2020-10-06,4.19,CLOSED,41.55,126.0,25.0,100.0
-,ASX-BRG,2020-07-15,AUD,25.51,2021-03-28,29.5,15.64,15.0,2020-09-03,29.5,CLOSED,15.64,79.0,20.0,100.0
-,ASX-IVC,2020-07-15,AUD,10.26,2021-05-16,11.62,13.26,11.0,2020-11-12,11.62,CLOSED,13.26,28.0,39.0,100.0
-,ASX-IVC,2020-07-15,AUD,10.26,2021-05-16,11.62,13.26,11.0,2020-11-12,11.62,CLOSED,13.26,28.0,39.0,100.0
-,ASX-RHC,2020-07-15,AUD,63.58,2021-01-22,68.89,8.35,11.0,2020-09-23,68.89,CLOSED,8.35,30.0,37.0,100.0
-,ASX-S32,2020-07-15,AUD,2.14,2020-11-12,2.3,7.48,16.0,2020-11-12,2.3,CLOSED,7.48,16.0,100.0,100.0
-,ASX-AST,2020-07-15,AUD,1.73,2021-07-04,1.8,4.05,3.0,2020-08-10,1.8,CLOSED,4.05,39.0,7.0,100.0
-,ASX-GMA,2020-07-15,AUD,1.89,2020-11-17,2.01,6.35,13.0,2020-07-16,2.01,CLOSED,6.35,1600.0,1.0,100.0
-,ASX-RIO,2020-07-15,AUD,104.98,2021-05-17,115.64,10.15,8.0,2020-12-07,115.64,CLOSED,10.15,18.0,47.0,100.0
-,ASX-DMP,2020-07-15,AUD,73.52,2020-10-19,78.22,6.39,17.0,2020-08-19,78.22,CLOSED,6.39,46.0,36.0,100.0
-,ASX-NAN,2020-07-15,AUD,6.27,2021-01-17,6.94,10.69,14.0,2020-08-24,6.94,CLOSED,10.69,67.0,22.0,100.0
-,ASX-NAN,2020-07-15,AUD,6.27,2020-09-24,6.85,9.25,33.0,2020-08-24,6.85,CLOSED,9.25,58.0,56.0,100.0
-,ASX-RMD,2020-07-15,AUD,28.01,2020-08-20,29.06,3.75,26.0,2020-07-21,29.06,CLOSED,3.75,158.0,17.0,100.0
-,2318.HK,2020-07-15,HKD,86.55,2020-09-23,94.68,9.39,34.0,2020-09-23,81.5,CLOSED,-5.83,-21.0,100.0,-62.0
-,0992.HK,2020-07-15,HKD,4.56,2021-03-28,5.03,10.31,10.0,2020-08-13,5.03,CLOSED,10.31,90.0,11.0,100.0
-,0689.HK,2020-07-15,HKD,0.04,2020-11-26,0.07,75.0,141.0,2020-11-26,0.04,CLOSED,0.0,0.0,100.0,0.0
-,0880.HK,2020-07-15,HKD,9.29,2020-11-25,10.96,17.98,34.0,2020-08-25,10.96,CLOSED,17.98,111.0,31.0,100.0
-,2600.HK,2020-07-15,HKD,2.09,2020-12-26,2.37,13.4,21.0,2020-11-23,2.37,CLOSED,13.4,26.0,80.0,100.0
-,0992.HK,2020-07-15,HKD,4.56,2020-09-09,4.68,2.63,12.0,2020-07-21,4.68,CLOSED,2.63,110.0,11.0,100.0
-,0992.HK,2020-07-15,HKD,4.56,2020-09-18,4.74,3.95,15.0,2020-07-21,4.74,CLOSED,3.95,166.0,9.0,100.0
-,0689.HK,2020-07-15,HKD,0.04,2020-12-21,0.08,100.0,158.0,2020-12-10,0.08,CLOSED,100.0,170.0,93.0,100.0
-,0670.HK,2020-07-15,HKD,2.83,2020-10-27,3.87,36.75,89.0,2020-09-16,3.87,CLOSED,36.75,147.0,61.0,100.0
-,0880.HK,2020-07-15,HKD,9.29,2021-05-13,10.54,13.46,11.0,2020-08-11,10.54,CLOSED,13.46,126.0,9.0,100.0
-,UNP,2020-07-15,USD,174.39,2021-01-19,195.0,11.82,16.0,2020-08-17,195.0,CLOSED,11.82,90.0,18.0,100.0
-,PM,2020-07-15,USD,75.0,2021-04-27,81.7,8.93,8.0,2020-09-14,81.7,CLOSED,8.93,37.0,21.0,100.0
-,MA,2020-07-15,USD,305.72,2020-11-20,359.01,17.43,34.0,2020-08-28,359.01,CLOSED,17.43,100.0,34.0,100.0
-,USB,2020-07-15,USD,37.64,2021-06-25,41.74,10.89,8.0,2020-11-09,41.74,CLOSED,10.89,23.0,34.0,100.0
-,UNP,2020-07-15,USD,174.39,2020-11-19,186.79,7.11,14.0,2020-08-10,186.79,CLOSED,7.11,69.0,20.0,100.0
-,HON,2020-07-15,USD,151.93,2021-03-13,165.47,8.91,9.0,2020-08-25,165.47,CLOSED,8.91,55.0,17.0,100.0
-,MA,2020-07-15,USD,305.72,2020-10-12,327.55,7.14,20.0,2020-08-05,327.55,CLOSED,7.14,86.0,24.0,100.0
-,HON,2020-07-15,USD,151.93,2020-12-30,159.16,4.76,7.0,2020-08-10,159.16,CLOSED,4.76,46.0,15.0,100.0
-,UNH,2020-07-15,USD,304.07,2021-03-13,318.06,4.6,5.0,2020-08-07,318.06,CLOSED,4.6,50.0,10.0,100.0
-,UNH,2020-07-15,USD,304.07,2020-10-08,320.31,5.34,16.0,2020-08-10,320.31,CLOSED,5.34,52.0,31.0,100.0
-,HPQ,2020-07-15,USD,17.79,2021-06-01,19.74,10.96,9.0,2020-08-28,19.74,CLOSED,10.96,63.0,14.0,100.0
-,EMR,2020-07-15,USD,63.63,2021-06-07,68.34,7.4,6.0,2020-08-10,68.34,CLOSED,7.4,72.0,8.0,100.0
-,IBM,2020-07-15,USD,123.0,2021-05-02,132.94,8.08,7.0,2020-10-08,132.94,CLOSED,8.08,24.0,29.0,100.0
-,GLW,2020-07-15,USD,28.06,2021-05-28,36.0,28.3,22.0,2020-11-09,36.0,CLOSED,28.3,61.0,37.0,100.0
-,ASX-S32,2020-07-15,AUD,2.14,2021-03-24,2.93,36.92,37.0,2020-12-11,2.57,OPEN,20.09,34.0,59.0,54.0
-,ASX-RHC,2020-07-15,AUD,63.58,2021-06-29,73.77,16.03,12.0,2020-12-11,63.24,OPEN,-0.53,-1.0,43.0,-3.0
-,ASX-RMD,2020-07-15,AUD,28.01,2021-02-02,31.8,13.53,17.0,2020-12-11,27.35,OPEN,-2.36,-4.0,74.0,-17.0
-,ASX-BKL,2020-07-15,AUD,75.0,2021-06-04,86.11,14.81,12.0,2020-12-11,81.85,OPEN,9.13,15.0,46.0,62.0
-,ASX-CMW,2020-07-15,AUD,0.91,2021-03-08,1.02,12.09,13.0,2020-12-11,0.905,OPEN,-0.55,-1.0,63.0,-5.0
-,ASX-NAN,2020-07-15,AUD,6.27,2021-06-10,7.73,23.29,18.0,2020-12-11,7.08,OPEN,12.92,22.0,45.0,55.0
-,2600.HK,2020-07-15,HKD,2.09,2021-04-19,3.27,56.46,51.0,2020-12-11,2.78,OPEN,33.01,56.0,54.0,58.0
-,0689.HK,2020-07-15,HKD,0.04,2021-03-05,0.12,200.0,216.0,2020-12-11,0.09,OPEN,125.0,211.0,64.0,62.0
-,0670.HK,2020-07-15,HKD,2.83,2021-06-20,7.41,161.84,120.0,2020-12-11,3.59,OPEN,26.86,45.0,44.0,17.0
-,0689.HK,2020-07-15,HKD,0.04,2021-02-10,0.11,175.0,210.0,2020-12-11,0.09,OPEN,125.0,211.0,71.0,71.0
-,2318.HK,2020-07-15,HKD,86.55,2021-01-29,116.77,34.92,44.0,2020-12-11,92.7,OPEN,7.11,12.0,75.0,20.0
-,2318.HK,2020-07-15,HKD,86.55,2021-01-14,102.32,18.22,25.0,2020-12-11,92.7,OPEN,7.11,12.0,81.0,39.0
-,0670.HK,2020-07-15,HKD,2.83,2021-04-27,4.46,57.6,51.0,2020-12-11,3.59,OPEN,26.86,45.0,52.0,47.0
-,MA,2020-07-15,USD,305.72,2021-04-19,401.65,31.38,28.0,2020-12-11,327.42,OPEN,7.1,12.0,54.0,23.0
-,LVS,2020-07-15,USD,50.25,2021-03-30,63.57,26.51,26.0,2020-12-11,56.75,OPEN,12.94,22.0,58.0,49.0
-,ASX-BWP,2020-07-16,AUD,3.9,2021-03-18,4.15,6.41,7.0,2020-09-17,4.15,CLOSED,6.41,26.0,26.0,100.0
-,ASX-BKW,2020-07-16,AUD,16.63,2021-05-28,18.45,10.94,9.0,2020-09-18,18.45,CLOSED,10.94,43.0,20.0,100.0
-,ASX-MMS,2020-07-16,AUD,9.36,2020-12-17,10.54,12.61,21.0,2020-11-10,10.54,CLOSED,12.61,27.0,76.0,100.0
-,ASX-QUB,2020-07-16,AUD,2.82,2020-10-15,3.02,7.09,20.0,2020-10-15,2.8,CLOSED,-0.71,-2.0,100.0,-10.0
-,ASX-MQG,2020-07-16,AUD,124.74,2021-03-09,135.57,8.68,9.0,2020-10-20,135.57,CLOSED,8.68,23.0,41.0,100.0
-,ASX-BKW,2020-07-16,AUD,16.63,2021-02-07,18.17,9.26,11.0,2020-08-25,18.17,CLOSED,9.26,58.0,19.0,100.0
-,ASX-GMA,2020-07-16,AUD,2.0,2020-11-18,2.13,6.5,13.0,2020-11-11,2.13,CLOSED,6.5,14.0,94.0,100.0
-,1929.HK,2020-07-16,HKD,8.0,2020-09-10,8.74,9.25,42.0,2020-08-31,8.74,CLOSED,9.25,51.0,82.0,100.0
-,1929.HK,2020-07-16,HKD,8.0,2020-12-23,9.21,15.13,24.0,2020-09-04,9.21,CLOSED,15.13,76.0,31.0,100.0
-,2600.HK,2020-07-16,HKD,1.99,2021-04-20,3.11,56.28,51.0,2020-11-30,3.11,CLOSED,56.28,104.0,49.0,100.0
-,2318.HK,2020-07-16,HKD,85.2,2020-09-24,93.2,9.39,34.0,2020-09-24,80.45,CLOSED,-5.58,-20.0,100.0,-59.0
-,0992.HK,2020-07-16,HKD,4.43,2021-03-29,4.89,10.38,10.0,2020-08-04,4.89,CLOSED,10.38,138.0,7.0,100.0
-,0293.HK,2020-07-16,HKD,6.11,2020-09-19,6.49,6.22,24.0,2020-09-09,6.49,CLOSED,6.22,28.0,85.0,100.0
-,0689.HK,2020-07-16,HKD,0.04,2020-11-27,0.07,75.0,141.0,2020-11-27,0.05,CLOSED,25.0,47.0,100.0,33.0
-,0341.HK,2020-07-16,HKD,14.34,2021-06-06,16.42,14.5,11.0,2020-08-10,16.42,CLOSED,14.5,146.0,8.0,100.0
-,0880.HK,2020-07-16,HKD,9.04,2020-11-26,10.66,17.92,34.0,2020-08-25,10.66,CLOSED,17.92,113.0,30.0,100.0
-,2600.HK,2020-07-16,HKD,1.99,2020-12-27,2.25,13.07,20.0,2020-08-05,2.25,CLOSED,13.07,165.0,12.0,100.0
-,0992.HK,2020-07-16,HKD,4.43,2020-09-10,4.54,2.48,11.0,2020-07-17,4.54,CLOSED,2.48,625.0,2.0,100.0
-,0992.HK,2020-07-16,HKD,4.43,2020-09-19,4.6,3.84,15.0,2020-07-20,4.6,CLOSED,3.84,242.0,6.0,100.0
-,0689.HK,2020-07-16,HKD,0.04,2020-12-22,0.08,100.0,158.0,2020-12-10,0.08,CLOSED,100.0,171.0,92.0,100.0
-,0880.HK,2020-07-16,HKD,9.04,2021-05-23,10.18,12.61,10.0,2020-08-11,10.18,CLOSED,12.61,122.0,8.0,100.0
-,YUM,2020-07-16,USD,89.69,2021-05-08,104.7,16.74,14.0,2020-11-09,104.7,CLOSED,16.74,36.0,39.0,100.0
-,TRV,2020-07-16,USD,120.5,2021-07-15,138.01,14.53,10.0,2020-11-09,138.01,CLOSED,14.53,32.0,32.0,100.0
-,YUM,2020-07-16,USD,89.69,2021-02-11,99.49,10.93,13.0,2020-10-15,99.49,CLOSED,10.93,30.0,43.0,100.0
-,GM,2020-07-16,USD,26.85,2021-03-13,30.53,13.71,14.0,2020-08-17,30.53,CLOSED,13.71,108.0,13.0,100.0
-,MMM,2020-07-16,USD,160.5,2020-12-27,173.52,8.11,12.0,2020-11-09,173.52,CLOSED,8.11,18.0,71.0,100.0
-,MMM,2020-07-16,USD,160.5,2020-12-24,171.99,7.16,11.0,2020-09-17,171.99,CLOSED,7.16,29.0,39.0,100.0
-,PRU,2020-07-16,USD,64.25,2021-05-22,74.66,16.2,13.0,2020-11-10,74.66,CLOSED,16.2,35.0,38.0,100.0
-,KO,2020-07-16,USD,46.15,2021-07-03,50.69,9.84,7.0,2020-09-02,50.69,CLOSED,9.84,52.0,14.0,100.0
-,TRV,2020-07-16,USD,120.5,2021-03-03,129.44,7.42,8.0,2020-11-09,129.44,CLOSED,7.42,16.0,50.0,100.0
-,KO,2020-07-16,USD,46.15,2021-03-17,49.37,6.98,7.0,2020-08-28,49.37,CLOSED,6.98,41.0,18.0,100.0
-,YUM,2020-07-16,USD,89.69,2020-10-27,95.17,6.11,15.0,2020-07-29,95.17,CLOSED,6.11,118.0,13.0,100.0
-,BXP,2020-07-16,USD,91.28,2021-06-07,96.24,5.43,4.0,2020-11-09,96.24,CLOSED,5.43,12.0,36.0,100.0
-,DUK,2020-07-16,USD,81.07,2021-03-23,84.77,4.56,5.0,2020-07-24,84.77,CLOSED,4.56,144.0,3.0,100.0
-,PRU,2020-07-16,USD,64.25,2020-11-17,68.14,6.05,12.0,2020-08-10,68.14,CLOSED,6.05,61.0,20.0,100.0
-,SLB,2020-07-16,USD,18.82,2021-05-28,20.78,10.41,8.0,2020-08-11,20.78,CLOSED,10.41,101.0,8.0,100.0
-,ASX-QUB,2020-07-16,AUD,2.82,2021-03-31,3.3,17.02,17.0,2020-12-11,2.89,OPEN,2.48,4.0,57.0,15.0
-,ASX-QUB,2020-07-16,AUD,2.82,2021-05-24,3.36,19.15,15.0,2020-12-11,2.89,OPEN,2.48,4.0,47.0,13.0
-,ASX-MQG,2020-07-16,AUD,124.74,2021-05-09,148.04,18.68,16.0,2020-12-11,138.08,OPEN,10.69,18.0,50.0,57.0
-,ASX-AGL,2020-07-16,AUD,17.43,2021-06-07,18.75,7.57,6.0,2020-12-11,13.33,OPEN,-23.52,-40.0,45.0,-311.0
-,ASX-AGL,2020-07-16,AUD,17.43,2020-12-16,18.06,3.61,6.0,2020-12-11,13.33,OPEN,-23.52,-40.0,97.0,-651.0
-,0689.HK,2020-07-16,HKD,0.04,2021-03-06,0.12,200.0,216.0,2020-12-11,0.09,OPEN,125.0,213.0,64.0,62.0
-,0689.HK,2020-07-16,HKD,0.04,2021-02-11,0.11,175.0,210.0,2020-12-11,0.09,OPEN,125.0,213.0,70.0,71.0
-,2318.HK,2020-07-16,HKD,85.2,2021-01-30,114.95,34.92,44.0,2020-12-11,92.7,OPEN,8.8,15.0,75.0,25.0
-,2318.HK,2020-07-16,HKD,85.2,2021-01-15,100.72,18.22,25.0,2020-12-11,92.7,OPEN,8.8,15.0,81.0,48.0
-,ASX-RWC,2020-07-17,AUD,2.87,2020-11-01,3.62,26.13,62.0,2020-08-25,3.62,CLOSED,26.13,169.0,36.0,100.0
-,ASX-SDF,2020-07-17,AUD,3.38,2021-01-18,3.76,11.24,15.0,2020-11-09,3.76,CLOSED,11.24,25.0,62.0,100.0
-,ASX-CAR,2020-07-17,AUD,18.35,2021-05-13,21.11,15.04,13.0,2020-08-25,21.11,CLOSED,15.04,97.0,13.0,100.0
-,ASX-CAR,2020-07-17,AUD,18.35,2021-05-08,22.24,21.2,18.0,2020-10-08,22.24,CLOSED,21.2,64.0,28.0,100.0
-,ASX-TWE,2020-07-17,AUD,11.13,2020-11-14,12.54,12.67,27.0,2020-08-13,12.54,CLOSED,12.67,118.0,22.0,100.0
-,ASX-CCP,2020-07-17,AUD,16.91,2021-03-02,20.77,22.83,25.0,2020-10-21,20.77,CLOSED,22.83,60.0,42.0,100.0
-,ASX-RWC,2020-07-17,AUD,2.87,2020-12-24,3.97,38.33,60.0,2020-09-17,3.97,CLOSED,38.33,156.0,39.0,100.0
-,ASX-SDF,2020-07-17,AUD,3.38,2020-09-24,3.58,5.92,22.0,2020-08-27,3.58,CLOSED,5.92,36.0,59.0,100.0
-,ASX-GOZ,2020-07-17,AUD,3.28,2021-04-24,3.49,6.4,6.0,2020-10-05,3.49,CLOSED,6.4,20.0,28.0,100.0
-,ASX-PGH,2020-07-17,AUD,2.22,2021-02-22,2.47,11.26,13.0,2020-08-19,2.47,CLOSED,11.26,86.0,15.0,100.0
-,ASX-RWC,2020-07-17,AUD,2.87,2020-09-20,3.17,10.45,41.0,2020-08-24,3.17,CLOSED,10.45,69.0,58.0,100.0
-,ASX-CCP,2020-07-17,AUD,16.91,2020-10-15,18.27,8.04,23.0,2020-07-28,18.27,CLOSED,8.04,184.0,12.0,100.0
-,ASX-CCP,2020-07-17,AUD,16.91,2021-01-25,20.25,19.75,26.0,2020-10-16,20.25,CLOSED,19.75,55.0,47.0,100.0
-,ASX-RWC,2020-07-17,AUD,2.87,2020-08-25,3.03,5.57,36.0,2020-08-24,3.03,CLOSED,5.57,37.0,97.0,100.0
-,ASX-ARB,2020-07-17,AUD,19.24,2021-03-10,21.49,11.69,12.0,2020-08-10,21.49,CLOSED,11.69,123.0,10.0,100.0
-,ASX-JHX,2020-07-17,AUD,28.51,2021-05-24,33.36,17.01,14.0,2020-09-29,33.36,CLOSED,17.01,58.0,24.0,100.0
-,INDEXASX-XJO,2020-07-17,USD,6033.6,2020-12-08,6233.92,3.32,6.0,2020-10-19,6233.92,CLOSED,3.32,9.0,65.0,100.0
-,ASX-ABP,2020-07-17,AUD,2.76,2021-07-03,2.92,5.8,4.0,2020-09-25,2.92,CLOSED,5.8,21.0,20.0,100.0
-,ASX-SHL,2020-07-17,AUD,31.41,2021-06-25,34.51,9.87,7.0,2020-08-20,34.51,CLOSED,9.87,73.0,10.0,100.0
-,ASX-CAR,2020-07-17,AUD,18.35,2020-10-28,19.78,7.79,19.0,2020-08-19,19.78,CLOSED,7.79,59.0,32.0,100.0
-,ASX-GOZ,2020-07-17,AUD,3.28,2020-11-27,3.37,2.74,5.0,2020-07-22,3.37,CLOSED,2.74,138.0,4.0,100.0
-,ASX-IPL,2020-07-17,AUD,1.94,2021-05-25,2.19,12.89,10.0,2020-08-10,2.19,CLOSED,12.89,135.0,8.0,100.0
-,INDEXASX-XJO,2020-07-17,USD,6033.6,2021-02-10,6349.76,5.24,6.0,2020-11-10,6349.76,CLOSED,5.24,11.0,56.0,100.0
-,STW,2020-07-17,USD,55.92,2020-12-31,57.61,3.02,5.0,2020-08-25,57.61,CLOSED,3.02,20.0,23.0,100.0
-,STW,2020-07-17,USD,55.92,2021-02-08,57.68,3.15,4.0,2020-08-25,57.68,CLOSED,3.15,20.0,19.0,100.0
-,ASX-ARB,2020-07-17,AUD,19.24,2021-05-14,22.18,15.28,13.0,2020-08-13,22.18,CLOSED,15.28,143.0,9.0,100.0
-,ASX-TWE,2020-07-17,AUD,11.13,2020-09-19,11.57,3.95,16.0,2020-07-22,11.57,CLOSED,3.95,199.0,8.0,100.0
-,ASX-ARB,2020-07-17,AUD,19.24,2020-10-08,20.32,5.61,17.0,2020-08-06,20.32,CLOSED,5.61,71.0,24.0,100.0
-,INDEXASX-XJO,2020-07-17,USD,6033.6,2020-09-19,6115.66,1.36,5.0,2020-07-21,6115.66,CLOSED,1.36,86.0,6.0,100.0
-,ASX-SHL,2020-07-17,AUD,31.41,2020-10-29,32.86,4.62,11.0,2020-08-04,32.86,CLOSED,4.62,65.0,17.0,100.0
-,2600.HK,2020-07-17,HKD,1.9,2021-04-21,2.97,56.32,51.0,2020-11-25,2.97,CLOSED,56.32,108.0,47.0,100.0
-,0459.HK,2020-07-17,HKD,0.09,2020-10-30,0.14,55.56,133.0,2020-08-20,0.14,CLOSED,55.56,412.0,32.0,100.0
-,2318.HK,2020-07-17,HKD,84.6,2020-09-25,92.54,9.39,34.0,2020-09-25,80.35,CLOSED,-5.02,-18.0,100.0,-54.0
-,0992.HK,2020-07-17,HKD,4.55,2021-03-30,5.02,10.33,10.0,2020-08-13,5.02,CLOSED,10.33,96.0,11.0,100.0
-,1076.HK,2020-07-17,HKD,0.03,2021-06-25,0.04,33.33,24.0,2020-07-20,0.04,CLOSED,33.33,2800.0,1.0,100.0
-,0689.HK,2020-07-17,HKD,0.04,2020-11-28,0.07,75.0,141.0,2020-11-27,0.05,CLOSED,25.0,47.0,99.0,33.0
-,0880.HK,2020-07-17,HKD,9.01,2020-11-27,10.63,17.98,34.0,2020-08-25,10.63,CLOSED,17.98,116.0,29.0,100.0
-,2600.HK,2020-07-17,HKD,1.9,2020-12-28,2.15,13.16,20.0,2020-07-22,2.15,CLOSED,13.16,663.0,3.0,100.0
-,0992.HK,2020-07-17,HKD,4.55,2020-09-11,4.67,2.64,12.0,2020-07-21,4.67,CLOSED,2.64,166.0,7.0,100.0
-,0992.HK,2020-07-17,HKD,4.55,2020-09-20,4.73,3.96,15.0,2020-07-21,4.73,CLOSED,3.96,249.0,6.0,100.0
-,0689.HK,2020-07-17,HKD,0.04,2020-12-23,0.08,100.0,158.0,2020-12-10,0.08,CLOSED,100.0,173.0,92.0,100.0
-,XAR,2020-07-17,USD,87.84,2021-05-10,100.22,14.09,12.0,2020-11-10,100.22,CLOSED,14.09,31.0,39.0,100.0
-,MA,2020-07-17,USD,304.06,2020-11-08,352.01,15.77,35.0,2020-08-26,352.01,CLOSED,15.77,99.0,35.0,100.0
-,ITA,2020-07-17,USD,163.69,2020-11-14,173.9,6.24,13.0,2020-08-11,173.9,CLOSED,6.24,63.0,21.0,100.0
-,ITA,2020-07-17,USD,163.69,2021-06-28,188.37,15.08,11.0,2020-11-24,188.37,CLOSED,15.08,29.0,38.0,100.0
-,XAR,2020-07-17,USD,87.84,2020-10-17,92.35,5.13,14.0,2020-08-10,92.35,CLOSED,5.13,54.0,26.0,100.0
-,MA,2020-07-17,USD,304.06,2020-10-01,326.2,7.28,24.0,2020-08-05,326.2,CLOSED,7.28,97.0,25.0,100.0
-,D,2020-07-17,USD,78.58,2021-04-28,82.95,5.56,5.0,2020-10-08,82.95,CLOSED,5.56,17.0,29.0,100.0
-,XAR,2020-07-17,USD,87.84,2020-11-13,93.8,6.79,14.0,2020-08-11,93.8,CLOSED,6.79,68.0,21.0,100.0
-,ITA,2020-07-17,USD,163.69,2020-11-04,170.93,4.42,10.0,2020-08-10,170.93,CLOSED,4.42,46.0,22.0,100.0
-,MA,2020-07-17,USD,304.06,2020-08-23,316.37,4.05,28.0,2020-07-23,316.37,CLOSED,4.05,170.0,16.0,100.0
-,XAR,2020-07-17,USD,87.84,2020-08-27,90.02,2.48,15.0,2020-07-23,90.02,CLOSED,2.48,104.0,15.0,100.0
-,GD,2020-07-17,USD,148.91,2020-10-30,154.55,3.79,9.0,2020-08-10,154.55,CLOSED,3.79,40.0,23.0,100.0
-,ITA,2020-07-17,USD,163.69,2020-08-25,167.08,2.07,13.0,2020-07-22,167.08,CLOSED,2.07,104.0,13.0,100.0
-,MS,2020-07-17,USD,52.41,2021-04-03,57.91,10.49,10.0,2020-11-16,57.91,CLOSED,10.49,22.0,47.0,100.0
-,ASX-SDF,2020-07-17,AUD,3.38,2021-05-06,4.44,31.36,27.0,2020-12-11,3.89,OPEN,15.09,26.0,50.0,48.0
-,ASX-TWE,2020-07-17,AUD,11.13,2021-01-10,13.84,24.35,35.0,2020-12-11,9.42,OPEN,-15.36,-26.0,83.0,-63.0
-,ASX-CPU,2020-07-17,AUD,13.47,2021-06-01,15.01,11.43,9.0,2020-12-11,14.48,OPEN,7.5,13.0,46.0,66.0
-,ASX-APA,2020-07-17,AUD,11.17,2021-05-16,11.96,7.07,6.0,2020-12-11,10.24,OPEN,-8.33,-14.0,49.0,-118.0
-,ASX-BPT,2020-07-17,AUD,1.52,2021-02-24,2.37,55.92,63.0,2020-12-11,1.885,OPEN,24.01,41.0,66.0,43.0
-,ASX-JBH,2020-07-17,AUD,43.22,2021-06-05,53.39,23.53,18.0,2020-12-11,44.02,OPEN,1.85,3.0,46.0,8.0
-,0345.HK,2020-07-17,HKD,30.6,2021-01-31,35.67,16.57,21.0,2020-12-11,31.05,OPEN,1.47,3.0,74.0,9.0
-,2638.HK,2020-07-17,HKD,8.0,2021-04-04,8.67,8.38,8.0,2020-12-11,7.71,OPEN,-3.63,-6.0,56.0,-43.0
-,0345.HK,2020-07-17,HKD,30.6,2021-01-30,35.97,17.55,22.0,2020-12-11,31.05,OPEN,1.47,3.0,75.0,8.0
-,0689.HK,2020-07-17,HKD,0.04,2021-03-07,0.12,200.0,216.0,2020-12-11,0.09,OPEN,125.0,214.0,63.0,62.0
-,0689.HK,2020-07-17,HKD,0.04,2021-02-12,0.11,175.0,210.0,2020-12-11,0.09,OPEN,125.0,214.0,70.0,71.0
-,2638.HK,2020-07-17,HKD,8.0,2021-01-15,8.53,6.62,9.0,2020-12-11,7.71,OPEN,-3.63,-6.0,81.0,-55.0
-,0345.HK,2020-07-17,HKD,30.6,2021-03-06,36.85,20.42,22.0,2020-12-11,31.05,OPEN,1.47,3.0,63.0,7.0
-,0345.HK,2020-07-17,HKD,30.6,2021-03-02,37.11,21.27,24.0,2020-12-11,31.05,OPEN,1.47,3.0,64.0,7.0
-,2318.HK,2020-07-17,HKD,84.6,2021-01-31,114.14,34.92,44.0,2020-12-11,92.7,OPEN,9.57,16.0,74.0,27.0
-,2318.HK,2020-07-17,HKD,84.6,2021-01-16,100.01,18.22,25.0,2020-12-11,92.7,OPEN,9.57,16.0,80.0,53.0
-,8206.HK,2020-07-17,HKD,0.18,2021-04-25,0.4,122.22,109.0,2020-12-11,0.08,OPEN,-55.56,-95.0,52.0,-45.0
-,MA,2020-07-17,USD,304.06,2021-04-30,397.28,30.66,27.0,2020-12-11,327.42,OPEN,7.68,13.0,51.0,25.0
-,GD,2020-07-17,USD,148.91,2021-03-17,164.31,10.34,11.0,2020-12-11,151.33,OPEN,1.63,3.0,60.0,16.0
-,IBM,2020-07-17,USD,125.11,2021-04-14,135.97,8.68,8.0,2020-12-11,124.27,OPEN,-0.67,-1.0,54.0,-8.0
-,ASX-ECX,2020-07-20,AUD,1.4,2020-09-29,1.55,10.71,38.0,2020-07-22,1.55,CLOSED,10.71,1349.0,3.0,100.0
-,ASX-ARB,2020-07-20,AUD,19.0,2020-09-19,19.92,4.84,20.0,2020-07-30,19.92,CLOSED,4.84,122.0,16.0,100.0
-,ASX-ARB,2020-07-20,AUD,19.0,2021-05-29,24.83,30.68,25.0,2020-08-24,24.83,CLOSED,30.68,221.0,11.0,100.0
-,ASX-ARB,2020-07-20,AUD,19.0,2020-12-19,21.0,10.53,17.0,2020-08-07,21.0,CLOSED,10.53,147.0,12.0,100.0
-,ASX-JHX,2020-07-20,AUD,27.85,2021-03-19,32.26,15.83,16.0,2020-08-11,32.26,CLOSED,15.83,181.0,9.0,100.0
-,ASX-ECX,2020-07-20,AUD,1.4,2021-04-25,1.56,11.43,10.0,2020-07-22,1.56,CLOSED,11.43,1440.0,1.0,100.0
-,ASX-NSR,2020-07-20,AUD,1.92,2021-06-23,2.04,6.25,5.0,2020-12-09,2.04,CLOSED,6.25,11.0,42.0,100.0
-,ASX-MMS,2020-07-20,AUD,9.34,2020-11-26,10.41,11.46,22.0,2020-11-10,10.41,CLOSED,11.46,26.0,88.0,100.0
-,ASX-NSR,2020-07-20,AUD,1.92,2020-11-11,2.02,5.21,12.0,2020-11-11,1.865,CLOSED,-2.86,-6.0,100.0,-55.0
-,0003.HK,2020-07-20,HKD,11.26,2020-09-17,12.93,14.83,63.0,2020-09-17,11.42,CLOSED,1.42,6.0,100.0,10.0
-,0992.HK,2020-07-20,HKD,4.58,2021-04-02,5.06,10.48,10.0,2020-08-13,5.06,CLOSED,10.48,110.0,9.0,100.0
-,0689.HK,2020-07-20,HKD,0.04,2020-12-01,0.07,75.0,141.0,2020-12-01,0.07,CLOSED,75.0,141.0,100.0,100.0
-,0880.HK,2020-07-20,HKD,8.85,2020-11-30,10.44,17.97,34.0,2020-08-11,10.44,CLOSED,17.97,206.0,17.0,100.0
-,2600.HK,2020-07-20,HKD,2.08,2020-12-31,2.36,13.46,21.0,2020-11-23,2.36,CLOSED,13.46,27.0,77.0,100.0
-,0992.HK,2020-07-20,HKD,4.58,2020-09-14,4.7,2.62,12.0,2020-07-21,4.7,CLOSED,2.62,660.0,2.0,100.0
-,0992.HK,2020-07-20,HKD,4.58,2020-09-23,4.76,3.93,15.0,2020-07-21,4.76,CLOSED,3.93,990.0,2.0,100.0
-,0689.HK,2020-07-20,HKD,0.04,2020-12-26,0.08,100.0,158.0,2020-12-10,0.08,CLOSED,100.0,176.0,90.0,100.0
-,IXN,2020-07-20,USD,248.28,2020-12-08,265.68,7.01,13.0,2020-08-24,265.68,CLOSED,7.01,50.0,25.0,100.0
-,QQQ,2020-07-20,USD,266.78,2020-12-23,283.08,6.11,10.0,2020-08-24,283.08,CLOSED,6.11,44.0,22.0,100.0
-,SBUX,2020-07-20,USD,74.96,2021-04-12,83.67,11.62,11.0,2020-08-28,83.67,CLOSED,11.62,75.0,15.0,100.0
-,QQQ,2020-07-20,USD,266.78,2020-10-25,273.16,2.39,6.0,2020-08-06,273.16,CLOSED,2.39,35.0,18.0,100.0
-,IXN,2020-07-20,USD,248.28,2020-10-09,258.11,3.96,12.0,2020-08-05,258.11,CLOSED,3.96,62.0,20.0,100.0
-,LULU,2020-07-20,USD,326.84,2021-06-15,396.2,21.22,16.0,2020-09-02,396.2,CLOSED,21.22,122.0,13.0,100.0
-,IXN,2020-07-20,USD,248.28,2020-09-01,252.58,1.73,10.0,2020-08-03,252.58,CLOSED,1.73,31.0,33.0,100.0
-,ASX-NSR,2020-07-20,AUD,1.92,2021-03-03,2.16,12.5,14.0,2020-12-11,2.04,OPEN,6.25,11.0,64.0,50.0
-,2600.HK,2020-07-20,HKD,2.08,2021-04-24,3.25,56.25,51.0,2020-12-11,2.78,OPEN,33.65,59.0,52.0,60.0
-,1623.HK,2020-07-20,HKD,0.23,2021-02-25,0.45,95.65,110.0,2020-12-11,0.22,OPEN,-4.35,-8.0,65.0,-5.0
-,0003.HK,2020-07-20,HKD,11.26,2021-05-16,15.16,34.64,29.0,2020-12-11,11.72,OPEN,4.09,7.0,48.0,12.0
-,0689.HK,2020-07-20,HKD,0.04,2021-03-10,0.12,200.0,216.0,2020-12-11,0.09,OPEN,125.0,219.0,62.0,62.0
-,0689.HK,2020-07-20,HKD,0.04,2021-02-15,0.11,175.0,210.0,2020-12-11,0.09,OPEN,125.0,219.0,69.0,71.0
-,0003.HK,2020-07-20,HKD,11.26,2020-12-17,13.31,18.21,31.0,2020-12-11,11.72,OPEN,4.09,7.0,96.0,22.0
-,3808.HK,2020-07-20,HKD,24.05,2020-12-30,29.28,21.75,34.0,2020-12-11,19.02,OPEN,-20.91,-37.0,88.0,-96.0
-,1076.HK,2020-07-20,HKD,0.04,2021-06-28,0.05,25.0,18.0,2020-12-11,0.01,OPEN,-75.0,-131.0,42.0,-300.0
-,LULU,2020-07-20,USD,326.84,2021-03-26,432.34,32.28,33.0,2020-12-11,344.32,OPEN,5.35,9.0,58.0,17.0
-,INTC,2020-07-20,USD,61.15,2021-05-10,69.77,14.1,12.0,2020-12-11,49.73,OPEN,-18.68,-33.0,49.0,-132.0
-,ASX-BAP,2020-07-21,AUD,5.9,2021-05-05,7.36,24.75,22.0,2020-10-06,7.36,CLOSED,24.75,81.0,27.0,100.0
-,ASX-LNK,2020-07-21,AUD,4.3,2021-02-02,4.97,15.58,20.0,2020-10-12,4.97,CLOSED,15.58,47.0,42.0,100.0
-,ASX-LNK,2020-07-21,AUD,4.3,2021-02-18,4.96,15.35,18.0,2020-10-12,4.96,CLOSED,15.35,47.0,39.0,100.0
-,ASX-CTD,2020-07-21,AUD,9.37,2021-01-08,12.22,30.42,45.0,2020-08-18,12.22,CLOSED,30.42,274.0,16.0,100.0
-,ASX-CTD,2020-07-21,AUD,9.37,2020-12-07,11.96,27.64,50.0,2020-08-18,11.96,CLOSED,27.64,249.0,20.0,100.0
-,ASX-CCP,2020-07-21,AUD,17.55,2021-03-19,21.26,21.14,22.0,2020-10-22,21.26,CLOSED,21.14,57.0,39.0,100.0
-,ASX-TCL,2020-07-21,AUD,14.11,2021-03-15,15.19,7.65,8.0,2020-11-10,15.19,CLOSED,7.65,17.0,47.0,100.0
-,ASX-CCP,2020-07-21,AUD,17.55,2021-01-27,20.93,19.26,26.0,2020-10-22,20.93,CLOSED,19.26,52.0,49.0,100.0
-,ASX-CCP,2020-07-21,AUD,17.55,2020-10-06,18.56,5.75,19.0,2020-07-28,18.56,CLOSED,5.75,207.0,9.0,100.0
-,ASX-BAP,2020-07-21,AUD,5.9,2021-03-08,6.64,12.54,14.0,2020-08-19,6.64,CLOSED,12.54,109.0,13.0,100.0
-,ASX-COH,2020-07-21,AUD,203.98,2021-03-25,221.52,8.6,9.0,2020-10-20,221.52,CLOSED,8.6,24.0,37.0,100.0
-,ASX-RHC,2020-07-21,AUD,65.53,2020-12-14,69.8,6.52,11.0,2020-10-09,69.8,CLOSED,6.52,21.0,55.0,100.0
-,ASX-CSL,2020-07-21,AUD,293.35,2021-04-29,309.57,5.53,5.0,2020-08-19,309.57,CLOSED,5.53,48.0,10.0,100.0
-,ASX-COH,2020-07-21,AUD,203.98,2020-10-09,214.61,5.21,16.0,2020-08-18,214.61,CLOSED,5.21,47.0,35.0,100.0
-,0510.HK,2020-07-21,HKD,0.04,2021-07-18,0.08,100.0,70.0,2020-09-07,0.08,CLOSED,100.0,525.0,13.0,100.0
-,8206.HK,2020-07-21,HKD,0.19,2020-10-21,0.26,36.84,101.0,2020-10-21,0.09,CLOSED,-52.63,-144.0,100.0,-143.0
-,0868.HK,2020-07-21,HKD,10.72,2021-04-27,14.12,31.72,29.0,2020-09-02,14.12,CLOSED,31.72,186.0,15.0,100.0
-,0459.HK,2020-07-21,HKD,0.08,2020-11-03,0.12,50.0,120.0,2020-08-20,0.12,CLOSED,50.0,420.0,29.0,100.0
-,0992.HK,2020-07-21,HKD,4.66,2021-04-03,5.14,10.3,10.0,2020-08-19,5.14,CLOSED,10.3,90.0,11.0,100.0
-,0868.HK,2020-07-21,HKD,10.72,2021-02-13,12.44,16.04,20.0,2020-08-06,12.44,CLOSED,16.04,253.0,8.0,100.0
-,0689.HK,2020-07-21,HKD,0.04,2020-12-02,0.07,75.0,141.0,2020-12-01,0.07,CLOSED,75.0,142.0,99.0,100.0
-,0880.HK,2020-07-21,HKD,8.92,2020-12-01,10.52,17.94,34.0,2020-08-11,10.52,CLOSED,17.94,215.0,16.0,100.0
-,2600.HK,2020-07-21,HKD,2.05,2021-01-01,2.32,13.17,20.0,2020-11-23,2.32,CLOSED,13.17,27.0,76.0,100.0
-,0992.HK,2020-07-21,HKD,4.66,2020-09-15,4.78,2.58,12.0,2020-07-22,4.78,CLOSED,2.58,650.0,2.0,100.0
-,0992.HK,2020-07-21,HKD,4.66,2020-09-24,4.84,3.86,15.0,2020-08-04,4.84,CLOSED,3.86,69.0,22.0,100.0
-,0689.HK,2020-07-21,HKD,0.04,2020-12-27,0.08,100.0,158.0,2020-12-10,0.08,CLOSED,100.0,177.0,89.0,100.0
-,ESS,2020-07-21,USD,215.72,2021-03-16,246.89,14.45,15.0,2020-11-09,246.89,CLOSED,14.45,33.0,47.0,100.0
-,ESS,2020-07-21,USD,215.72,2020-12-09,236.97,9.85,18.0,2020-11-09,236.97,CLOSED,9.85,22.0,79.0,100.0
-,ESS,2020-07-21,USD,215.72,2021-06-26,252.33,16.97,13.0,2020-11-09,252.33,CLOSED,16.97,39.0,33.0,100.0
-,BAC,2020-07-21,USD,24.42,2021-06-08,27.03,10.69,8.0,2020-08-11,27.03,CLOSED,10.69,128.0,7.0,100.0
-,OXY,2020-07-21,USD,17.41,2021-05-16,19.33,11.03,9.0,2020-12-09,19.33,CLOSED,11.03,20.0,47.0,100.0
-,ASX-RHC,2020-07-21,AUD,65.53,2021-02-07,72.74,11.0,14.0,2020-12-11,63.24,OPEN,-3.49,-6.0,71.0,-32.0
-,ASX-BKL,2020-07-21,AUD,75.79,2021-02-24,82.98,9.49,11.0,2020-12-11,81.85,OPEN,8.0,14.0,66.0,84.0
-,ASX-NAN,2020-07-21,AUD,6.5,2021-06-20,9.02,38.77,29.0,2020-12-11,7.08,OPEN,8.92,16.0,43.0,23.0
-,ASX-COH,2020-07-21,AUD,203.98,2021-06-04,238.7,17.02,13.0,2020-12-11,199.52,OPEN,-2.19,-4.0,45.0,-13.0
-,ASX-NAN,2020-07-21,AUD,6.5,2021-04-30,7.93,22.0,20.0,2020-12-11,7.08,OPEN,8.92,16.0,51.0,41.0
-,ASX-IAG,2020-07-21,AUD,5.76,2021-04-25,6.05,5.03,5.0,2020-12-11,5.08,OPEN,-11.81,-21.0,51.0,-234.0
-,ASX-SEK,2020-07-21,AUD,22.6,2021-07-20,27.45,21.46,15.0,2020-12-11,26.76,OPEN,18.41,32.0,39.0,86.0
-,ASX-CSL,2020-07-21,AUD,293.35,2021-03-30,320.92,9.4,9.0,2020-12-11,291.53,OPEN,-0.62,-1.0,57.0,-7.0
-,2600.HK,2020-07-21,HKD,2.05,2021-04-25,3.2,56.1,51.0,2020-12-11,2.78,OPEN,35.61,63.0,51.0,63.0
-,1113.HK,2020-07-21,HKD,44.4,2021-01-13,52.84,19.01,27.0,2020-12-11,43.25,OPEN,-2.59,-5.0,81.0,-14.0
-,1113.HK,2020-07-21,HKD,44.4,2021-03-18,51.63,16.28,17.0,2020-12-11,43.25,OPEN,-2.59,-5.0,60.0,-16.0
-,8206.HK,2020-07-21,HKD,0.19,2021-06-04,0.36,89.47,71.0,2020-12-11,0.08,OPEN,-57.89,-102.0,45.0,-65.0
-,0345.HK,2020-07-21,HKD,31.0,2021-02-03,36.44,17.55,22.0,2020-12-11,31.05,OPEN,0.16,0.0,73.0,1.0
-,0689.HK,2020-07-21,HKD,0.04,2021-03-11,0.12,200.0,216.0,2020-12-11,0.09,OPEN,125.0,220.0,61.0,62.0
-,0689.HK,2020-07-21,HKD,0.04,2021-02-16,0.11,175.0,210.0,2020-12-11,0.09,OPEN,125.0,220.0,68.0,71.0
-,0345.HK,2020-07-21,HKD,31.0,2021-03-06,37.59,21.26,23.0,2020-12-11,31.05,OPEN,0.16,0.0,63.0,1.0
-,ASX-CTD,2020-07-22,AUD,9.29,2020-11-21,11.37,22.39,46.0,2020-08-13,11.37,CLOSED,22.39,256.0,18.0,100.0
-,ASX-CTD,2020-07-22,AUD,9.29,2020-11-23,11.0,18.41,37.0,2020-08-13,11.0,CLOSED,18.41,211.0,18.0,100.0
-,ASX-SDF,2020-07-22,AUD,3.53,2020-12-24,3.89,10.2,17.0,2020-11-10,3.89,CLOSED,10.2,23.0,72.0,100.0
-,ASX-SDF,2020-07-22,AUD,3.53,2020-09-25,3.75,6.23,24.0,2020-09-25,3.29,CLOSED,-6.8,-26.0,100.0,-109.0
-,ASX-NSR,2020-07-22,AUD,1.92,2021-06-30,2.04,6.25,5.0,2020-12-09,2.04,CLOSED,6.25,11.0,41.0,100.0
-,ASX-NSR,2020-07-22,AUD,1.92,2020-11-10,2.05,6.77,15.0,2020-11-10,1.825,CLOSED,-4.95,-11.0,100.0,-73.0
-,ASX-CTD,2020-07-22,AUD,9.29,2020-10-28,9.9,6.57,17.0,2020-08-10,9.9,CLOSED,6.57,87.0,19.0,100.0
-,ASX-SGR,2020-07-22,AUD,2.77,2021-06-12,3.17,14.44,11.0,2020-08-21,3.17,CLOSED,14.44,121.0,9.0,100.0
-,ASX-CTD,2020-07-22,AUD,9.29,2020-08-21,9.76,5.06,43.0,2020-07-24,9.76,CLOSED,5.06,638.0,7.0,100.0
-,ASX-WOR,2020-07-22,AUD,8.97,2020-10-26,9.35,4.24,11.0,2020-08-26,9.35,CLOSED,4.24,31.0,36.0,100.0
-,ASX-SEK,2020-07-22,AUD,22.0,2021-06-13,26.01,18.23,14.0,2020-11-17,26.01,CLOSED,18.23,39.0,36.0,100.0
-,2768.HK,2020-07-22,HKD,3.2,2020-08-27,3.59,12.19,85.0,2020-07-31,3.59,CLOSED,12.19,341.0,25.0,100.0
-,2768.HK,2020-07-22,HKD,3.2,2020-08-27,3.77,17.81,125.0,2020-08-04,3.77,CLOSED,17.81,345.0,36.0,100.0
-,0510.HK,2020-07-22,HKD,0.04,2021-07-19,0.08,100.0,70.0,2020-09-07,0.08,CLOSED,100.0,536.0,13.0,100.0
-,0459.HK,2020-07-22,HKD,0.08,2020-11-04,0.12,50.0,120.0,2020-08-20,0.12,CLOSED,50.0,434.0,28.0,100.0
-,0992.HK,2020-07-22,HKD,4.63,2021-04-04,5.11,10.37,10.0,2020-08-13,5.11,CLOSED,10.37,119.0,9.0,100.0
-,0689.HK,2020-07-22,HKD,0.04,2020-12-03,0.07,75.0,141.0,2020-12-01,0.07,CLOSED,75.0,143.0,99.0,100.0
-,0880.HK,2020-07-22,HKD,8.56,2020-12-02,10.09,17.87,34.0,2020-08-11,10.09,CLOSED,17.87,225.0,15.0,100.0
-,2600.HK,2020-07-22,HKD,2.07,2021-01-02,2.34,13.04,20.0,2020-11-23,2.34,CLOSED,13.04,27.0,76.0,100.0
-,0992.HK,2020-07-22,HKD,4.63,2020-09-16,4.75,2.59,12.0,2020-07-23,4.75,CLOSED,2.59,653.0,2.0,100.0
-,0992.HK,2020-07-22,HKD,4.63,2020-09-25,4.81,3.89,15.0,2020-08-04,4.81,CLOSED,3.89,75.0,20.0,100.0
-,0689.HK,2020-07-22,HKD,0.04,2020-12-28,0.08,100.0,158.0,2020-12-10,0.08,CLOSED,100.0,179.0,89.0,100.0
-,ZS,2020-07-22,USD,125.11,2020-11-11,202.65,61.98,139.0,2020-11-11,135.49,CLOSED,8.3,19.0,100.0,13.0
-,ESS,2020-07-22,USD,220.83,2021-03-17,252.74,14.45,15.0,2020-11-09,252.74,CLOSED,14.45,33.0,46.0,100.0
-,PEP,2020-07-22,USD,136.01,2021-02-20,145.61,7.06,8.0,2020-11-16,145.61,CLOSED,7.06,15.0,55.0,100.0
-,ZS,2020-07-22,USD,125.11,2020-09-26,151.88,21.4,82.0,2020-09-01,151.88,CLOSED,21.4,132.0,62.0,100.0
-,ESS,2020-07-22,USD,220.83,2020-12-10,242.58,9.85,18.0,2020-11-09,242.58,CLOSED,9.85,23.0,78.0,100.0
-,AVB,2020-07-22,USD,150.41,2021-06-10,165.17,9.81,8.0,2020-11-09,165.17,CLOSED,9.81,22.0,34.0,100.0
-,ESS,2020-07-22,USD,220.83,2021-06-27,258.3,16.97,13.0,2020-11-09,258.3,CLOSED,16.97,39.0,32.0,100.0
-,PLD,2020-07-22,USD,98.38,2020-11-25,101.04,2.7,5.0,2020-07-27,101.04,CLOSED,2.7,136.0,4.0,100.0
-,PLD,2020-07-22,USD,98.38,2021-02-06,104.2,5.92,7.0,2020-07-29,104.2,CLOSED,5.92,213.0,4.0,100.0
-,ZS,2020-07-22,USD,125.11,2020-08-17,131.9,5.43,53.0,2020-08-03,131.9,CLOSED,5.43,114.0,46.0,100.0
-,PEP,2020-07-22,USD,136.01,2020-11-19,140.48,3.29,7.0,2020-08-31,140.48,CLOSED,3.29,21.0,33.0,100.0
-,PLD,2020-07-22,USD,98.38,2020-09-24,100.67,2.33,9.0,2020-07-27,100.67,CLOSED,2.33,117.0,8.0,100.0
-,ASX-SDF,2020-07-22,AUD,3.53,2021-05-14,4.64,31.44,27.0,2020-12-11,3.89,OPEN,10.2,18.0,48.0,32.0
-,ASX-NSR,2020-07-22,AUD,1.92,2021-02-22,2.18,13.54,16.0,2020-12-11,2.04,OPEN,6.25,11.0,66.0,46.0
-,ASX-NCM,2020-07-22,AUD,34.13,2021-07-11,38.86,13.86,10.0,2020-12-11,27.05,OPEN,-20.74,-37.0,40.0,-150.0
-,2600.HK,2020-07-22,HKD,2.07,2021-04-26,3.24,56.52,51.0,2020-12-11,2.78,OPEN,34.3,61.0,51.0,61.0
-,0689.HK,2020-07-22,HKD,0.04,2021-03-12,0.12,200.0,216.0,2020-12-11,0.09,OPEN,125.0,222.0,61.0,62.0
-,0689.HK,2020-07-22,HKD,0.04,2021-02-17,0.11,175.0,210.0,2020-12-11,0.09,OPEN,125.0,222.0,68.0,71.0
-,2386.HK,2020-07-22,HKD,3.75,2021-04-24,4.33,15.47,14.0,2020-12-11,3.36,OPEN,-10.4,-18.0,51.0,-67.0
-,8206.HK,2020-07-22,HKD,0.19,2021-04-30,0.42,121.05,108.0,2020-12-11,0.08,OPEN,-57.89,-103.0,50.0,-48.0
-,ASX-CGC,2020-07-23,AUD,3.1,2020-10-29,3.94,27.1,70.0,2020-10-29,3.58,CLOSED,15.48,40.0,100.0,57.0
-,ASX-ECX,2020-07-23,AUD,1.41,2021-05-23,1.62,14.89,12.0,2020-09-28,1.62,CLOSED,14.89,56.0,22.0,100.0
-,ASX-ECX,2020-07-23,AUD,1.41,2020-10-15,1.6,13.48,40.0,2020-08-20,1.6,CLOSED,13.48,121.0,33.0,100.0
-,ASX-REA,2020-07-23,AUD,109.45,2021-01-09,141.16,28.97,43.0,2020-11-10,141.16,CLOSED,28.97,66.0,65.0,100.0
-,ASX-A2M,2020-07-23,AUD,19.67,2020-11-03,24.02,22.11,54.0,2020-11-03,13.4,CLOSED,-31.88,-78.0,100.0,-144.0
-,ASX-NXT,2020-07-23,AUD,11.42,2021-04-02,13.84,21.19,21.0,2020-10-20,13.84,CLOSED,21.19,60.0,35.0,100.0
-,ASX-SCP,2020-07-23,AUD,2.25,2020-11-10,2.38,5.78,13.0,2020-11-03,2.38,CLOSED,5.78,14.0,94.0,100.0
-,ASX-SCP,2020-07-23,AUD,2.25,2021-01-16,2.4,6.67,9.0,2020-11-04,2.4,CLOSED,6.67,16.0,59.0,100.0
-,ASX-REA,2020-07-23,AUD,109.45,2020-12-20,132.13,20.72,35.0,2020-11-06,132.13,CLOSED,20.72,49.0,71.0,100.0
-,ASX-CHC,2020-07-23,AUD,10.37,2021-04-21,12.15,17.16,16.0,2020-08-21,12.15,CLOSED,17.16,149.0,11.0,100.0
-,ASX-REA,2020-07-23,AUD,109.45,2020-10-06,122.56,11.98,40.0,2020-10-06,114.8,CLOSED,4.89,16.0,100.0,41.0
-,ASX-A2M,2020-07-23,AUD,19.67,2020-09-05,21.75,10.57,61.0,2020-09-04,16.7,CLOSED,-15.1,-88.0,98.0,-143.0
-,ASX-IPL,2020-07-23,AUD,1.91,2021-04-28,2.2,15.18,14.0,2020-08-10,2.2,CLOSED,15.18,213.0,6.0,100.0
-,ASX-GEM,2020-07-23,AUD,0.86,2021-04-24,1.09,26.74,25.0,2020-10-12,1.09,CLOSED,26.74,83.0,29.0,100.0
-,ASX-A2M,2020-07-23,AUD,19.67,2020-08-28,20.97,6.61,46.0,2020-08-28,17.47,CLOSED,-11.18,-78.0,100.0,-169.0
-,ASX-GEM,2020-07-23,AUD,0.86,2021-04-30,1.13,31.4,28.0,2020-10-30,1.13,CLOSED,31.4,80.0,35.0,100.0
-,ASX-TAH,2020-07-23,AUD,3.62,2021-06-20,3.8,4.97,4.0,2020-11-06,3.8,CLOSED,4.97,12.0,32.0,100.0
-,ASX-CGC,2020-07-23,AUD,3.1,2020-09-29,3.33,7.42,27.0,2020-08-31,3.33,CLOSED,7.42,48.0,57.0,100.0
-,ASX-BOQ,2020-07-23,AUD,6.43,2021-06-09,7.0,8.86,7.0,2020-11-17,7.0,CLOSED,8.86,19.0,36.0,100.0
-,ASX-BOQ,2020-07-23,AUD,6.43,2020-10-14,6.71,4.35,13.0,2020-10-14,6.6,CLOSED,2.64,8.0,100.0,61.0
-,0510.HK,2020-07-23,HKD,0.04,2021-07-20,0.08,100.0,70.0,2020-09-07,0.08,CLOSED,100.0,548.0,13.0,100.0
-,0002.HK,2020-07-23,HKD,71.9,2020-12-02,76.36,6.2,12.0,2020-08-17,76.36,CLOSED,6.2,62.0,19.0,100.0
-,0459.HK,2020-07-23,HKD,0.08,2020-11-05,0.12,50.0,120.0,2020-08-20,0.12,CLOSED,50.0,450.0,27.0,100.0
-,1728.HK,2020-07-23,HKD,0.78,2020-12-07,0.93,19.23,35.0,2020-07-31,0.93,CLOSED,19.23,606.0,6.0,100.0
-,0992.HK,2020-07-23,HKD,4.72,2021-04-05,5.21,10.38,10.0,2020-08-19,5.21,CLOSED,10.38,97.0,11.0,100.0
-,0002.HK,2020-07-23,HKD,71.9,2020-09-19,73.96,2.87,12.0,2020-08-03,73.96,CLOSED,2.87,66.0,19.0,100.0
-,0689.HK,2020-07-23,HKD,0.04,2020-12-04,0.07,75.0,141.0,2020-12-01,0.07,CLOSED,75.0,144.0,98.0,100.0
-,0880.HK,2020-07-23,HKD,8.53,2020-12-03,10.06,17.94,34.0,2020-08-11,10.06,CLOSED,17.94,238.0,14.0,100.0
-,2600.HK,2020-07-23,HKD,2.07,2021-01-03,2.34,13.04,20.0,2020-11-23,2.34,CLOSED,13.04,27.0,75.0,100.0
-,1728.HK,2020-07-23,HKD,0.78,2021-02-18,1.02,30.77,37.0,2020-07-31,1.02,CLOSED,30.77,969.0,4.0,100.0
-,0992.HK,2020-07-23,HKD,4.72,2020-09-17,4.84,2.54,11.0,2020-08-04,4.84,CLOSED,2.54,53.0,21.0,100.0
-,0992.HK,2020-07-23,HKD,4.72,2020-09-26,4.91,4.03,16.0,2020-08-04,4.91,CLOSED,4.03,85.0,18.0,100.0
-,0689.HK,2020-07-23,HKD,0.04,2020-12-29,0.08,100.0,158.0,2020-12-10,0.08,CLOSED,100.0,180.0,88.0,100.0
-,XAR,2020-07-23,USD,88.98,2021-06-10,100.96,13.46,11.0,2020-11-11,100.96,CLOSED,13.46,31.0,34.0,100.0
-,NKE,2020-07-23,USD,98.3,2021-03-21,111.84,13.77,14.0,2020-08-24,111.84,CLOSED,13.77,108.0,13.0,100.0
-,ITA,2020-07-23,USD,165.62,2021-07-13,191.75,15.78,11.0,2020-11-24,191.75,CLOSED,15.78,32.0,35.0,100.0
-,XAR,2020-07-23,USD,88.98,2020-10-18,93.5,5.08,15.0,2020-08-11,93.5,CLOSED,5.08,67.0,22.0,100.0
-,USB,2020-07-23,USD,36.77,2021-06-27,40.12,9.11,7.0,2020-10-22,40.12,CLOSED,9.11,25.0,27.0,100.0
-,ITA,2020-07-23,USD,165.62,2020-12-08,175.03,5.68,10.0,2020-08-11,175.03,CLOSED,5.68,75.0,14.0,100.0
-,XAR,2020-07-23,USD,88.98,2020-11-13,93.93,5.56,12.0,2020-08-11,93.93,CLOSED,5.56,74.0,17.0,100.0
-,GD,2020-07-23,USD,151.01,2020-10-20,156.96,3.94,11.0,2020-08-11,156.96,CLOSED,3.94,52.0,21.0,100.0
-,XAR,2020-07-23,USD,88.98,2020-08-26,90.35,1.54,11.0,2020-08-05,90.35,CLOSED,1.54,30.0,38.0,100.0
-,ITA,2020-07-23,USD,165.62,2020-11-25,170.9,3.19,6.0,2020-08-10,170.9,CLOSED,3.19,45.0,14.0,100.0
-,ASX-A2M,2020-07-23,AUD,19.67,2021-01-12,28.91,46.98,68.0,2020-12-11,13.06,OPEN,-33.6,-60.0,82.0,-72.0
-,ASX-CGC,2020-07-23,AUD,3.1,2021-02-04,4.4,41.94,54.0,2020-12-11,4.01,OPEN,29.35,52.0,72.0,70.0
-,ASX-NXT,2020-07-23,AUD,11.42,2021-02-20,14.16,23.99,29.0,2020-12-11,11.85,OPEN,3.77,7.0,67.0,16.0
-,2600.HK,2020-07-23,HKD,2.07,2021-04-27,3.24,56.52,51.0,2020-12-11,2.78,OPEN,34.3,61.0,51.0,61.0
-,0002.HK,2020-07-23,HKD,71.9,2021-07-17,89.31,24.21,17.0,2020-12-11,71.0,OPEN,-1.25,-2.0,39.0,-5.0
-,0002.HK,2020-07-23,HKD,71.9,2021-02-21,80.18,11.52,14.0,2020-12-11,71.0,OPEN,-1.25,-2.0,66.0,-11.0
-,1113.HK,2020-07-23,HKD,43.35,2021-01-15,51.59,19.01,27.0,2020-12-11,43.25,OPEN,-0.23,-0.0,80.0,-1.0
-,1113.HK,2020-07-23,HKD,43.35,2021-03-20,50.41,16.29,17.0,2020-12-11,43.25,OPEN,-0.23,-0.0,59.0,-1.0
-,0689.HK,2020-07-23,HKD,0.04,2021-03-13,0.12,200.0,216.0,2020-12-11,0.09,OPEN,125.0,223.0,61.0,62.0
-,0689.HK,2020-07-23,HKD,0.04,2021-02-18,0.11,175.0,210.0,2020-12-11,0.09,OPEN,125.0,223.0,67.0,71.0
-,0388.HK,2020-07-23,HKD,371.4,2021-06-06,454.67,22.42,18.0,2020-12-11,386.0,OPEN,3.93,7.0,44.0,18.0
-,0700.HK,2020-07-23,HKD,548.0,2020-12-30,673.66,22.93,36.0,2020-12-11,588.0,OPEN,7.3,13.0,88.0,32.0
-,0388.HK,2020-07-23,HKD,371.4,2021-02-02,429.45,15.63,20.0,2020-12-11,386.0,OPEN,3.93,7.0,73.0,25.0
-,0700.HK,2020-07-23,HKD,548.0,2021-02-07,684.12,24.84,31.0,2020-12-11,588.0,OPEN,7.3,13.0,71.0,29.0
-,8206.HK,2020-07-23,HKD,0.19,2021-05-01,0.42,121.05,108.0,2020-12-11,0.08,OPEN,-57.89,-103.0,50.0,-48.0
-,0135.HK,2020-07-23,HKD,6.08,2021-01-08,7.03,15.63,23.0,2020-12-11,5.84,OPEN,-3.95,-7.0,83.0,-25.0
-,GD,2020-07-23,USD,151.01,2021-02-20,164.54,8.96,11.0,2020-12-11,151.33,OPEN,0.21,0.0,67.0,2.0
-,PTR,2020-07-23,USD,37.62,2021-07-14,41.82,11.16,8.0,2020-12-11,30.83,OPEN,-18.05,-32.0,40.0,-162.0
-,OXY,2020-07-24,USD,16.74,2021-05-19,18.59,11.05,9.0,2020-12-04,18.59,CLOSED,11.05,21.0,44.0,100.0
-,BAC,2020-07-24,USD,24.35,2021-07-21,26.71,9.69,7.0,2020-08-10,26.71,CLOSED,9.69,144.0,5.0,100.0
-,SNP,2020-07-24,USD,44.62,2021-07-09,52.02,16.58,12.0,2020-12-11,44.26,OPEN,-0.81,-1.0,40.0,-5.0
-,SNP,2020-07-24,USD,44.62,2021-06-20,51.9,16.32,12.0,2020-12-11,44.26,OPEN,-0.81,-1.0,42.0,-5.0
-,ASX-SCP,2020-07-27,AUD,2.24,2020-11-14,2.37,5.8,13.0,2020-11-03,2.37,CLOSED,5.8,15.0,90.0,100.0
-,ASX-SCP,2020-07-27,AUD,2.24,2021-01-20,2.39,6.7,10.0,2020-11-03,2.39,CLOSED,6.7,17.0,56.0,100.0
-,ASX-FBU,2020-07-27,AUD,3.24,2021-05-16,3.56,9.88,8.0,2020-09-18,3.56,CLOSED,9.88,47.0,18.0,100.0
-,ASX-FBU,2020-07-27,AUD,3.24,2021-04-27,3.61,11.42,11.0,2020-09-28,3.61,CLOSED,11.42,46.0,23.0,100.0
-,2768.HK,2020-07-27,HKD,3.33,2020-08-16,3.63,9.01,114.0,2020-07-31,3.63,CLOSED,9.01,568.0,20.0,100.0
-,2768.HK,2020-07-27,HKD,3.33,2020-08-28,3.97,19.22,151.0,2020-08-28,3.68,CLOSED,10.51,83.0,100.0,55.0
-,2600.HK,2020-07-27,HKD,2.0,2021-05-01,3.13,56.5,51.0,2020-11-30,3.13,CLOSED,56.5,113.0,45.0,100.0
-,0002.HK,2020-07-27,HKD,71.75,2020-12-06,76.21,6.22,12.0,2020-08-12,76.21,CLOSED,6.22,98.0,12.0,100.0
-,0459.HK,2020-07-27,HKD,0.08,2020-11-09,0.12,50.0,120.0,2020-08-20,0.12,CLOSED,50.0,525.0,23.0,100.0
-,0992.HK,2020-07-27,HKD,4.44,2021-04-09,4.9,10.36,10.0,2020-08-04,4.9,CLOSED,10.36,326.0,3.0,100.0
-,0778.HK,2020-07-27,HKD,6.7,2021-03-21,7.29,8.81,9.0,2020-12-07,7.29,CLOSED,8.81,17.0,56.0,100.0
-,2238.HK,2020-07-27,HKD,6.41,2021-05-23,8.47,32.14,27.0,2020-10-30,8.47,CLOSED,32.14,85.0,32.0,100.0
-,0002.HK,2020-07-27,HKD,71.75,2020-09-23,73.8,2.86,12.0,2020-08-03,73.8,CLOSED,2.86,103.0,12.0,100.0
-,0689.HK,2020-07-27,HKD,0.04,2020-12-08,0.07,75.0,141.0,2020-12-01,0.07,CLOSED,75.0,149.0,95.0,100.0
-,0019.HK,2020-07-27,HKD,38.25,2020-12-21,43.4,13.46,23.0,2020-08-24,43.4,CLOSED,13.46,121.0,19.0,100.0
-,2238.HK,2020-07-27,HKD,6.41,2021-05-21,9.94,55.07,47.0,2020-11-24,9.94,CLOSED,55.07,116.0,40.0,100.0
-,0880.HK,2020-07-27,HKD,8.05,2020-12-07,9.49,17.89,34.0,2020-08-10,9.49,CLOSED,17.89,322.0,11.0,100.0
-,2600.HK,2020-07-27,HKD,2.0,2021-01-07,2.26,13.0,20.0,2020-08-05,2.26,CLOSED,13.0,364.0,5.0,100.0
-,0992.HK,2020-07-27,HKD,4.44,2020-09-21,4.55,2.48,11.0,2020-07-28,4.55,CLOSED,2.48,625.0,2.0,100.0
-,0992.HK,2020-07-27,HKD,4.44,2020-09-30,4.61,3.83,15.0,2020-07-28,4.61,CLOSED,3.83,965.0,2.0,100.0
-,0689.HK,2020-07-27,HKD,0.04,2021-01-02,0.08,100.0,158.0,2020-12-10,0.08,CLOSED,100.0,185.0,86.0,100.0
-,ASX-BPT,2020-07-27,AUD,1.48,2021-03-08,2.6,75.68,85.0,2020-12-11,1.885,OPEN,27.36,50.0,61.0,36.0
-,0002.HK,2020-07-27,HKD,71.75,2021-07-21,89.13,24.22,17.0,2020-12-11,71.0,OPEN,-1.05,-2.0,38.0,-4.0
-,0002.HK,2020-07-27,HKD,71.75,2021-02-25,80.02,11.53,14.0,2020-12-11,71.0,OPEN,-1.05,-2.0,64.0,-9.0
-,0778.HK,2020-07-27,HKD,6.7,2021-06-15,7.7,14.93,12.0,2020-12-11,7.24,OPEN,8.06,15.0,42.0,54.0
-,1623.HK,2020-07-27,HKD,0.22,2021-03-04,0.43,95.45,109.0,2020-12-11,0.22,OPEN,0.0,0.0,62.0,0.0
-,0689.HK,2020-07-27,HKD,0.04,2021-03-17,0.12,200.0,216.0,2020-12-11,0.09,OPEN,125.0,230.0,59.0,62.0
-,0689.HK,2020-07-27,HKD,0.04,2021-02-22,0.11,175.0,210.0,2020-12-11,0.09,OPEN,125.0,230.0,65.0,71.0
-,2328.HK,2020-07-27,HKD,6.21,2021-06-22,7.92,27.54,21.0,2020-12-11,6.01,OPEN,-3.22,-6.0,42.0,-12.0
-,1623.HK,2020-07-27,HKD,0.22,2021-07-18,0.32,45.45,32.0,2020-12-11,0.22,OPEN,0.0,0.0,38.0,0.0
-,8206.HK,2020-07-27,HKD,0.19,2021-06-12,0.45,136.84,108.0,2020-12-11,0.08,OPEN,-57.89,-106.0,43.0,-42.0
-,ASX-COH,2020-07-28,AUD,191.55,2021-06-17,218.98,14.32,11.0,2020-08-18,218.98,CLOSED,14.32,172.0,6.0,100.0
-,ASX-COH,2020-07-28,AUD,191.55,2021-04-09,204.06,6.53,6.0,2020-08-04,204.06,CLOSED,6.53,235.0,3.0,100.0
-,ASX-COH,2020-07-28,AUD,191.55,2020-10-22,201.01,4.94,14.0,2020-08-04,201.01,CLOSED,4.94,178.0,8.0,100.0
-,0102.HK,2020-07-28,HKD,0.49,2020-10-27,0.65,32.65,90.0,2020-10-05,0.65,CLOSED,32.65,119.0,76.0,100.0
-,0102.HK,2020-07-28,HKD,0.49,2021-02-09,0.95,93.88,121.0,2020-10-22,0.95,CLOSED,93.88,275.0,44.0,100.0
-,0102.HK,2020-07-28,HKD,0.49,2020-12-23,0.87,77.55,132.0,2020-10-19,0.87,CLOSED,77.55,235.0,56.0,100.0
-,0003.HK,2020-07-28,HKD,10.88,2020-09-25,12.49,14.8,63.0,2020-09-25,11.32,CLOSED,4.04,17.0,100.0,27.0
-,87001.HK,2020-07-28,HKD,1.89,2020-12-09,1.94,2.65,5.0,2020-08-03,1.94,CLOSED,2.65,111.0,4.0,100.0
-,87001.HK,2020-07-28,HKD,1.89,2021-01-29,1.96,3.7,5.0,2020-08-03,1.96,CLOSED,3.7,155.0,3.0,100.0
-,0459.HK,2020-07-28,HKD,0.08,2020-11-10,0.12,50.0,120.0,2020-08-20,0.12,CLOSED,50.0,548.0,22.0,100.0
-,0992.HK,2020-07-28,HKD,4.53,2021-04-10,5.0,10.38,10.0,2020-08-13,5.0,CLOSED,10.38,163.0,6.0,100.0
-,0102.HK,2020-07-28,HKD,0.49,2020-11-19,0.56,14.29,32.0,2020-08-10,0.56,CLOSED,14.29,277.0,11.0,100.0
-,0753.HK,2020-07-28,HKD,4.81,2021-07-20,6.39,32.85,23.0,2020-11-17,6.39,CLOSED,32.85,74.0,31.0,100.0
-,1076.HK,2020-07-28,HKD,0.03,2021-07-06,0.04,33.33,24.0,2020-07-29,0.04,CLOSED,33.33,8399.0,0.0,100.0
-,87001.HK,2020-07-28,HKD,1.89,2020-11-11,1.93,2.12,5.0,2020-08-03,1.93,CLOSED,2.12,89.0,6.0,100.0
-,0689.HK,2020-07-28,HKD,0.04,2020-12-09,0.07,75.0,141.0,2020-12-01,0.07,CLOSED,75.0,150.0,94.0,100.0
-,87001.HK,2020-07-28,HKD,1.89,2020-10-01,1.93,2.12,8.0,2020-08-03,1.93,CLOSED,2.12,89.0,9.0,100.0
-,0880.HK,2020-07-28,HKD,8.33,2020-12-08,9.82,17.89,34.0,2020-08-10,9.82,CLOSED,17.89,347.0,10.0,100.0
-,2600.HK,2020-07-28,HKD,2.03,2021-01-08,2.3,13.3,20.0,2020-11-20,2.3,CLOSED,13.3,29.0,70.0,100.0
-,87001.HK,2020-07-28,HKD,1.89,2020-12-02,1.92,1.59,3.0,2020-07-31,1.92,CLOSED,1.59,134.0,2.0,100.0
-,0992.HK,2020-07-28,HKD,4.53,2020-09-22,4.65,2.65,12.0,2020-07-29,4.65,CLOSED,2.65,668.0,2.0,100.0
-,0992.HK,2020-07-28,HKD,4.53,2020-10-01,4.71,3.97,15.0,2020-07-30,4.71,CLOSED,3.97,500.0,3.0,100.0
-,0689.HK,2020-07-28,HKD,0.04,2021-01-03,0.08,100.0,158.0,2020-12-10,0.08,CLOSED,100.0,187.0,85.0,100.0
-,0011.HK,2020-07-28,HKD,123.5,2021-07-25,133.37,7.99,6.0,2020-11-11,133.37,CLOSED,7.99,19.0,29.0,100.0
-,1728.HK,2020-07-28,HKD,0.77,2021-05-27,0.95,23.38,19.0,2020-07-31,0.95,CLOSED,23.38,1964.0,1.0,100.0
-,SHOP,2020-07-28,USD,985.0,2020-11-12,1371.42,39.23,92.0,2020-11-12,925.8,CLOSED,-6.01,-14.0,100.0,-15.0
-,SHOP,2020-07-28,USD,985.0,2020-11-14,1315.17,33.52,77.0,2020-11-13,918.3,CLOSED,-6.77,-16.0,99.0,-20.0
-,SHOP,2020-07-28,USD,985.0,2020-09-05,1125.95,14.31,92.0,2020-09-01,1125.95,CLOSED,14.31,103.0,90.0,100.0
-,SHOP,2020-07-28,USD,985.0,2020-08-24,1072.17,8.85,83.0,2020-07-29,1072.17,CLOSED,8.85,2230.0,4.0,100.0
-,PX,2020-07-28,USD,0.2,2021-01-20,0.22,10.0,14.0,2020-07-31,0.22,CLOSED,10.0,840.0,2.0,100.0
-,AMT,2020-07-28,USD,266.8,2020-11-15,282.83,6.01,14.0,2020-11-13,243.09,CLOSED,-8.89,-21.0,98.0,-148.0
-,CCI,2020-07-28,USD,171.78,2020-11-27,177.81,3.51,7.0,2020-11-27,167.17,CLOSED,-2.68,-6.0,100.0,-76.0
-,D,2020-07-28,USD,82.06,2020-11-16,84.26,2.68,6.0,2020-11-04,84.26,CLOSED,2.68,7.0,89.0,100.0
-,CCI,2020-07-28,USD,171.78,2020-09-03,176.07,2.5,17.0,2020-09-03,161.71,CLOSED,-5.86,-40.0,100.0,-235.0
-,ASX-ORA,2020-07-28,AUD,2.37,2021-04-21,3.14,32.49,31.0,2020-12-11,2.67,OPEN,12.66,23.0,51.0,39.0
-,ASX-SPK,2020-07-28,AUD,4.56,2021-06-28,4.72,3.51,3.0,2020-12-11,4.23,OPEN,-7.24,-13.0,41.0,-206.0
-,2600.HK,2020-07-28,HKD,2.03,2021-05-02,3.17,56.16,51.0,2020-12-11,2.78,OPEN,36.95,68.0,49.0,66.0
-,0003.HK,2020-07-28,HKD,10.88,2021-05-24,14.64,34.56,29.0,2020-12-11,11.72,OPEN,7.72,14.0,45.0,22.0
-,2638.HK,2020-07-28,HKD,7.98,2021-04-15,8.65,8.4,8.0,2020-12-11,7.71,OPEN,-3.38,-6.0,52.0,-40.0
-,0689.HK,2020-07-28,HKD,0.04,2021-03-18,0.12,200.0,216.0,2020-12-11,0.09,OPEN,125.0,232.0,58.0,62.0
-,0689.HK,2020-07-28,HKD,0.04,2021-02-23,0.11,175.0,210.0,2020-12-11,0.09,OPEN,125.0,232.0,65.0,71.0
-,2638.HK,2020-07-28,HKD,7.98,2021-01-26,8.51,6.64,9.0,2020-12-11,7.71,OPEN,-3.38,-6.0,75.0,-51.0
-,0173.HK,2020-07-28,HKD,3.25,2021-07-27,4.85,49.23,34.0,2020-12-11,3.85,OPEN,18.46,34.0,37.0,38.0
-,0003.HK,2020-07-28,HKD,10.88,2020-12-25,12.86,18.2,31.0,2020-12-11,11.72,OPEN,7.72,14.0,91.0,42.0
-,1623.HK,2020-07-28,HKD,0.21,2021-07-19,0.31,47.62,34.0,2020-12-11,0.22,OPEN,4.76,9.0,38.0,10.0
-,8206.HK,2020-07-28,HKD,0.19,2021-06-13,0.45,136.84,108.0,2020-12-11,0.08,OPEN,-57.89,-107.0,42.0,-42.0
-,CCI,2020-07-28,USD,171.78,2021-01-29,193.6,12.7,17.0,2020-12-11,157.68,OPEN,-8.21,-15.0,74.0,-65.0
-,GLW,2020-07-28,USD,30.24,2021-05-26,39.32,30.03,25.0,2020-12-11,35.64,OPEN,17.86,33.0,45.0,59.0
-,AMT,2020-07-28,USD,266.8,2021-01-15,296.84,11.26,17.0,2020-12-11,219.82,OPEN,-17.61,-33.0,80.0,-156.0
-,ASX-BAP,2020-07-29,AUD,6.12,2021-03-11,7.39,20.75,23.0,2020-10-07,7.39,CLOSED,20.75,75.0,31.0,100.0
-,ASX-ECX,2020-07-29,AUD,1.39,2021-03-24,1.51,8.63,9.0,2020-08-11,1.51,CLOSED,8.63,167.0,5.0,100.0
-,ASX-ECX,2020-07-29,AUD,1.39,2020-11-28,1.59,14.39,30.0,2020-08-20,1.59,CLOSED,14.39,165.0,18.0,100.0
-,ASX-BAP,2020-07-29,AUD,6.12,2021-01-31,6.79,10.95,15.0,2020-08-19,6.79,CLOSED,10.95,131.0,11.0,100.0
-,ASX-BWP,2020-07-29,AUD,3.93,2020-12-22,4.33,10.18,18.0,2020-11-27,4.33,CLOSED,10.18,21.0,83.0,100.0
-,ASX-DXS,2020-07-29,AUD,8.65,2020-10-27,9.0,4.05,11.0,2020-09-03,9.0,CLOSED,4.05,28.0,40.0,100.0
-,ASX-BAP,2020-07-29,AUD,6.12,2020-10-30,6.3,2.94,8.0,2020-08-18,6.3,CLOSED,2.94,37.0,22.0,100.0
-,1310.HK,2020-07-29,HKD,14.04,2020-12-20,14.91,6.2,11.0,2020-08-05,14.91,CLOSED,6.2,223.0,5.0,100.0
-,0823.HK,2020-07-29,HKD,59.25,2021-04-02,70.67,19.27,20.0,2020-11-17,70.67,CLOSED,19.27,44.0,45.0,100.0
-,1251.HK,2020-07-29,HKD,0.29,2020-09-16,0.45,55.17,284.0,2020-09-16,0.22,CLOSED,-24.14,-124.0,100.0,-44.0
-,2588.HK,2020-07-29,HKD,45.2,2020-09-30,49.91,10.42,42.0,2020-08-12,49.91,CLOSED,10.42,188.0,22.0,100.0
-,2588.HK,2020-07-29,HKD,45.2,2020-12-13,54.18,19.87,37.0,2020-08-21,54.18,CLOSED,19.87,218.0,17.0,100.0
-,2588.HK,2020-07-29,HKD,45.2,2021-01-06,53.1,17.48,27.0,2020-08-21,53.1,CLOSED,17.48,192.0,14.0,100.0
-,0823.HK,2020-07-29,HKD,59.25,2021-05-05,71.47,20.62,19.0,2020-11-17,71.47,CLOSED,20.62,47.0,40.0,100.0
-,0823.HK,2020-07-29,HKD,59.25,2021-04-24,71.15,20.08,19.0,2020-11-17,71.15,CLOSED,20.08,46.0,41.0,100.0
-,1113.HK,2020-07-29,HKD,42.7,2020-08-04,43.98,3.0,126.0,2020-08-04,43.98,CLOSED,3.0,126.0,100.0,100.0
-,1881.HK,2020-07-29,HKD,1.13,2021-06-27,1.3,15.04,11.0,2020-11-11,1.3,CLOSED,15.04,36.0,32.0,100.0
-,1881.HK,2020-07-29,HKD,1.13,2021-05-24,1.31,15.93,13.0,2020-11-11,1.31,CLOSED,15.93,38.0,35.0,100.0
-,1881.HK,2020-07-29,HKD,1.13,2021-06-12,1.29,14.16,11.0,2020-11-10,1.29,CLOSED,14.16,34.0,33.0,100.0
-,0459.HK,2020-07-29,HKD,0.08,2020-11-11,0.12,50.0,120.0,2020-08-20,0.12,CLOSED,50.0,573.0,21.0,100.0
-,0992.HK,2020-07-29,HKD,4.66,2021-04-11,5.14,10.3,10.0,2020-08-19,5.14,CLOSED,10.3,124.0,8.0,100.0
-,1881.HK,2020-07-29,HKD,1.13,2021-06-12,1.27,12.39,10.0,2020-08-26,1.27,CLOSED,12.39,112.0,9.0,100.0
-,2208.HK,2020-07-29,HKD,6.27,2021-06-23,8.36,33.33,26.0,2020-08-05,8.36,CLOSED,33.33,1200.0,2.0,100.0
-,1076.HK,2020-07-29,HKD,0.03,2021-07-07,0.04,33.33,24.0,2020-07-30,0.04,CLOSED,33.33,8399.0,0.0,100.0
-,1113.HK,2020-07-29,HKD,42.7,2021-01-22,45.58,6.74,10.0,2020-08-06,45.58,CLOSED,6.74,212.0,5.0,100.0
-,0880.HK,2020-07-29,HKD,8.58,2020-12-09,10.12,17.95,34.0,2020-08-11,10.12,CLOSED,17.95,348.0,10.0,100.0
-,2600.HK,2020-07-29,HKD,2.06,2021-01-09,2.33,13.11,20.0,2020-11-23,2.33,CLOSED,13.11,28.0,71.0,100.0
-,0354.HK,2020-07-29,HKD,5.84,2021-06-26,7.77,33.05,25.0,2020-11-26,7.77,CLOSED,33.05,69.0,36.0,100.0
-,0354.HK,2020-07-29,HKD,5.84,2021-04-20,6.65,13.87,13.0,2020-11-09,6.65,CLOSED,13.87,34.0,39.0,100.0
-,0992.HK,2020-07-29,HKD,4.66,2020-09-23,4.78,2.58,12.0,2020-08-03,4.78,CLOSED,2.58,130.0,9.0,100.0
-,0992.HK,2020-07-29,HKD,4.66,2020-10-02,4.84,3.86,15.0,2020-08-04,4.84,CLOSED,3.86,162.0,9.0,100.0
-,0435.HK,2020-07-29,HKD,3.6,2020-12-11,3.77,4.72,9.0,2020-08-05,3.77,CLOSED,4.72,170.0,5.0,100.0
-,0006.HK,2020-07-29,HKD,42.65,2020-11-20,44.11,3.42,8.0,2020-08-14,44.11,CLOSED,3.42,54.0,14.0,100.0
-,0011.HK,2020-07-29,HKD,123.9,2021-07-26,133.8,7.99,6.0,2020-11-11,133.8,CLOSED,7.99,19.0,29.0,100.0
-,DE,2020-07-29,USD,180.25,2021-07-13,216.75,20.25,15.0,2020-09-01,216.75,CLOSED,20.25,150.0,10.0,100.0
-,DE,2020-07-29,USD,180.25,2021-03-09,203.61,12.96,15.0,2020-08-24,203.61,CLOSED,12.96,126.0,12.0,100.0
-,PSA,2020-07-29,USD,196.84,2020-12-14,216.66,10.07,18.0,2020-09-03,216.66,CLOSED,10.07,70.0,26.0,100.0
-,VTR,2020-07-29,USD,39.07,2021-01-25,43.24,10.67,15.0,2020-08-11,43.24,CLOSED,10.67,207.0,7.0,100.0
-,USB,2020-07-29,USD,37.71,2021-07-09,41.82,10.9,8.0,2020-11-09,41.82,CLOSED,10.9,27.0,30.0,100.0
-,VTR,2020-07-29,USD,39.07,2020-11-29,41.29,5.68,12.0,2020-08-07,41.29,CLOSED,5.68,159.0,7.0,100.0
-,CL,2020-07-29,USD,76.2,2021-04-18,81.16,6.51,6.0,2020-11-03,81.16,CLOSED,6.51,17.0,37.0,100.0
-,SPG,2020-07-29,USD,65.59,2021-03-06,70.84,8.0,9.0,2020-08-11,70.84,CLOSED,8.0,155.0,6.0,100.0
-,SPG,2020-07-29,USD,65.59,2021-03-06,70.84,8.0,9.0,2020-08-11,70.84,CLOSED,8.0,155.0,6.0,100.0
-,ASX-BWP,2020-07-29,AUD,3.93,2021-06-17,4.67,18.83,15.0,2020-12-11,4.36,OPEN,10.94,20.0,42.0,58.0
-,2600.HK,2020-07-29,HKD,2.06,2021-05-03,3.22,56.31,51.0,2020-12-11,2.78,OPEN,34.95,65.0,49.0,62.0
-,1113.HK,2020-07-29,HKD,42.7,2021-01-21,50.81,18.99,27.0,2020-12-11,43.25,OPEN,1.29,2.0,77.0,7.0
-,1113.HK,2020-07-29,HKD,42.7,2021-03-26,49.65,16.28,17.0,2020-12-11,43.25,OPEN,1.29,2.0,56.0,8.0
-,1113.HK,2020-07-29,HKD,42.7,2021-01-25,55.14,29.13,41.0,2020-12-11,43.25,OPEN,1.29,2.0,75.0,4.0
-,1113.HK,2020-07-29,HKD,42.7,2021-04-08,50.45,18.15,18.0,2020-12-11,43.25,OPEN,1.29,2.0,53.0,7.0
-,0435.HK,2020-07-29,HKD,3.6,2021-05-08,4.17,15.83,14.0,2020-12-11,3.81,OPEN,5.83,11.0,48.0,37.0
-,0435.HK,2020-07-29,HKD,3.6,2021-03-24,4.12,14.44,15.0,2020-12-11,3.81,OPEN,5.83,11.0,57.0,40.0
-,0823.HK,2020-07-29,HKD,59.25,2021-05-13,72.01,21.54,19.0,2020-12-11,69.65,OPEN,17.55,33.0,47.0,82.0
-,0006.HK,2020-07-29,HKD,42.65,2021-06-21,46.75,9.61,7.0,2020-12-11,41.15,OPEN,-3.52,-7.0,41.0,-37.0
-,1623.HK,2020-07-29,HKD,0.21,2021-07-20,0.31,47.62,34.0,2020-12-11,0.22,OPEN,4.76,9.0,38.0,10.0
-,DLR,2020-07-29,USD,157.2,2021-03-26,174.27,10.86,11.0,2020-12-11,130.27,OPEN,-17.13,-32.0,56.0,-158.0
-,ASX-CNU,2020-07-30,AUD,6.99,2021-01-21,8.0,14.45,21.0,2020-09-08,8.0,CLOSED,14.45,91.0,23.0,100.0
-,ASX-TCL,2020-07-30,AUD,14.09,2021-03-24,15.12,7.31,8.0,2020-11-10,15.12,CLOSED,7.31,18.0,43.0,100.0
-,ASX-CNU,2020-07-30,AUD,6.99,2020-10-05,7.5,7.3,27.0,2020-08-25,7.5,CLOSED,7.3,71.0,39.0,100.0
-,ASX-IVC,2020-07-30,AUD,9.93,2021-05-31,11.24,13.19,11.0,2020-11-11,11.24,CLOSED,13.19,32.0,34.0,100.0
-,ASX-IVC,2020-07-30,AUD,9.93,2021-05-31,11.24,13.19,11.0,2020-11-11,11.24,CLOSED,13.19,32.0,34.0,100.0
-,2588.HK,2020-07-30,HKD,46.0,2020-10-01,50.79,10.41,42.0,2020-08-13,50.79,CLOSED,10.41,187.0,22.0,100.0
-,2588.HK,2020-07-30,HKD,46.0,2020-12-14,55.14,19.87,37.0,2020-08-25,55.14,CLOSED,19.87,193.0,19.0,100.0
-,2588.HK,2020-07-30,HKD,46.0,2021-01-07,54.04,17.48,27.0,2020-08-21,54.04,CLOSED,17.48,200.0,14.0,100.0
-,87001.HK,2020-07-30,HKD,1.89,2020-12-11,1.94,2.65,5.0,2020-08-03,1.94,CLOSED,2.65,167.0,3.0,100.0
-,87001.HK,2020-07-30,HKD,1.89,2021-01-31,1.96,3.7,5.0,2020-08-03,1.96,CLOSED,3.7,233.0,2.0,100.0
-,0459.HK,2020-07-30,HKD,0.08,2020-11-12,0.12,50.0,120.0,2020-08-20,0.12,CLOSED,50.0,600.0,20.0,100.0
-,0992.HK,2020-07-30,HKD,4.62,2021-04-12,5.1,10.39,10.0,2020-08-13,5.1,CLOSED,10.39,187.0,5.0,100.0
-,2238.HK,2020-07-30,HKD,7.28,2021-05-01,9.35,28.43,26.0,2020-11-20,9.35,CLOSED,28.43,63.0,41.0,100.0
-,87001.HK,2020-07-30,HKD,1.89,2020-11-13,1.93,2.12,5.0,2020-08-03,1.93,CLOSED,2.12,134.0,4.0,100.0
-,87001.HK,2020-07-30,HKD,1.89,2020-10-03,1.93,2.12,8.0,2020-08-03,1.93,CLOSED,2.12,134.0,6.0,100.0
-,0880.HK,2020-07-30,HKD,8.52,2020-12-10,10.05,17.96,34.0,2020-08-11,10.05,CLOSED,17.96,377.0,9.0,100.0
-,2600.HK,2020-07-30,HKD,2.07,2021-01-10,2.34,13.04,20.0,2020-11-23,2.34,CLOSED,13.04,28.0,71.0,100.0
-,87001.HK,2020-07-30,HKD,1.89,2020-12-04,1.92,1.59,3.0,2020-07-31,1.92,CLOSED,1.59,401.0,1.0,100.0
-,0992.HK,2020-07-30,HKD,4.62,2020-09-24,4.74,2.6,12.0,2020-08-03,4.74,CLOSED,2.6,164.0,7.0,100.0
-,0992.HK,2020-07-30,HKD,4.62,2020-10-03,4.8,3.9,15.0,2020-08-04,4.8,CLOSED,3.9,197.0,8.0,100.0
-,0700.HK,2020-07-30,HKD,535.0,2020-09-30,569.03,6.36,26.0,2020-09-30,511.5,CLOSED,-4.39,-18.0,100.0,-69.0
-,PG,2020-07-30,USD,131.42,2020-11-28,137.89,4.92,10.0,2020-08-21,137.89,CLOSED,4.92,56.0,18.0,100.0
-,PYPL,2020-07-30,USD,192.51,2020-11-12,216.57,12.5,30.0,2020-11-12,189.1,CLOSED,-1.77,-4.0,100.0,-14.0
-,RIO,2020-07-30,USD,61.04,2021-04-10,71.91,17.81,18.0,2020-12-03,71.91,CLOSED,17.81,36.0,50.0,100.0
-,PG,2020-07-30,USD,131.42,2020-10-11,133.43,1.53,5.0,2020-08-04,133.43,CLOSED,1.53,77.0,7.0,100.0
-,ASX-CNU,2020-07-30,AUD,6.99,2021-05-11,8.8,25.89,23.0,2020-12-11,7.37,OPEN,5.44,10.0,47.0,21.0
-,ASX-IRE,2020-07-30,AUD,10.49,2021-06-29,12.66,20.69,16.0,2020-12-11,10.2,OPEN,-2.76,-5.0,40.0,-13.0
-,ASX-IRE,2020-07-30,AUD,10.49,2020-12-24,11.43,8.96,15.0,2020-12-11,10.2,OPEN,-2.76,-5.0,91.0,-31.0
-,2600.HK,2020-07-30,HKD,2.07,2021-05-04,3.24,56.52,51.0,2020-12-11,2.78,OPEN,34.3,65.0,48.0,61.0
-,0700.HK,2020-07-30,HKD,535.0,2021-01-18,676.4,26.43,39.0,2020-12-11,588.0,OPEN,9.91,19.0,78.0,37.0
-,0700.HK,2020-07-30,HKD,535.0,2020-12-21,669.5,25.14,44.0,2020-12-11,588.0,OPEN,9.91,19.0,93.0,39.0
-,1200.HK,2020-07-30,HKD,0.74,2021-05-13,1.13,52.7,46.0,2020-12-11,0.71,OPEN,-4.05,-8.0,47.0,-8.0
-,0003.HK,2020-07-30,HKD,11.1,2021-06-07,12.96,16.76,14.0,2020-12-11,11.72,OPEN,5.59,11.0,43.0,33.0
-,2238.HK,2020-07-30,HKD,7.28,2021-06-10,11.49,57.83,46.0,2020-12-11,7.99,OPEN,9.75,18.0,43.0,17.0
-,1076.HK,2020-07-30,HKD,0.04,2021-07-08,0.05,25.0,18.0,2020-12-11,0.01,OPEN,-75.0,-141.0,39.0,-300.0
-,PYPL,2020-07-30,USD,192.51,2021-03-18,243.45,26.46,29.0,2020-12-11,214.06,OPEN,11.19,21.0,58.0,42.0
-,2382.HK,2020-07-31,HKD,145.9,2020-09-11,170.13,16.61,100.0,2020-09-11,117.2,CLOSED,-19.67,-118.0,100.0,-118.0
-,2382.HK,2020-07-31,HKD,145.9,2020-10-22,168.51,15.5,47.0,2020-10-22,128.4,CLOSED,-11.99,-36.0,100.0,-77.0
-,2382.HK,2020-07-31,HKD,145.9,2020-09-17,165.86,13.68,72.0,2020-09-17,124.8,CLOSED,-14.46,-76.0,100.0,-106.0
-,2382.HK,2020-07-31,HKD,145.9,2020-09-21,170.0,16.52,80.0,2020-09-21,122.1,CLOSED,-16.31,-79.0,100.0,-99.0
-,2600.HK,2020-07-31,HKD,1.99,2021-05-05,3.11,56.28,51.0,2020-11-30,3.11,CLOSED,56.28,116.0,44.0,100.0
-,87001.HK,2020-07-31,HKD,1.92,2020-12-12,1.97,2.6,5.0,2020-08-03,1.97,CLOSED,2.6,218.0,2.0,100.0
-,87001.HK,2020-07-31,HKD,1.92,2021-02-01,1.99,3.65,5.0,2020-08-03,1.99,CLOSED,3.65,307.0,2.0,100.0
-,0459.HK,2020-07-31,HKD,0.08,2020-11-13,0.12,50.0,120.0,2020-08-20,0.12,CLOSED,50.0,630.0,19.0,100.0
-,0992.HK,2020-07-31,HKD,4.67,2021-04-13,5.16,10.49,10.0,2020-08-19,5.16,CLOSED,10.49,139.0,7.0,100.0
-,0753.HK,2020-07-31,HKD,4.81,2021-07-23,6.39,32.85,23.0,2020-11-17,6.39,CLOSED,32.85,76.0,31.0,100.0
-,87001.HK,2020-07-31,HKD,1.92,2020-11-14,1.96,2.08,5.0,2020-08-03,1.96,CLOSED,2.08,175.0,3.0,100.0
-,0689.HK,2020-07-31,HKD,0.04,2020-12-12,0.07,75.0,141.0,2020-12-01,0.07,CLOSED,75.0,154.0,92.0,100.0
-,87001.HK,2020-07-31,HKD,1.92,2020-10-04,1.96,2.08,8.0,2020-08-03,1.96,CLOSED,2.08,175.0,5.0,100.0
-,2382.HK,2020-07-31,HKD,145.9,2020-10-05,162.5,11.38,43.0,2020-10-05,115.5,CLOSED,-20.84,-80.0,100.0,-183.0
-,0880.HK,2020-07-31,HKD,8.73,2020-12-11,10.3,17.98,34.0,2020-08-11,10.3,CLOSED,17.98,412.0,8.0,100.0
-,2600.HK,2020-07-31,HKD,1.99,2021-01-11,2.25,13.07,20.0,2020-08-05,2.25,CLOSED,13.07,659.0,3.0,100.0
-,0696.HK,2020-07-31,HKD,14.9,2021-05-25,18.62,24.97,21.0,2020-11-10,18.62,CLOSED,24.97,62.0,34.0,100.0
-,87001.HK,2020-07-31,HKD,1.92,2020-12-05,1.95,1.56,3.0,2020-08-03,1.95,CLOSED,1.56,131.0,2.0,100.0
-,0002.HK,2020-07-31,HKD,73.4,2020-11-06,75.4,2.72,7.0,2020-08-11,75.4,CLOSED,2.72,62.0,11.0,100.0
-,0023.HK,2020-07-31,HKD,17.64,2020-10-23,18.61,5.5,16.0,2020-08-19,18.61,CLOSED,5.5,73.0,23.0,100.0
-,0992.HK,2020-07-31,HKD,4.67,2020-09-25,4.79,2.57,12.0,2020-08-04,4.79,CLOSED,2.57,162.0,7.0,100.0
-,0992.HK,2020-07-31,HKD,4.67,2020-10-04,4.85,3.85,15.0,2020-08-04,4.85,CLOSED,3.85,243.0,6.0,100.0
-,0689.HK,2020-07-31,HKD,0.04,2021-01-06,0.08,100.0,158.0,2020-12-10,0.08,CLOSED,100.0,191.0,83.0,100.0
-,3988.HK,2020-07-31,HKD,2.6,2020-09-30,2.82,8.46,35.0,2020-09-30,2.4,CLOSED,-7.69,-32.0,100.0,-91.0
-,3988.HK,2020-07-31,HKD,2.6,2020-11-30,2.86,10.0,21.0,2020-11-30,2.86,CLOSED,10.0,21.0,100.0,100.0
-,0435.HK,2020-07-31,HKD,3.62,2020-12-13,3.79,4.7,9.0,2020-08-24,3.79,CLOSED,4.7,49.0,18.0,100.0
-,SHOP,2020-07-31,USD,1024.0,2020-09-13,1180.77,15.31,88.0,2020-09-11,914.5,CLOSED,-10.69,-64.0,95.0,-70.0
-,SHOP,2020-07-31,USD,1024.0,2020-10-19,1299.46,26.9,85.0,2020-10-19,1069.0,CLOSED,4.39,14.0,100.0,16.0
-,SHOP,2020-07-31,USD,1024.0,2020-11-13,1450.6,41.66,100.0,2020-11-13,918.3,CLOSED,-10.32,-25.0,100.0,-25.0
-,IXN,2020-07-31,USD,250.52,2020-12-16,268.76,7.28,13.0,2020-08-26,268.76,CLOSED,7.28,71.0,19.0,100.0
-,AAPL,2020-07-31,USD,425.04,2021-01-17,489.09,15.07,22.0,2020-08-21,489.09,CLOSED,15.07,181.0,12.0,100.0
-,ESS,2020-07-31,USD,220.74,2021-01-19,236.99,7.36,11.0,2020-11-09,236.99,CLOSED,7.36,18.0,59.0,100.0
-,XLV,2020-07-31,USD,105.53,2021-04-09,112.13,6.25,6.0,2020-11-09,112.13,CLOSED,6.25,16.0,40.0,100.0
-,XLV,2020-07-31,USD,105.53,2020-11-28,109.56,3.82,8.0,2020-09-02,109.56,CLOSED,3.82,29.0,28.0,100.0
-,ESS,2020-07-31,USD,220.74,2021-07-12,250.05,13.28,10.0,2020-11-09,250.05,CLOSED,13.28,33.0,29.0,100.0
-,AAPL,2020-07-31,USD,425.04,2021-02-18,511.03,20.23,25.0,2020-08-24,511.03,CLOSED,20.23,212.0,12.0,100.0
-,SHOP,2020-07-31,USD,1024.0,2020-08-23,1078.89,5.36,59.0,2020-08-03,1078.89,CLOSED,5.36,450.0,13.0,100.0
-,AVB,2020-07-31,USD,153.12,2021-02-16,162.45,6.09,8.0,2020-09-03,162.45,CLOSED,6.09,45.0,17.0,100.0
-,IXN,2020-07-31,USD,250.52,2020-10-20,260.44,3.96,12.0,2020-08-06,260.44,CLOSED,3.96,166.0,7.0,100.0
-,ESS,2020-07-31,USD,220.74,2020-12-04,229.02,3.75,8.0,2020-11-06,229.02,CLOSED,3.75,10.0,78.0,100.0
-,AAPL,2020-07-31,USD,425.04,2020-10-09,450.41,5.97,21.0,2020-08-06,450.41,CLOSED,5.97,251.0,9.0,100.0
-,IXN,2020-07-31,USD,250.52,2020-09-12,254.85,1.73,10.0,2020-08-03,254.85,CLOSED,1.73,145.0,7.0,100.0
-,AMZN,2020-07-31,USD,3164.68,2020-10-14,3388.11,7.06,24.0,2020-08-26,3388.11,CLOSED,7.06,68.0,35.0,100.0
-,0002.HK,2020-07-31,HKD,73.4,2021-05-04,86.21,17.45,16.0,2020-12-11,71.0,OPEN,-3.27,-6.0,48.0,-19.0
-,2382.HK,2020-07-31,HKD,145.9,2021-01-29,213.23,46.15,64.0,2020-12-11,144.8,OPEN,-0.75,-1.0,73.0,-2.0
-,2382.HK,2020-07-31,HKD,145.9,2021-04-15,236.8,62.3,61.0,2020-12-11,144.8,OPEN,-0.75,-1.0,52.0,-1.0
-,2382.HK,2020-07-31,HKD,145.9,2021-01-17,229.22,57.11,85.0,2020-12-11,144.8,OPEN,-0.75,-1.0,78.0,-1.0
-,2382.HK,2020-07-31,HKD,145.9,2021-01-10,216.12,48.13,74.0,2020-12-11,144.8,OPEN,-0.75,-1.0,82.0,-2.0
-,1623.HK,2020-07-31,HKD,0.22,2021-03-08,0.43,95.45,109.0,2020-12-11,0.22,OPEN,0.0,0.0,60.0,0.0
-,3988.HK,2020-07-31,HKD,2.6,2021-06-19,3.37,29.62,23.0,2020-12-11,2.66,OPEN,2.31,4.0,41.0,8.0
-,0435.HK,2020-07-31,HKD,3.62,2021-05-10,4.19,15.75,14.0,2020-12-11,3.81,OPEN,5.25,10.0,47.0,33.0
-,0435.HK,2020-07-31,HKD,3.62,2021-03-26,4.14,14.36,15.0,2020-12-11,3.81,OPEN,5.25,10.0,56.0,37.0
-,2638.HK,2020-07-31,HKD,8.02,2021-04-18,8.7,8.48,8.0,2020-12-11,7.71,OPEN,-3.87,-7.0,51.0,-46.0
-,0689.HK,2020-07-31,HKD,0.04,2021-03-21,0.12,200.0,216.0,2020-12-11,0.09,OPEN,125.0,237.0,57.0,62.0
-,0002.HK,2020-07-31,HKD,73.4,2020-12-25,77.8,5.99,10.0,2020-12-11,71.0,OPEN,-3.27,-6.0,90.0,-55.0
-,0689.HK,2020-07-31,HKD,0.04,2021-02-26,0.11,175.0,210.0,2020-12-11,0.09,OPEN,125.0,237.0,63.0,71.0
-,2638.HK,2020-07-31,HKD,8.02,2021-01-29,8.55,6.61,9.0,2020-12-11,7.71,OPEN,-3.87,-7.0,73.0,-58.0
-,0808.HK,2020-07-31,HKD,2.33,2021-01-13,2.53,8.58,13.0,2020-12-11,2.45,OPEN,5.15,10.0,80.0,60.0
-,1038.HK,2020-07-31,HKD,40.4,2021-06-09,47.37,17.25,14.0,2020-12-11,39.95,OPEN,-1.11,-2.0,42.0,-6.0
-,0808.HK,2020-07-31,HKD,2.33,2021-01-02,2.52,8.15,13.0,2020-12-11,2.45,OPEN,5.15,10.0,86.0,63.0
-,AMZN,2020-07-31,USD,3164.68,2021-02-07,4171.05,31.8,42.0,2020-12-11,3116.42,OPEN,-1.52,-3.0,70.0,-5.0
-,AMZN,2020-07-31,USD,3164.68,2021-03-10,4036.23,27.54,31.0,2020-12-11,3116.42,OPEN,-1.52,-3.0,60.0,-6.0
-,ASX-NSR,2020-08-03,AUD,1.84,2020-09-23,1.93,4.89,24.0,2020-09-15,1.93,CLOSED,4.89,29.0,84.0,100.0
-,ASX-ORE,2020-08-03,AUD,2.96,2020-10-24,3.77,27.36,84.0,2020-10-23,2.67,CLOSED,-9.8,-30.0,99.0,-36.0
-,ASX-BKL,2020-08-03,AUD,70.59,2021-06-23,81.04,14.8,12.0,2020-11-26,81.04,CLOSED,14.8,32.0,35.0,100.0
-,ASX-DXS,2020-08-03,AUD,8.52,2020-11-01,8.86,3.99,11.0,2020-08-31,8.86,CLOSED,3.99,36.0,31.0,100.0
-,ASX-ORE,2020-08-03,AUD,2.96,2020-09-21,3.24,9.46,49.0,2020-08-06,3.24,CLOSED,9.46,795.0,6.0,100.0
-,0823.HK,2020-08-03,HKD,60.65,2021-01-09,69.52,14.62,23.0,2020-11-11,69.52,CLOSED,14.62,37.0,63.0,100.0
-,0823.HK,2020-08-03,HKD,60.65,2021-04-09,71.59,18.04,18.0,2020-11-17,71.59,CLOSED,18.04,43.0,43.0,100.0
-,8206.HK,2020-08-03,HKD,0.14,2020-11-03,0.19,35.71,98.0,2020-11-03,0.09,CLOSED,-35.71,-98.0,100.0,-100.0
-,0459.HK,2020-08-03,HKD,0.08,2020-11-16,0.12,50.0,120.0,2020-08-20,0.12,CLOSED,50.0,741.0,16.0,100.0
-,0778.HK,2020-08-03,HKD,6.73,2021-01-21,7.18,6.69,10.0,2020-11-11,7.18,CLOSED,6.69,17.0,58.0,100.0
-,0992.HK,2020-08-03,HKD,4.71,2021-04-16,5.2,10.4,10.0,2020-08-19,5.2,CLOSED,10.4,164.0,6.0,100.0
-,2208.HK,2020-08-03,HKD,8.19,2021-05-15,10.56,28.94,26.0,2020-10-15,10.56,CLOSED,28.94,100.0,26.0,100.0
-,0823.HK,2020-08-03,HKD,60.65,2020-10-28,63.4,4.53,13.0,2020-08-17,63.4,CLOSED,4.53,82.0,16.0,100.0
-,87001.HK,2020-08-03,HKD,1.98,2020-11-17,2.02,2.02,5.0,2020-11-17,1.77,CLOSED,-10.61,-25.0,100.0,-525.0
-,0689.HK,2020-08-03,HKD,0.04,2020-12-15,0.07,75.0,141.0,2020-12-01,0.07,CLOSED,75.0,158.0,90.0,100.0
-,87001.HK,2020-08-03,HKD,1.98,2020-10-07,2.02,2.02,8.0,2020-10-07,1.52,CLOSED,-23.23,-90.0,100.0,-1150.0
-,0880.HK,2020-08-03,HKD,8.8,2020-12-14,10.38,17.95,34.0,2020-08-11,10.38,CLOSED,17.95,565.0,6.0,100.0
-,2600.HK,2020-08-03,HKD,2.02,2021-01-14,2.29,13.37,21.0,2020-08-05,2.29,CLOSED,13.37,1685.0,1.0,100.0
-,87001.HK,2020-08-03,HKD,1.98,2020-12-08,2.01,1.52,3.0,2020-12-08,1.96,CLOSED,-1.01,-2.0,100.0,-67.0
-,0992.HK,2020-08-03,HKD,4.71,2020-09-28,4.83,2.55,11.0,2020-08-04,4.83,CLOSED,2.55,643.0,2.0,100.0
-,0992.HK,2020-08-03,HKD,4.71,2020-10-07,4.9,4.03,16.0,2020-08-04,4.9,CLOSED,4.03,1016.0,2.0,100.0
-,0689.HK,2020-08-03,HKD,0.04,2021-01-09,0.08,100.0,158.0,2020-12-10,0.08,CLOSED,100.0,195.0,81.0,100.0
-,3988.HK,2020-08-03,HKD,2.58,2020-10-03,2.8,8.53,35.0,2020-09-30,2.4,CLOSED,-6.98,-30.0,95.0,-82.0
-,3988.HK,2020-08-03,HKD,2.58,2020-12-03,2.84,10.08,21.0,2020-11-30,2.84,CLOSED,10.08,21.0,98.0,100.0
-,0880.HK,2020-08-03,HKD,8.8,2021-06-10,9.91,12.61,10.0,2020-08-11,9.91,CLOSED,12.61,397.0,3.0,100.0
-,0052.HK,2020-08-03,HKD,16.8,2021-02-21,18.01,7.2,9.0,2020-08-13,18.01,CLOSED,7.2,181.0,5.0,100.0
-,VHT,2020-08-03,USD,205.31,2020-12-13,213.34,3.91,7.0,2020-11-04,213.34,CLOSED,3.91,11.0,70.0,100.0
-,QQQ,2020-08-03,USD,269.38,2021-01-06,285.84,6.11,10.0,2020-08-24,285.84,CLOSED,6.11,73.0,13.0,100.0
-,IYH,2020-08-03,USD,229.59,2020-11-18,237.03,3.24,8.0,2020-11-04,237.03,CLOSED,3.24,9.0,87.0,100.0
-,VHT,2020-08-03,USD,205.31,2020-10-28,212.19,3.35,10.0,2020-10-12,212.19,CLOSED,3.35,12.0,81.0,100.0
-,IYH,2020-08-03,USD,229.59,2021-02-25,239.83,4.46,5.0,2020-11-05,239.83,CLOSED,4.46,12.0,46.0,100.0
-,LNVGY,2020-08-03,USD,12.11,2021-05-22,15.01,23.95,21.0,2020-12-10,15.01,CLOSED,23.95,47.0,44.0,100.0
-,QQQ,2020-08-03,USD,269.38,2020-11-08,275.82,2.39,6.0,2020-08-17,275.82,CLOSED,2.39,43.0,14.0,100.0
-,UNH,2020-08-03,USD,303.61,2021-04-01,317.58,4.6,5.0,2020-08-07,317.58,CLOSED,4.6,290.0,2.0,100.0
-,UNH,2020-08-03,USD,303.61,2020-10-27,319.82,5.34,16.0,2020-08-10,319.82,CLOSED,5.34,192.0,8.0,100.0
-,ASX-ORE,2020-08-03,AUD,2.96,2021-05-19,4.95,67.23,59.0,2020-12-11,4.07,OPEN,37.5,73.0,45.0,56.0
-,ASX-MPL,2020-08-03,AUD,2.84,2021-07-11,3.48,22.54,17.0,2020-12-11,2.83,OPEN,-0.35,-1.0,38.0,-2.0
-,ASX-NSR,2020-08-03,AUD,1.84,2021-05-06,2.13,15.76,14.0,2020-12-11,2.04,OPEN,10.87,21.0,47.0,69.0
-,ASX-MFG,2020-08-03,AUD,61.36,2021-04-30,77.38,26.11,24.0,2020-12-11,54.8,OPEN,-10.69,-21.0,48.0,-41.0
-,ASX-MFG,2020-08-03,AUD,61.36,2021-03-08,68.61,11.82,14.0,2020-12-11,54.8,OPEN,-10.69,-21.0,60.0,-90.0
-,2208.HK,2020-08-03,HKD,8.19,2021-06-22,17.17,109.65,86.0,2020-12-11,11.96,OPEN,46.03,89.0,40.0,42.0
-,2600.HK,2020-08-03,HKD,2.02,2021-05-08,3.16,56.44,51.0,2020-12-11,2.78,OPEN,37.62,73.0,47.0,67.0
-,3988.HK,2020-08-03,HKD,2.58,2021-06-22,3.34,29.46,23.0,2020-12-11,2.66,OPEN,3.1,6.0,40.0,11.0
-,8206.HK,2020-08-03,HKD,0.14,2021-06-17,0.27,92.86,74.0,2020-12-11,0.08,OPEN,-42.86,-83.0,41.0,-46.0
-,0778.HK,2020-08-03,HKD,6.73,2021-02-07,7.44,10.55,14.0,2020-12-11,7.24,OPEN,7.58,15.0,69.0,72.0
-,0689.HK,2020-08-03,HKD,0.04,2021-03-24,0.12,200.0,216.0,2020-12-11,0.09,OPEN,125.0,242.0,56.0,62.0
-,1200.HK,2020-08-03,HKD,0.75,2021-05-17,1.15,53.33,47.0,2020-12-11,0.71,OPEN,-5.33,-10.0,45.0,-10.0
-,0689.HK,2020-08-03,HKD,0.04,2021-03-01,0.11,175.0,210.0,2020-12-11,0.09,OPEN,125.0,242.0,62.0,71.0
-,0388.HK,2020-08-03,HKD,371.2,2021-06-17,454.42,22.42,18.0,2020-12-11,386.0,OPEN,3.99,8.0,41.0,18.0
-,87001.HK,2020-08-03,HKD,1.98,2020-12-15,2.03,2.53,5.0,2020-12-11,1.84,OPEN,-7.07,-14.0,97.0,-280.0
-,87001.HK,2020-08-03,HKD,1.98,2021-02-04,2.06,4.04,6.0,2020-12-11,1.84,OPEN,-7.07,-14.0,70.0,-175.0
-,0388.HK,2020-08-03,HKD,371.2,2021-02-13,429.22,15.63,20.0,2020-12-11,386.0,OPEN,3.99,8.0,67.0,26.0
-,1415.HK,2020-08-03,HKD,3.62,2021-07-27,7.11,96.41,68.0,2020-12-11,5.82,OPEN,60.77,118.0,36.0,63.0
-,0052.HK,2020-08-03,HKD,16.8,2021-05-07,19.87,18.27,17.0,2020-12-11,17.98,OPEN,7.02,14.0,47.0,38.0
-,1076.HK,2020-08-03,HKD,0.03,2021-07-12,0.04,33.33,24.0,2020-12-11,0.01,OPEN,-66.67,-129.0,38.0,-200.0
-,0173.HK,2020-08-03,HKD,3.26,2021-06-26,4.37,34.05,26.0,2020-12-11,3.85,OPEN,18.1,35.0,40.0,53.0
-,ASX-RWC,2020-08-04,AUD,2.63,2020-12-30,3.79,44.11,75.0,2020-08-27,3.79,CLOSED,44.11,483.0,16.0,100.0
-,ASX-RWC,2020-08-04,AUD,2.63,2021-02-17,4.08,55.13,71.0,2020-10-01,4.08,CLOSED,55.13,240.0,29.0,100.0
-,ASX-SCG,2020-08-04,AUD,2.02,2021-05-29,2.63,30.2,26.0,2020-11-10,2.63,CLOSED,30.2,78.0,33.0,100.0
-,ASX-SCG,2020-08-04,AUD,2.02,2021-01-01,2.32,14.85,25.0,2020-09-17,2.32,CLOSED,14.85,85.0,29.0,100.0
-,ASX-SYR,2020-08-04,AUD,0.37,2021-04-27,0.61,64.86,61.0,2020-11-17,0.61,CLOSED,64.86,156.0,39.0,100.0
-,ASX-SYR,2020-08-04,AUD,0.37,2021-03-25,0.89,140.54,152.0,2020-11-30,0.89,CLOSED,140.54,300.0,51.0,100.0
-,ASX-MND,2020-08-04,AUD,8.26,2021-04-25,10.7,29.54,28.0,2020-08-20,10.7,CLOSED,29.54,465.0,6.0,100.0
-,ASX-WEB,2020-08-04,AUD,2.74,2021-07-06,3.87,41.24,31.0,2020-09-08,3.87,CLOSED,41.24,297.0,10.0,100.0
-,ASX-GPT,2020-08-04,AUD,3.93,2021-02-23,4.27,8.65,11.0,2020-10-26,4.27,CLOSED,8.65,26.0,41.0,100.0
-,ASX-SCG,2020-08-04,AUD,2.02,2020-11-21,2.12,4.95,11.0,2020-08-12,2.12,CLOSED,4.95,156.0,7.0,100.0
-,ASX-GMA,2020-08-04,AUD,1.67,2020-10-16,1.81,8.38,29.0,2020-10-16,1.695,CLOSED,1.5,5.0,100.0,18.0
-,ASX-BGA,2020-08-04,AUD,4.59,2021-01-15,5.14,11.98,18.0,2020-08-27,5.14,CLOSED,11.98,131.0,14.0,100.0
-,ASX-MND,2020-08-04,AUD,8.26,2020-10-25,9.88,19.61,60.0,2020-08-18,9.88,CLOSED,19.61,353.0,17.0,100.0
-,ASX-GMA,2020-08-04,AUD,1.67,2020-12-07,1.78,6.59,13.0,2020-11-05,1.78,CLOSED,6.59,18.0,74.0,100.0
-,ASX-CWN,2020-08-04,AUD,9.16,2020-10-14,9.65,5.35,19.0,2020-08-19,9.65,CLOSED,5.35,90.0,21.0,100.0
-,ASX-DXS,2020-08-04,AUD,8.58,2020-11-02,8.93,4.08,11.0,2020-09-03,8.93,CLOSED,4.08,34.0,33.0,100.0
-,ASX-GMA,2020-08-04,AUD,1.67,2020-12-27,1.78,6.59,11.0,2020-11-05,1.78,CLOSED,6.59,18.0,64.0,100.0
-,0400.HK,2020-08-04,HKD,1.31,2020-08-26,1.36,3.82,44.0,2020-08-05,1.36,CLOSED,3.82,963.0,5.0,100.0
-,0400.HK,2020-08-04,HKD,1.31,2020-08-14,1.37,4.58,115.0,2020-08-05,1.37,CLOSED,4.58,1154.0,10.0,100.0
-,0400.HK,2020-08-04,HKD,1.31,2020-09-08,1.45,10.69,77.0,2020-08-25,1.45,CLOSED,10.69,128.0,60.0,100.0
-,3993.HK,2020-08-04,HKD,3.38,2020-12-04,4.14,22.49,46.0,2020-12-04,3.71,CLOSED,9.76,20.0,100.0,43.0
-,0510.HK,2020-08-04,HKD,0.03,2021-02-24,0.04,33.33,41.0,2020-09-07,0.04,CLOSED,33.33,247.0,17.0,100.0
-,1299.HK,2020-08-04,HKD,72.2,2021-03-13,86.82,20.25,23.0,2020-11-10,86.82,CLOSED,20.25,52.0,44.0,100.0
-,2588.HK,2020-08-04,HKD,45.8,2020-10-06,50.57,10.41,42.0,2020-08-13,50.57,CLOSED,10.41,291.0,14.0,100.0
-,2588.HK,2020-08-04,HKD,45.8,2020-12-19,54.9,19.87,37.0,2020-08-21,54.9,CLOSED,19.87,295.0,12.0,100.0
-,2588.HK,2020-08-04,HKD,45.8,2021-01-12,53.81,17.49,27.0,2020-08-21,53.81,CLOSED,17.49,259.0,11.0,100.0
-,0102.HK,2020-08-04,HKD,0.47,2020-11-03,0.63,34.04,94.0,2020-10-05,0.63,CLOSED,34.04,138.0,68.0,100.0
-,0102.HK,2020-08-04,HKD,0.47,2021-02-16,0.91,93.62,120.0,2020-10-20,0.91,CLOSED,93.62,306.0,39.0,100.0
-,0102.HK,2020-08-04,HKD,0.47,2020-12-30,0.83,76.6,130.0,2020-10-16,0.83,CLOSED,76.6,264.0,49.0,100.0
-,8206.HK,2020-08-04,HKD,0.15,2020-11-04,0.21,40.0,110.0,2020-11-04,0.08,CLOSED,-46.67,-128.0,100.0,-117.0
-,1299.HK,2020-08-04,HKD,72.2,2020-12-10,79.75,10.46,21.0,2020-08-28,79.75,CLOSED,10.46,110.0,19.0,100.0
-,0459.HK,2020-08-04,HKD,0.08,2020-11-17,0.12,50.0,120.0,2020-08-20,0.12,CLOSED,50.0,788.0,15.0,100.0
-,2208.HK,2020-08-04,HKD,8.07,2021-04-06,10.43,29.24,30.0,2020-10-15,10.43,CLOSED,29.24,102.0,29.0,100.0
-,0992.HK,2020-08-04,HKD,4.86,2021-04-17,5.36,10.29,10.0,2020-08-28,5.36,CLOSED,10.29,108.0,9.0,100.0
-,0011.HK,2020-08-04,HKD,119.0,2021-07-20,131.66,10.64,8.0,2020-11-10,131.66,CLOSED,10.64,27.0,28.0,100.0
-,0689.HK,2020-08-04,HKD,0.04,2020-12-16,0.07,75.0,141.0,2020-12-01,0.07,CLOSED,75.0,159.0,89.0,100.0
-,0083.HK,2020-08-04,HKD,9.48,2021-06-21,10.59,11.71,9.0,2020-11-30,10.59,CLOSED,11.71,25.0,37.0,100.0
-,0880.HK,2020-08-04,HKD,8.96,2020-12-15,10.57,17.97,34.0,2020-08-11,10.57,CLOSED,17.97,647.0,5.0,100.0
-,2600.HK,2020-08-04,HKD,2.15,2021-01-15,2.43,13.02,20.0,2020-11-23,2.43,CLOSED,13.02,30.0,68.0,100.0
-,1299.HK,2020-08-04,HKD,72.2,2020-10-03,76.29,5.66,24.0,2020-08-13,76.29,CLOSED,5.66,158.0,15.0,100.0
-,0992.HK,2020-08-04,HKD,4.86,2020-09-29,4.98,2.47,11.0,2020-08-13,4.98,CLOSED,2.47,69.0,16.0,100.0
-,0992.HK,2020-08-04,HKD,4.86,2020-10-08,5.05,3.91,15.0,2020-08-13,5.05,CLOSED,3.91,109.0,14.0,100.0
-,0689.HK,2020-08-04,HKD,0.04,2021-01-10,0.08,100.0,158.0,2020-12-10,0.08,CLOSED,100.0,197.0,81.0,100.0
-,0435.HK,2020-08-04,HKD,3.64,2020-12-17,3.81,4.67,9.0,2020-08-24,3.81,CLOSED,4.67,59.0,15.0,100.0
-,0011.HK,2020-08-04,HKD,119.0,2021-08-01,128.51,7.99,6.0,2020-11-10,128.51,CLOSED,7.99,21.0,27.0,100.0
-,MA,2020-08-04,USD,314.39,2020-11-26,363.97,15.77,35.0,2020-08-28,363.97,CLOSED,15.77,166.0,21.0,100.0
-,PSA,2020-08-04,USD,201.38,2020-12-18,219.36,8.93,17.0,2020-09-09,219.36,CLOSED,8.93,63.0,26.0,100.0
-,PSA,2020-08-04,USD,201.38,2021-07-08,232.47,15.44,12.0,2020-10-05,232.47,CLOSED,15.44,63.0,18.0,100.0
-,MA,2020-08-04,USD,314.39,2020-10-19,337.28,7.28,24.0,2020-08-20,337.28,CLOSED,7.28,115.0,21.0,100.0
-,ZNH,2020-08-04,USD,23.58,2021-05-17,30.1,27.65,24.0,2020-09-09,30.1,CLOSED,27.65,194.0,13.0,100.0
-,MA,2020-08-04,USD,314.39,2020-09-10,327.12,4.05,28.0,2020-08-05,327.12,CLOSED,4.05,1021.0,3.0,100.0
-,PSA,2020-08-04,USD,201.38,2020-10-24,209.76,4.16,13.0,2020-08-27,209.76,CLOSED,4.16,46.0,28.0,100.0
-,HPQ,2020-08-04,USD,17.89,2021-06-21,19.85,10.96,9.0,2020-08-28,19.85,CLOSED,10.96,115.0,7.0,100.0
-,ASX-NXT,2020-08-04,AUD,12.01,2021-04-14,14.55,21.15,21.0,2020-12-11,11.85,OPEN,-1.33,-3.0,51.0,-6.0
-,ASX-NXT,2020-08-04,AUD,12.01,2021-03-04,14.89,23.98,29.0,2020-12-11,11.85,OPEN,-1.33,-3.0,61.0,-6.0
-,ASX-BKL,2020-08-04,AUD,72.0,2021-06-24,82.66,14.81,12.0,2020-12-11,81.85,OPEN,13.68,27.0,40.0,92.0
-,ASX-CMW,2020-08-04,AUD,0.91,2021-03-28,1.02,12.09,13.0,2020-12-11,0.905,OPEN,-0.55,-1.0,55.0,-5.0
-,1113.HK,2020-08-04,HKD,43.75,2021-02-07,49.74,13.69,18.0,2020-12-11,43.25,OPEN,-1.14,-2.0,69.0,-8.0
-,1113.HK,2020-08-04,HKD,43.75,2021-02-01,49.47,13.07,18.0,2020-12-11,43.25,OPEN,-1.14,-2.0,71.0,-9.0
-,2208.HK,2020-08-04,HKD,8.07,2021-04-11,16.73,107.31,108.0,2020-12-11,11.96,OPEN,48.2,94.0,52.0,45.0
-,2600.HK,2020-08-04,HKD,2.15,2021-05-09,3.36,56.28,51.0,2020-12-11,2.78,OPEN,29.3,57.0,46.0,52.0
-,8206.HK,2020-08-04,HKD,0.15,2021-06-18,0.29,93.33,74.0,2020-12-11,0.08,OPEN,-46.67,-91.0,41.0,-50.0
-,0435.HK,2020-08-04,HKD,3.64,2021-05-14,4.22,15.93,14.0,2020-12-11,3.81,OPEN,4.67,9.0,46.0,29.0
-,0435.HK,2020-08-04,HKD,3.64,2021-03-30,4.16,14.29,15.0,2020-12-11,3.81,OPEN,4.67,9.0,54.0,33.0
-,0689.HK,2020-08-04,HKD,0.04,2021-03-25,0.12,200.0,216.0,2020-12-11,0.09,OPEN,125.0,244.0,55.0,62.0
-,0689.HK,2020-08-04,HKD,0.04,2021-03-02,0.11,175.0,210.0,2020-12-11,0.09,OPEN,125.0,244.0,61.0,71.0
-,0066.HK,2020-08-04,HKD,39.65,2021-05-23,46.58,17.48,15.0,2020-12-11,43.35,OPEN,9.33,18.0,44.0,53.0
-,0083.HK,2020-08-04,HKD,9.48,2021-07-08,11.11,17.19,13.0,2020-12-11,10.56,OPEN,11.39,22.0,38.0,66.0
-,1428.HK,2020-08-04,HKD,2.01,2021-01-05,2.57,27.86,46.0,2020-12-11,1.97,OPEN,-1.99,-4.0,84.0,-7.0
-,1076.HK,2020-08-04,HKD,0.03,2021-07-13,0.04,33.33,24.0,2020-12-11,0.01,OPEN,-66.67,-130.0,38.0,-200.0
-,2328.HK,2020-08-04,HKD,6.25,2021-06-30,7.97,27.52,21.0,2020-12-11,6.01,OPEN,-3.84,-8.0,39.0,-14.0
-,0200.HK,2020-08-04,HKD,15.04,2021-02-18,19.25,27.99,36.0,2020-12-11,15.5,OPEN,3.06,6.0,65.0,11.0
-,MA,2020-08-04,USD,314.39,2021-05-18,410.78,30.66,27.0,2020-12-11,327.42,OPEN,4.14,8.0,45.0,14.0
-,ORCL,2020-08-04,USD,56.0,2021-06-30,63.95,14.2,11.0,2020-12-11,60.61,OPEN,8.23,16.0,39.0,58.0
-,ASX-IPL,2020-08-05,AUD,2.04,2021-05-11,2.35,15.2,14.0,2020-11-19,2.35,CLOSED,15.2,36.0,38.0,100.0
-,ASX-SUL,2020-08-05,AUD,8.83,2020-08-26,9.21,4.3,52.0,2020-08-10,9.21,CLOSED,4.3,217.0,24.0,100.0
-,ASX-SUL,2020-08-05,AUD,8.83,2021-07-09,10.21,15.63,12.0,2020-08-21,10.21,CLOSED,15.63,246.0,5.0,100.0
-,ASX-IPL,2020-08-05,AUD,2.04,2021-06-13,2.31,13.24,11.0,2020-11-18,2.31,CLOSED,13.24,32.0,34.0,100.0
-,ASX-CSL,2020-08-05,AUD,278.15,2021-05-14,293.53,5.53,5.0,2020-08-19,293.53,CLOSED,5.53,100.0,5.0,100.0
-,ASX-CSL,2020-08-05,AUD,278.15,2021-04-14,304.3,9.4,9.0,2020-08-19,304.3,CLOSED,9.4,169.0,6.0,100.0
-,0510.HK,2020-08-05,HKD,0.03,2021-02-25,0.04,33.33,41.0,2020-09-07,0.04,CLOSED,33.33,255.0,16.0,100.0
-,0102.HK,2020-08-05,HKD,0.51,2020-11-04,0.68,33.33,92.0,2020-10-06,0.68,CLOSED,33.33,135.0,68.0,100.0
-,0102.HK,2020-08-05,HKD,0.51,2021-02-17,0.99,94.12,121.0,2020-10-22,0.99,CLOSED,94.12,304.0,40.0,100.0
-,0102.HK,2020-08-05,HKD,0.51,2020-12-31,0.9,76.47,130.0,2020-10-20,0.9,CLOSED,76.47,254.0,51.0,100.0
-,87001.HK,2020-08-05,HKD,1.74,2020-12-17,1.79,2.87,5.0,2020-08-06,1.79,CLOSED,2.87,723.0,1.0,100.0
-,87001.HK,2020-08-05,HKD,1.74,2021-02-06,1.81,4.02,5.0,2020-08-06,1.81,CLOSED,4.02,1013.0,1.0,100.0
-,0459.HK,2020-08-05,HKD,0.08,2020-11-18,0.12,50.0,120.0,2020-08-20,0.12,CLOSED,50.0,840.0,14.0,100.0
-,0019.HK,2020-08-05,HKD,39.8,2021-07-02,46.88,17.79,14.0,2020-11-18,46.88,CLOSED,17.79,43.0,32.0,100.0
-,0992.HK,2020-08-05,HKD,4.88,2021-04-18,5.39,10.45,10.0,2020-08-31,5.39,CLOSED,10.45,101.0,10.0,100.0
-,0696.HK,2020-08-05,HKD,15.1,2021-06-10,19.53,29.34,24.0,2020-11-10,19.53,CLOSED,29.34,76.0,31.0,100.0
-,87001.HK,2020-08-05,HKD,1.74,2020-11-19,1.78,2.3,5.0,2020-08-06,1.78,CLOSED,2.3,580.0,1.0,100.0
-,0689.HK,2020-08-05,HKD,0.04,2020-12-17,0.07,75.0,141.0,2020-12-01,0.07,CLOSED,75.0,160.0,88.0,100.0
-,87001.HK,2020-08-05,HKD,1.74,2020-10-09,1.77,1.72,7.0,2020-08-06,1.77,CLOSED,1.72,433.0,2.0,100.0
-,0354.HK,2020-08-05,HKD,6.14,2021-04-14,7.24,17.92,18.0,2020-11-13,7.24,CLOSED,17.92,45.0,40.0,100.0
-,0753.HK,2020-08-05,HKD,4.92,2021-06-22,6.74,36.99,29.0,2020-12-03,6.74,CLOSED,36.99,78.0,37.0,100.0
-,0880.HK,2020-08-05,HKD,9.03,2020-12-16,10.65,17.94,34.0,2020-08-25,10.65,CLOSED,17.94,226.0,15.0,100.0
-,2600.HK,2020-08-05,HKD,2.25,2021-01-16,2.55,13.33,20.0,2020-11-23,2.55,CLOSED,13.33,31.0,67.0,100.0
-,87001.HK,2020-08-05,HKD,1.74,2020-12-10,1.77,1.72,3.0,2020-08-06,1.77,CLOSED,1.72,433.0,1.0,100.0
-,0992.HK,2020-08-05,HKD,4.88,2020-09-30,5.01,2.66,12.0,2020-08-13,5.01,CLOSED,2.66,84.0,14.0,100.0
-,0992.HK,2020-08-05,HKD,4.88,2020-10-09,5.07,3.89,15.0,2020-08-13,5.07,CLOSED,3.89,123.0,12.0,100.0
-,0689.HK,2020-08-05,HKD,0.04,2021-01-11,0.08,100.0,158.0,2020-12-10,0.08,CLOSED,100.0,198.0,80.0,100.0
-,0700.HK,2020-08-05,HKD,561.0,2020-10-06,596.68,6.36,26.0,2020-10-06,527.5,CLOSED,-5.97,-24.0,100.0,-94.0
-,ASX-CPU,2020-08-05,AUD,13.59,2021-06-20,15.14,11.41,9.0,2020-12-11,14.48,OPEN,6.55,13.0,40.0,57.0
-,2600.HK,2020-08-05,HKD,2.25,2021-05-10,3.52,56.44,51.0,2020-12-11,2.78,OPEN,23.56,46.0,46.0,42.0
-,0700.HK,2020-08-05,HKD,561.0,2021-01-24,709.27,26.43,39.0,2020-12-11,588.0,OPEN,4.81,9.0,74.0,18.0
-,0700.HK,2020-08-05,HKD,561.0,2020-12-27,702.04,25.14,44.0,2020-12-11,588.0,OPEN,4.81,9.0,89.0,19.0
-,0689.HK,2020-08-05,HKD,0.04,2021-03-26,0.12,200.0,216.0,2020-12-11,0.09,OPEN,125.0,246.0,55.0,62.0
-,0689.HK,2020-08-05,HKD,0.04,2021-03-03,0.11,175.0,210.0,2020-12-11,0.09,OPEN,125.0,246.0,61.0,71.0
-,0006.HK,2020-08-05,HKD,43.45,2021-07-10,47.28,8.81,7.0,2020-12-11,41.15,OPEN,-5.29,-10.0,38.0,-60.0
-,3898.HK,2020-08-05,HKD,29.2,2021-02-06,40.18,37.6,51.0,2020-12-11,24.6,OPEN,-15.75,-31.0,69.0,-42.0
-,3898.HK,2020-08-05,HKD,29.2,2021-04-23,39.38,34.86,34.0,2020-12-11,24.6,OPEN,-15.75,-31.0,49.0,-45.0
-,0354.HK,2020-08-05,HKD,6.14,2021-06-09,8.82,43.65,36.0,2020-12-11,7.6,OPEN,23.78,47.0,42.0,54.0
-,ASX-GXY,2020-08-06,AUD,1.29,2020-08-31,1.57,21.71,219.0,2020-08-31,1.235,CLOSED,-4.26,-43.0,100.0,-20.0
-,ASX-GXY,2020-08-06,AUD,1.29,2020-10-23,1.73,34.11,110.0,2020-10-23,1.35,CLOSED,4.65,15.0,100.0,14.0
-,ASX-GXY,2020-08-06,AUD,1.29,2020-10-09,1.5,16.28,64.0,2020-09-17,1.5,CLOSED,16.28,98.0,66.0,100.0
-,1881.HK,2020-08-06,HKD,1.13,2021-07-05,1.3,15.04,11.0,2020-11-11,1.3,CLOSED,15.04,39.0,29.0,100.0
-,1881.HK,2020-08-06,HKD,1.13,2021-06-01,1.31,15.93,13.0,2020-11-11,1.31,CLOSED,15.93,41.0,32.0,100.0
-,8206.HK,2020-08-06,HKD,0.11,2020-11-06,0.15,36.36,100.0,2020-11-06,0.09,CLOSED,-18.18,-50.0,100.0,-50.0
-,1881.HK,2020-08-06,HKD,1.13,2021-06-20,1.29,14.16,11.0,2020-11-10,1.29,CLOSED,14.16,37.0,30.0,100.0
-,87001.HK,2020-08-06,HKD,1.82,2020-12-18,1.87,2.75,5.0,2020-11-26,1.87,CLOSED,2.75,6.0,84.0,100.0
-,87001.HK,2020-08-06,HKD,1.82,2021-02-07,1.89,3.85,5.0,2020-11-26,1.89,CLOSED,3.85,9.0,61.0,100.0
-,0459.HK,2020-08-06,HKD,0.08,2020-11-19,0.12,50.0,120.0,2020-08-20,0.12,CLOSED,50.0,900.0,13.0,100.0
-,0992.HK,2020-08-06,HKD,4.8,2021-04-19,5.3,10.42,10.0,2020-08-28,5.3,CLOSED,10.42,119.0,9.0,100.0
-,1881.HK,2020-08-06,HKD,1.13,2021-06-20,1.27,12.39,10.0,2020-08-26,1.27,CLOSED,12.39,156.0,6.0,100.0
-,87001.HK,2020-08-06,HKD,1.82,2020-11-20,1.86,2.2,5.0,2020-11-20,1.8,CLOSED,-1.1,-3.0,100.0,-50.0
-,0689.HK,2020-08-06,HKD,0.04,2020-12-18,0.07,75.0,141.0,2020-12-01,0.07,CLOSED,75.0,162.0,87.0,100.0
-,87001.HK,2020-08-06,HKD,1.82,2020-10-10,1.86,2.2,9.0,2020-10-09,1.54,CLOSED,-15.38,-61.0,98.0,-700.0
-,0880.HK,2020-08-06,HKD,8.92,2020-12-17,10.52,17.94,34.0,2020-08-11,10.52,CLOSED,17.94,904.0,4.0,100.0
-,2600.HK,2020-08-06,HKD,2.27,2021-01-17,2.57,13.22,20.0,2020-11-23,2.57,CLOSED,13.22,31.0,66.0,100.0
-,87001.HK,2020-08-06,HKD,1.82,2020-12-11,1.85,1.65,3.0,2020-11-25,1.85,CLOSED,1.65,4.0,87.0,100.0
-,0992.HK,2020-08-06,HKD,4.8,2020-10-01,4.92,2.5,11.0,2020-08-11,4.92,CLOSED,2.5,126.0,9.0,100.0
-,0992.HK,2020-08-06,HKD,4.8,2020-10-10,4.99,3.96,15.0,2020-08-13,4.99,CLOSED,3.96,143.0,11.0,100.0
-,0689.HK,2020-08-06,HKD,0.04,2021-01-12,0.08,100.0,158.0,2020-12-10,0.08,CLOSED,100.0,200.0,79.0,100.0
-,0467.HK,2020-08-06,HKD,1.46,2020-10-17,1.68,15.07,53.0,2020-10-16,1.02,CLOSED,-30.14,-107.0,99.0,-200.0
-,ITA,2020-08-06,USD,164.86,2020-12-04,175.15,6.24,13.0,2020-08-11,175.15,CLOSED,6.24,314.0,4.0,100.0
-,SCCO,2020-08-06,USD,46.17,2021-04-28,56.32,21.98,21.0,2020-11-09,56.32,CLOSED,21.98,58.0,36.0,100.0
-,XBI,2020-08-06,USD,113.81,2020-12-26,125.7,10.45,19.0,2020-11-05,125.7,CLOSED,10.45,29.0,64.0,100.0
-,DIS,2020-08-06,USD,130.82,2021-03-14,147.8,12.98,15.0,2020-11-24,147.8,CLOSED,12.98,30.0,50.0,100.0
-,ITA,2020-08-06,USD,164.86,2021-07-18,189.72,15.08,11.0,2020-11-24,189.72,CLOSED,15.08,35.0,32.0,100.0
-,YUMC,2020-08-06,USD,54.26,2020-09-20,57.3,5.6,31.0,2020-08-31,57.3,CLOSED,5.6,56.0,56.0,100.0
-,XBI,2020-08-06,USD,113.81,2021-06-17,140.92,23.82,19.0,2020-12-09,140.92,CLOSED,23.82,48.0,40.0,100.0
-,XBI,2020-08-06,USD,113.81,2020-11-30,124.8,9.66,21.0,2020-11-05,124.8,CLOSED,9.66,27.0,78.0,100.0
-,LNVGY,2020-08-06,USD,12.33,2021-06-07,15.18,23.11,19.0,2020-12-10,15.18,CLOSED,23.11,46.0,41.0,100.0
-,ITA,2020-08-06,USD,164.86,2020-11-24,172.15,4.42,10.0,2020-08-11,172.15,CLOSED,4.42,223.0,5.0,100.0
-,YUMC,2020-08-06,USD,54.26,2020-12-05,58.27,7.39,15.0,2020-08-31,58.27,CLOSED,7.39,74.0,21.0,100.0
-,PX,2020-08-06,USD,0.23,2021-01-29,0.25,8.7,12.0,2020-08-19,0.25,CLOSED,8.7,169.0,7.0,100.0
-,DIS,2020-08-06,USD,130.82,2020-10-26,136.77,4.55,14.0,2020-08-28,136.77,CLOSED,4.55,52.0,27.0,100.0
-,CEA,2020-08-06,USD,18.56,2021-05-29,22.63,21.93,19.0,2020-09-08,22.63,CLOSED,21.93,167.0,11.0,100.0
-,FCX,2020-08-06,USD,14.56,2021-07-24,19.05,30.84,22.0,2020-11-05,19.05,CLOSED,30.84,85.0,26.0,100.0
-,SCCO,2020-08-06,USD,46.17,2020-12-03,50.02,8.34,18.0,2020-10-21,50.02,CLOSED,8.34,28.0,64.0,100.0
-,AMZN,2020-08-06,USD,3225.0,2020-10-20,3452.68,7.06,24.0,2020-08-27,3452.68,CLOSED,7.06,85.0,28.0,100.0
-,ITA,2020-08-06,USD,164.86,2020-09-14,168.27,2.07,13.0,2020-08-10,168.27,CLOSED,2.07,130.0,10.0,100.0
-,0002.HK,2020-08-06,HKD,73.8,2021-05-05,86.96,17.83,17.0,2020-12-11,71.0,OPEN,-3.79,-8.0,47.0,-21.0
-,2600.HK,2020-08-06,HKD,2.27,2021-05-11,3.55,56.39,51.0,2020-12-11,2.78,OPEN,22.47,45.0,46.0,40.0
-,8206.HK,2020-08-06,HKD,0.11,2021-06-20,0.21,90.91,72.0,2020-12-11,0.08,OPEN,-27.27,-54.0,40.0,-30.0
-,0689.HK,2020-08-06,HKD,0.04,2021-03-27,0.12,200.0,216.0,2020-12-11,0.09,OPEN,125.0,248.0,55.0,62.0
-,0002.HK,2020-08-06,HKD,73.8,2021-01-12,78.35,6.17,10.0,2020-12-11,71.0,OPEN,-3.79,-8.0,80.0,-62.0
-,0689.HK,2020-08-06,HKD,0.04,2021-03-04,0.11,175.0,210.0,2020-12-11,0.09,OPEN,125.0,248.0,60.0,71.0
-,0670.HK,2020-08-06,HKD,2.88,2021-06-27,4.36,51.39,40.0,2020-12-11,3.59,OPEN,24.65,49.0,39.0,48.0
-,2800.HK,2020-08-06,HKD,25.6,2021-04-12,28.48,11.25,11.0,2020-12-11,26.7,OPEN,4.3,9.0,51.0,38.0
-,2628.HK,2020-08-06,HKD,18.5,2021-06-30,21.99,18.86,14.0,2020-12-11,17.1,OPEN,-7.57,-15.0,39.0,-40.0
-,YUMC,2020-08-06,USD,54.26,2020-12-22,61.32,13.01,24.0,2020-12-11,56.79,OPEN,4.66,9.0,92.0,36.0
-,AMZN,2020-08-06,USD,3225.0,2021-02-13,4250.55,31.8,42.0,2020-12-11,3116.42,OPEN,-3.37,-7.0,66.0,-11.0
-,AMZN,2020-08-06,USD,3225.0,2021-03-16,4113.16,27.54,31.0,2020-12-11,3116.42,OPEN,-3.37,-7.0,57.0,-12.0
-,SCCO,2020-08-06,USD,46.17,2021-08-04,62.1,34.5,24.0,2020-12-11,59.76,OPEN,29.43,58.0,35.0,85.0
-,EOG,2020-08-06,USD,50.89,2021-03-22,57.83,13.64,15.0,2020-12-11,53.6,OPEN,5.33,11.0,56.0,39.0
-,ASX-CAR,2020-08-07,AUD,18.77,2021-06-03,21.59,15.02,13.0,2020-10-07,21.59,CLOSED,15.02,62.0,20.0,100.0
-,ASX-CAR,2020-08-07,AUD,18.77,2021-05-29,22.75,21.2,18.0,2020-10-23,22.75,CLOSED,21.2,69.0,26.0,100.0
-,ASX-GOZ,2020-08-07,AUD,3.1,2021-06-30,3.43,10.65,8.0,2020-08-28,3.43,CLOSED,10.65,128.0,6.0,100.0
-,ASX-BKL,2020-08-07,AUD,72.23,2021-03-13,79.08,9.48,11.0,2020-11-12,79.08,CLOSED,9.48,25.0,44.0,100.0
-,ASX-GOZ,2020-08-07,AUD,3.1,2021-03-01,3.35,8.06,10.0,2020-08-25,3.35,CLOSED,8.06,113.0,9.0,100.0
-,ASX-BWP,2020-08-07,AUD,3.91,2021-04-09,4.17,6.65,7.0,2020-09-17,4.17,CLOSED,6.65,41.0,17.0,100.0
-,ASX-BKW,2020-08-07,AUD,16.53,2021-06-19,18.34,10.95,9.0,2020-09-17,18.34,CLOSED,10.95,67.0,13.0,100.0
-,ASX-DMP,2020-08-07,AUD,75.53,2021-03-30,86.87,15.01,16.0,2020-08-26,86.87,CLOSED,15.01,199.0,8.0,100.0
-,ASX-DXS,2020-08-07,AUD,8.36,2020-11-17,8.84,5.74,14.0,2020-08-31,8.84,CLOSED,5.74,60.0,24.0,100.0
-,ASX-DMP,2020-08-07,AUD,75.53,2021-06-26,97.78,29.46,23.0,2020-10-21,97.78,CLOSED,29.46,99.0,23.0,100.0
-,ASX-CAR,2020-08-07,AUD,18.77,2020-11-18,20.24,7.83,19.0,2020-08-20,20.24,CLOSED,7.83,152.0,13.0,100.0
-,ASX-GPT,2020-08-07,AUD,3.83,2021-02-26,4.16,8.62,11.0,2020-10-05,4.16,CLOSED,8.62,37.0,29.0,100.0
-,ASX-GMA,2020-08-07,AUD,1.54,2020-10-19,1.67,8.44,29.0,2020-08-11,1.67,CLOSED,8.44,532.0,5.0,100.0
-,ASX-QUB,2020-08-07,AUD,2.78,2020-11-06,2.97,6.83,19.0,2020-11-06,2.87,CLOSED,3.24,9.0,100.0,47.0
-,ASX-BKW,2020-08-07,AUD,16.53,2021-03-01,18.06,9.26,11.0,2020-08-25,18.06,CLOSED,9.26,130.0,9.0,100.0
-,ASX-ORA,2020-08-07,AUD,2.33,2020-11-25,2.43,4.29,10.0,2020-09-23,2.43,CLOSED,4.29,23.0,43.0,100.0
-,ASX-GMA,2020-08-07,AUD,1.54,2020-12-10,1.64,6.49,13.0,2020-08-11,1.64,CLOSED,6.49,409.0,3.0,100.0
-,ASX-DXS,2020-08-07,AUD,8.36,2020-11-05,8.7,4.07,11.0,2020-08-20,8.7,CLOSED,4.07,79.0,14.0,100.0
-,ASX-GMA,2020-08-07,AUD,1.54,2020-12-30,1.64,6.49,11.0,2020-08-11,1.64,CLOSED,6.49,409.0,3.0,100.0
-,ASX-IRE,2020-08-07,AUD,10.33,2020-11-19,10.84,4.94,12.0,2020-08-18,10.84,CLOSED,4.94,113.0,11.0,100.0
-,ASX-DMP,2020-08-07,AUD,75.53,2020-11-11,80.32,6.34,17.0,2020-08-19,80.32,CLOSED,6.34,133.0,12.0,100.0
-,0510.HK,2020-08-07,HKD,0.03,2021-08-04,0.06,100.0,70.0,2020-09-07,0.06,CLOSED,100.0,813.0,9.0,100.0
-,0459.HK,2020-08-07,HKD,0.08,2020-11-20,0.12,50.0,120.0,2020-08-20,0.12,CLOSED,50.0,969.0,12.0,100.0
-,0992.HK,2020-08-07,HKD,4.73,2021-04-20,5.22,10.36,10.0,2020-08-19,5.22,CLOSED,10.36,218.0,5.0,100.0
-,2018.HK,2020-08-07,HKD,61.25,2020-09-23,65.21,6.47,35.0,2020-09-23,43.55,CLOSED,-28.9,-155.0,100.0,-447.0
-,0689.HK,2020-08-07,HKD,0.04,2020-12-19,0.07,75.0,141.0,2020-12-01,0.07,CLOSED,75.0,163.0,87.0,100.0
-,0166.HK,2020-08-07,HKD,0.05,2021-01-23,0.06,20.0,30.0,2020-08-11,0.06,CLOSED,20.0,1260.0,2.0,100.0
-,0880.HK,2020-08-07,HKD,9.22,2020-12-18,10.87,17.9,34.0,2020-08-25,10.87,CLOSED,17.9,251.0,14.0,100.0
-,2600.HK,2020-08-07,HKD,2.18,2021-01-18,2.47,13.3,20.0,2020-11-23,2.47,CLOSED,13.3,31.0,66.0,100.0
-,1428.HK,2020-08-07,HKD,2.11,2020-10-21,2.36,11.85,40.0,2020-10-21,1.93,CLOSED,-8.53,-29.0,100.0,-72.0
-,0992.HK,2020-08-07,HKD,4.73,2020-10-02,4.85,2.54,11.0,2020-08-11,4.85,CLOSED,2.54,160.0,7.0,100.0
-,0992.HK,2020-08-07,HKD,4.73,2020-10-11,4.92,4.02,16.0,2020-08-11,4.92,CLOSED,4.02,253.0,6.0,100.0
-,0689.HK,2020-08-07,HKD,0.04,2021-01-13,0.08,100.0,158.0,2020-12-10,0.08,CLOSED,100.0,202.0,79.0,100.0
-,IBB,2020-08-07,USD,136.23,2021-02-07,150.25,10.29,14.0,2020-12-08,150.25,CLOSED,10.29,21.0,67.0,100.0
-,IBB,2020-08-07,USD,136.23,2020-12-06,143.6,5.41,11.0,2020-10-12,143.6,CLOSED,5.41,21.0,55.0,100.0
-,ASX-ORA,2020-08-07,AUD,2.33,2021-07-13,3.09,32.62,24.0,2020-12-11,2.67,OPEN,14.59,29.0,37.0,45.0
-,ASX-QUB,2020-08-07,AUD,2.78,2021-04-22,3.26,17.27,17.0,2020-12-11,2.89,OPEN,3.96,8.0,49.0,23.0
-,ASX-QUB,2020-08-07,AUD,2.78,2021-06-15,3.31,19.06,15.0,2020-12-11,2.89,OPEN,3.96,8.0,40.0,21.0
-,ASX-IRE,2020-08-07,AUD,10.33,2021-06-19,11.88,15.0,12.0,2020-12-11,10.2,OPEN,-1.26,-3.0,40.0,-8.0
-,ASX-IRE,2020-08-07,AUD,10.33,2021-07-24,11.93,15.49,11.0,2020-12-11,10.2,OPEN,-1.26,-3.0,36.0,-8.0
-,2600.HK,2020-08-07,HKD,2.18,2021-05-12,3.41,56.42,51.0,2020-12-11,2.78,OPEN,27.52,55.0,45.0,49.0
-,0689.HK,2020-08-07,HKD,0.04,2021-03-28,0.12,200.0,216.0,2020-12-11,0.09,OPEN,125.0,250.0,54.0,62.0
-,0689.HK,2020-08-07,HKD,0.04,2021-03-05,0.11,175.0,210.0,2020-12-11,0.09,OPEN,125.0,250.0,60.0,71.0
-,1428.HK,2020-08-07,HKD,2.11,2020-12-21,2.68,27.01,50.0,2020-12-11,1.97,OPEN,-6.64,-13.0,93.0,-25.0
-,0052.HK,2020-08-07,HKD,17.12,2021-05-12,20.41,19.22,17.0,2020-12-11,17.98,OPEN,5.02,10.0,45.0,26.0
-,2328.HK,2020-08-07,HKD,6.22,2021-07-13,8.6,38.26,28.0,2020-12-11,6.01,OPEN,-3.38,-7.0,37.0,-9.0
-,ASX-CTD,2020-08-10,AUD,9.97,2020-12-10,12.2,22.37,46.0,2020-08-18,12.2,CLOSED,22.37,705.0,7.0,100.0
-,ASX-ECX,2020-08-10,AUD,1.44,2020-10-20,1.59,10.42,37.0,2020-08-20,1.59,CLOSED,10.42,263.0,14.0,100.0
-,ASX-LNK,2020-08-10,AUD,4.31,2021-02-22,4.98,15.55,20.0,2020-10-12,4.98,CLOSED,15.55,62.0,32.0,100.0
-,ASX-LNK,2020-08-10,AUD,4.31,2021-03-10,4.97,15.31,18.0,2020-10-12,4.97,CLOSED,15.31,61.0,30.0,100.0
-,ASX-CTD,2020-08-10,AUD,9.97,2020-12-12,11.81,18.46,38.0,2020-08-17,11.81,CLOSED,18.46,665.0,6.0,100.0
-,ASX-ECX,2020-08-10,AUD,1.44,2021-05-16,1.61,11.81,11.0,2020-09-28,1.61,CLOSED,11.81,61.0,18.0,100.0
-,ASX-S32,2020-08-10,AUD,2.22,2020-12-06,2.55,14.86,32.0,2020-12-03,2.55,CLOSED,14.86,33.0,97.0,100.0
-,ASX-CMW,2020-08-10,AUD,0.92,2021-02-14,1.0,8.7,12.0,2020-11-17,1.0,CLOSED,8.7,22.0,53.0,100.0
-,INDEXASX-XJO,2020-08-10,USD,6110.2,2021-01-01,6313.06,3.32,6.0,2020-11-10,6313.06,CLOSED,3.32,9.0,64.0,100.0
-,ASX-CTD,2020-08-10,AUD,9.97,2020-11-16,10.62,6.52,17.0,2020-08-12,10.62,CLOSED,6.52,822.0,2.0,100.0
-,ASX-SVW,2020-08-10,AUD,17.32,2021-02-12,20.44,18.01,24.0,2020-10-08,20.44,CLOSED,18.01,77.0,32.0,100.0
-,ASX-SGR,2020-08-10,AUD,2.77,2021-07-01,3.17,14.44,11.0,2020-08-21,3.17,CLOSED,14.44,331.0,3.0,100.0
-,ASX-CBA,2020-08-10,AUD,73.98,2021-03-18,79.02,6.81,8.0,2020-11-20,79.02,CLOSED,6.81,17.0,46.0,100.0
-,ASX-MMS,2020-08-10,AUD,9.18,2021-01-11,10.34,12.64,21.0,2020-11-10,10.34,CLOSED,12.64,35.0,60.0,100.0
-,ASX-GMA,2020-08-10,AUD,1.6,2020-10-22,1.74,8.75,30.0,2020-10-16,1.74,CLOSED,8.75,33.0,92.0,100.0
-,ASX-WEB,2020-08-10,AUD,3.24,2021-05-14,4.47,37.96,35.0,2020-11-10,4.47,CLOSED,37.96,104.0,33.0,100.0
-,ASX-CTD,2020-08-10,AUD,9.97,2020-09-09,10.47,5.02,42.0,2020-08-11,10.47,CLOSED,5.02,1265.0,3.0,100.0
-,INDEXASX-XJO,2020-08-10,USD,6110.2,2021-03-06,6430.37,5.24,6.0,2020-11-10,6430.37,CLOSED,5.24,14.0,44.0,100.0
-,STW,2020-08-10,USD,56.67,2021-01-24,58.38,3.02,5.0,2020-11-09,58.38,CLOSED,3.02,8.0,54.0,100.0
-,ASX-S32,2020-08-10,AUD,2.22,2020-12-08,2.39,7.66,16.0,2020-11-24,2.39,CLOSED,7.66,18.0,88.0,100.0
-,ASX-MQG,2020-08-10,AUD,126.42,2021-04-03,137.39,8.68,9.0,2020-11-10,137.39,CLOSED,8.68,24.0,39.0,100.0
-,STW,2020-08-10,USD,56.67,2021-03-04,58.45,3.14,4.0,2020-11-09,58.45,CLOSED,3.14,9.0,44.0,100.0
-,ASX-GMA,2020-08-10,AUD,1.6,2020-12-13,1.7,6.25,13.0,2020-08-11,1.7,CLOSED,6.25,1575.0,1.0,100.0
-,INDEXASX-XJO,2020-08-10,USD,6110.2,2020-10-13,6193.3,1.36,5.0,2020-08-19,6193.3,CLOSED,1.36,38.0,14.0,100.0
-,ASX-DXS,2020-08-10,AUD,8.49,2020-11-08,8.83,4.0,11.0,2020-08-31,8.83,CLOSED,4.0,48.0,23.0,100.0
-,ASX-GMA,2020-08-10,AUD,1.6,2021-01-02,1.71,6.87,12.0,2020-08-11,1.71,CLOSED,6.87,1731.0,1.0,100.0
-,ASX-MFG,2020-08-10,AUD,62.8,2020-11-03,68.11,8.46,25.0,2020-11-03,57.14,CLOSED,-9.01,-27.0,100.0,-107.0
-,1251.HK,2020-08-10,HKD,0.29,2020-10-19,0.39,34.48,124.0,2020-10-19,0.22,CLOSED,-24.14,-87.0,100.0,-70.0
-,2588.HK,2020-08-10,HKD,46.0,2021-01-06,54.27,17.98,30.0,2020-08-21,54.27,CLOSED,17.98,412.0,7.0,100.0
-,2588.HK,2020-08-10,HKD,46.0,2021-01-09,52.74,14.65,24.0,2020-08-21,52.74,CLOSED,14.65,336.0,7.0,100.0
-,1299.HK,2020-08-10,HKD,70.85,2021-02-06,78.88,11.33,16.0,2020-08-25,78.88,CLOSED,11.33,190.0,8.0,100.0
-,0510.HK,2020-08-10,HKD,0.03,2021-08-07,0.06,100.0,70.0,2020-09-07,0.06,CLOSED,100.0,900.0,8.0,100.0
-,2588.HK,2020-08-10,HKD,46.0,2020-10-05,49.84,8.35,38.0,2020-08-12,49.84,CLOSED,8.35,1052.0,4.0,100.0
-,0459.HK,2020-08-10,HKD,0.08,2020-11-23,0.12,50.0,120.0,2020-08-20,0.12,CLOSED,50.0,1260.0,10.0,100.0
-,0992.HK,2020-08-10,HKD,4.69,2021-04-23,5.18,10.45,10.0,2020-08-19,5.18,CLOSED,10.45,293.0,4.0,100.0
-,1299.HK,2020-08-10,HKD,70.85,2020-11-23,74.7,5.43,13.0,2020-08-12,74.7,CLOSED,5.43,684.0,2.0,100.0
-,0689.HK,2020-08-10,HKD,0.04,2020-12-22,0.07,75.0,141.0,2020-12-01,0.07,CLOSED,75.0,167.0,84.0,100.0
-,0166.HK,2020-08-10,HKD,0.05,2021-01-26,0.06,20.0,30.0,2020-08-11,0.06,CLOSED,20.0,5040.0,1.0,100.0
-,1788.HK,2020-08-10,HKD,1.16,2020-10-18,1.26,8.62,31.0,2020-08-17,1.26,CLOSED,8.62,310.0,10.0,100.0
-,2600.HK,2020-08-10,HKD,2.12,2021-01-21,2.4,13.21,20.0,2020-11-23,2.4,CLOSED,13.21,32.0,64.0,100.0
-,0992.HK,2020-08-10,HKD,4.69,2020-10-05,4.81,2.56,12.0,2020-08-11,4.81,CLOSED,2.56,645.0,2.0,100.0
-,0992.HK,2020-08-10,HKD,4.69,2020-10-14,4.87,3.84,15.0,2020-08-11,4.87,CLOSED,3.84,968.0,2.0,100.0
-,0689.HK,2020-08-10,HKD,0.04,2021-01-16,0.08,100.0,158.0,2020-12-10,0.08,CLOSED,100.0,207.0,77.0,100.0
-,0880.HK,2020-08-10,HKD,9.67,2021-06-08,10.97,13.44,11.0,2020-08-25,10.97,CLOSED,13.44,226.0,5.0,100.0
-,MMM,2020-08-10,USD,161.44,2021-01-21,174.53,8.11,12.0,2020-11-09,174.53,CLOSED,8.11,22.0,55.0,100.0
-,ESS,2020-08-10,USD,223.48,2021-01-29,239.93,7.36,11.0,2020-11-09,239.93,CLOSED,7.36,20.0,53.0,100.0
-,TRV,2020-08-10,USD,119.12,2021-04-30,128.27,7.68,7.0,2020-11-05,128.27,CLOSED,7.68,22.0,33.0,100.0
-,LMT,2020-08-10,USD,389.26,2020-11-22,409.42,5.18,13.0,2020-11-20,368.02,CLOSED,-5.46,-13.0,98.0,-105.0
-,USB,2020-08-10,USD,37.47,2021-07-21,41.55,10.89,8.0,2020-11-09,41.55,CLOSED,10.89,30.0,26.0,100.0
-,HON,2020-08-10,USD,159.43,2021-04-08,173.64,8.91,9.0,2020-09-03,173.64,CLOSED,8.91,94.0,10.0,100.0
-,AVB,2020-08-10,USD,153.8,2021-02-19,164.43,6.91,9.0,2020-11-09,164.43,CLOSED,6.91,19.0,47.0,100.0
-,EQR,2020-08-10,USD,55.36,2021-04-23,60.55,9.37,9.0,2020-11-09,60.55,CLOSED,9.37,26.0,36.0,100.0
-,ESS,2020-08-10,USD,223.48,2021-07-22,253.16,13.28,10.0,2020-11-09,253.16,CLOSED,13.28,37.0,26.0,100.0
-,HON,2020-08-10,USD,159.43,2021-01-25,167.02,4.76,7.0,2020-08-27,167.02,CLOSED,4.76,71.0,10.0,100.0
-,LVS,2020-08-10,USD,47.52,2021-04-29,59.16,24.49,24.0,2020-11-09,59.16,CLOSED,24.49,68.0,35.0,100.0
-,ESS,2020-08-10,USD,223.48,2020-12-14,231.86,3.75,8.0,2020-11-09,231.86,CLOSED,3.75,10.0,72.0,100.0
-,MO,2020-08-10,USD,43.22,2020-11-19,44.49,2.94,7.0,2020-09-03,44.49,CLOSED,2.94,31.0,24.0,100.0
-,BAX,2020-08-10,USD,83.1,2020-12-20,86.4,3.97,8.0,2020-08-27,86.4,CLOSED,3.97,59.0,13.0,100.0
-,ASX-S32,2020-08-10,AUD,2.22,2021-04-19,3.04,36.94,37.0,2020-12-11,2.57,OPEN,15.77,32.0,49.0,43.0
-,ASX-WEB,2020-08-10,AUD,3.24,2021-06-02,7.18,121.6,104.0,2020-12-11,5.23,OPEN,61.42,126.0,42.0,51.0
-,ASX-MQG,2020-08-10,AUD,126.42,2021-06-03,150.04,18.68,16.0,2020-12-11,138.08,OPEN,9.22,19.0,41.0,49.0
-,ASX-MFG,2020-08-10,AUD,62.8,2021-04-26,82.66,31.62,31.0,2020-12-11,54.8,OPEN,-12.74,-26.0,47.0,-40.0
-,ASX-NAN,2020-08-10,AUD,6.32,2021-07-10,8.77,38.77,29.0,2020-12-11,7.08,OPEN,12.03,25.0,37.0,31.0
-,ASX-MFG,2020-08-10,AUD,62.8,2021-02-23,72.52,15.48,20.0,2020-12-11,54.8,OPEN,-12.74,-26.0,62.0,-82.0
-,ASX-BPT,2020-08-10,AUD,1.45,2021-03-20,2.26,55.86,63.0,2020-12-11,1.885,OPEN,30.0,61.0,55.0,54.0
-,ASX-NAN,2020-08-10,AUD,6.32,2021-05-20,7.71,21.99,20.0,2020-12-11,7.08,OPEN,12.03,25.0,43.0,55.0
-,ASX-JBH,2020-08-10,AUD,46.04,2021-06-29,56.88,23.54,18.0,2020-12-11,44.02,OPEN,-4.39,-9.0,38.0,-19.0
-,2600.HK,2020-08-10,HKD,2.12,2021-05-15,3.31,56.13,51.0,2020-12-11,2.78,OPEN,31.13,64.0,44.0,55.0
-,0689.HK,2020-08-10,HKD,0.04,2021-03-31,0.12,200.0,216.0,2020-12-11,0.09,OPEN,125.0,256.0,53.0,62.0
-,0689.HK,2020-08-10,HKD,0.04,2021-03-08,0.11,175.0,210.0,2020-12-11,0.09,OPEN,125.0,256.0,59.0,71.0
-,0066.HK,2020-08-10,HKD,39.95,2021-06-27,46.26,15.79,12.0,2020-12-11,43.35,OPEN,8.51,17.0,38.0,54.0
-,0880.HK,2020-08-10,HKD,9.67,2020-12-21,11.4,17.89,34.0,2020-12-11,9.2,OPEN,-4.86,-10.0,92.0,-27.0
-,MO,2020-08-10,USD,43.22,2021-03-14,49.01,13.4,16.0,2020-12-11,43.0,OPEN,-0.51,-1.0,57.0,-4.0
-,LMT,2020-08-10,USD,389.26,2021-03-11,415.11,6.64,8.0,2020-12-11,361.71,OPEN,-7.08,-15.0,58.0,-107.0
-,LMT,2020-08-10,USD,389.26,2021-08-05,442.98,13.8,10.0,2020-12-11,361.71,OPEN,-7.08,-15.0,34.0,-51.0
-,MO,2020-08-10,USD,43.22,2021-04-11,47.44,9.76,10.0,2020-12-11,43.0,OPEN,-0.51,-1.0,50.0,-5.0
-,ASX-VCX,2020-08-11,AUD,1.37,2021-02-17,1.53,11.68,15.0,2020-11-10,1.53,CLOSED,11.68,32.0,48.0,100.0
-,ASX-CTD,2020-08-11,AUD,10.41,2020-11-26,12.36,18.73,44.0,2020-08-19,12.36,CLOSED,18.73,590.0,7.0,100.0
-,ASX-CTD,2020-08-11,AUD,10.41,2020-12-13,12.15,16.71,34.0,2020-08-18,12.15,CLOSED,16.71,602.0,6.0,100.0
-,ASX-CCP,2020-08-11,AUD,19.0,2021-03-27,23.33,22.79,25.0,2020-11-17,23.33,CLOSED,22.79,59.0,43.0,100.0
-,ASX-PGH,2020-08-11,AUD,2.28,2021-03-19,2.54,11.4,13.0,2020-08-19,2.54,CLOSED,11.4,359.0,4.0,100.0
-,ASX-CCP,2020-08-11,AUD,19.0,2020-11-09,20.52,8.0,22.0,2020-10-19,20.52,CLOSED,8.0,29.0,77.0,100.0
-,ASX-CCP,2020-08-11,AUD,19.0,2021-02-19,22.75,19.74,26.0,2020-11-11,22.75,CLOSED,19.74,54.0,48.0,100.0
-,ASX-BGA,2020-08-11,AUD,4.66,2021-02-09,5.3,13.73,19.0,2020-09-02,5.3,CLOSED,13.73,157.0,12.0,100.0
-,ASX-GEM,2020-08-11,AUD,0.83,2021-05-13,1.05,26.51,24.0,2020-08-26,1.05,CLOSED,26.51,445.0,5.0,100.0
-,ASX-GEM,2020-08-11,AUD,0.83,2021-05-19,1.09,31.33,28.0,2020-10-12,1.09,CLOSED,31.33,127.0,22.0,100.0
-,ASX-BGA,2020-08-11,AUD,4.66,2020-09-09,4.81,3.22,28.0,2020-08-18,4.81,CLOSED,3.22,116.0,24.0,100.0
-,0510.HK,2020-08-11,HKD,0.03,2021-08-08,0.06,100.0,70.0,2020-09-07,0.06,CLOSED,100.0,933.0,7.0,100.0
-,1881.HK,2020-08-11,HKD,1.13,2021-06-06,1.31,15.93,13.0,2020-11-11,1.31,CLOSED,15.93,44.0,31.0,100.0
-,0992.HK,2020-08-11,HKD,4.89,2021-04-24,5.4,10.43,10.0,2020-08-31,5.4,CLOSED,10.43,131.0,8.0,100.0
-,1881.HK,2020-08-11,HKD,1.13,2021-06-25,1.27,12.39,10.0,2020-08-26,1.27,CLOSED,12.39,208.0,5.0,100.0
-,1881.HK,2020-08-11,HKD,1.13,2021-03-02,1.23,8.85,11.0,2020-08-26,1.23,CLOSED,8.85,149.0,7.0,100.0
-,0689.HK,2020-08-11,HKD,0.04,2020-12-23,0.07,75.0,141.0,2020-12-01,0.07,CLOSED,75.0,169.0,84.0,100.0
-,2600.HK,2020-08-11,HKD,2.13,2021-01-22,2.41,13.15,20.0,2020-11-23,2.41,CLOSED,13.15,32.0,63.0,100.0
-,0992.HK,2020-08-11,HKD,4.89,2020-10-06,5.02,2.66,12.0,2020-08-13,5.02,CLOSED,2.66,335.0,4.0,100.0
-,0992.HK,2020-08-11,HKD,4.89,2020-10-15,5.08,3.89,15.0,2020-08-13,5.08,CLOSED,3.89,490.0,3.0,100.0
-,0689.HK,2020-08-11,HKD,0.04,2021-01-17,0.08,100.0,158.0,2020-12-10,0.08,CLOSED,100.0,208.0,76.0,100.0
-,1881.HK,2020-08-11,HKD,1.13,2021-04-25,1.22,7.96,8.0,2020-08-21,1.22,CLOSED,7.96,201.0,4.0,100.0
-,C,2020-08-11,USD,53.76,2021-07-12,56.75,5.56,4.0,2020-11-24,56.75,CLOSED,5.56,13.0,31.0,100.0
-,CHL,2020-08-11,USD,36.2,2020-12-05,37.39,3.29,7.0,2020-08-13,37.39,CLOSED,3.29,415.0,2.0,100.0
-,2600.HK,2020-08-11,HKD,2.13,2021-05-16,3.33,56.34,51.0,2020-12-11,2.78,OPEN,30.52,63.0,44.0,54.0
-,0689.HK,2020-08-11,HKD,0.04,2021-04-01,0.12,200.0,216.0,2020-12-11,0.09,OPEN,125.0,258.0,52.0,62.0
-,0689.HK,2020-08-11,HKD,0.04,2021-03-09,0.11,175.0,210.0,2020-12-11,0.09,OPEN,125.0,258.0,58.0,71.0
-,0880.HK,2020-08-11,HKD,10.16,2020-12-22,11.98,17.91,34.0,2020-12-11,9.2,OPEN,-9.45,-20.0,92.0,-53.0
-,SNP,2020-08-11,USD,44.45,2021-07-04,52.98,19.19,15.0,2020-12-11,44.26,OPEN,-0.43,-1.0,37.0,-2.0
-,SNP,2020-08-11,USD,44.45,2021-06-18,51.77,16.47,13.0,2020-12-11,44.26,OPEN,-0.43,-1.0,39.0,-3.0
-,ASX-RWC,2020-08-12,AUD,2.77,2020-11-27,3.49,25.99,61.0,2020-08-24,3.49,CLOSED,25.99,546.0,11.0,100.0
-,ASX-SCG,2020-08-12,AUD,2.12,2021-02-13,2.54,19.81,27.0,2020-11-10,2.54,CLOSED,19.81,55.0,49.0,100.0
-,ASX-SDF,2020-08-12,AUD,3.44,2021-02-13,3.83,11.34,15.0,2020-11-10,3.83,CLOSED,11.34,32.0,49.0,100.0
-,ASX-SDF,2020-08-12,AUD,3.44,2020-09-21,3.63,5.52,35.0,2020-08-27,3.63,CLOSED,5.52,93.0,38.0,100.0
-,ASX-SDF,2020-08-12,AUD,3.44,2020-10-25,3.77,9.59,33.0,2020-10-23,3.36,CLOSED,-2.33,-8.0,97.0,-24.0
-,ASX-SDF,2020-08-12,AUD,3.44,2020-11-12,4.19,21.8,60.0,2020-11-12,3.81,CLOSED,10.76,29.0,100.0,49.0
-,ASX-SDF,2020-08-12,AUD,3.44,2020-11-29,3.75,9.01,21.0,2020-11-06,3.75,CLOSED,9.01,26.0,79.0,100.0
-,ASX-VCX,2020-08-12,AUD,1.38,2021-02-18,1.54,11.59,15.0,2020-11-10,1.54,CLOSED,11.59,32.0,47.0,100.0
-,ASX-CTD,2020-08-12,AUD,10.58,2020-11-27,12.57,18.81,44.0,2020-08-19,12.57,CLOSED,18.81,677.0,7.0,100.0
-,ASX-CTD,2020-08-12,AUD,10.58,2020-12-14,12.35,16.73,34.0,2020-08-19,12.35,CLOSED,16.73,602.0,6.0,100.0
-,ASX-TWE,2020-08-12,AUD,11.44,2020-12-10,12.89,12.67,27.0,2020-08-13,12.89,CLOSED,12.67,3193.0,1.0,100.0
-,ASX-RWC,2020-08-12,AUD,2.77,2021-01-19,3.83,38.27,60.0,2020-08-31,3.83,CLOSED,38.27,508.0,12.0,100.0
-,ASX-SDF,2020-08-12,AUD,3.44,2020-10-20,3.64,5.81,21.0,2020-08-27,3.64,CLOSED,5.81,98.0,22.0,100.0
-,ASX-RWC,2020-08-12,AUD,2.77,2020-10-16,3.06,10.47,41.0,2020-08-24,3.06,CLOSED,10.47,220.0,18.0,100.0
-,ASX-SCG,2020-08-12,AUD,2.12,2020-11-07,2.33,9.91,29.0,2020-09-17,2.33,CLOSED,9.91,69.0,41.0,100.0
-,ASX-BWP,2020-08-12,AUD,3.99,2021-03-24,4.26,6.77,8.0,2020-11-06,4.26,CLOSED,6.77,20.0,38.0,100.0
-,ASX-WBC,2020-08-12,AUD,18.19,2021-05-11,19.99,9.9,9.0,2020-11-20,19.99,CLOSED,9.9,25.0,37.0,100.0
-,ASX-RWC,2020-08-12,AUD,2.77,2020-09-20,2.92,5.42,35.0,2020-08-14,2.92,CLOSED,5.42,683.0,5.0,100.0
-,ASX-WBC,2020-08-12,AUD,18.19,2021-06-28,20.07,10.34,8.0,2020-11-23,20.07,CLOSED,10.34,25.0,32.0,100.0
-,ASX-ANZ,2020-08-12,AUD,18.85,2021-05-14,20.02,6.21,6.0,2020-11-10,20.02,CLOSED,6.21,17.0,33.0,100.0
-,ASX-ABP,2020-08-12,AUD,2.73,2021-07-29,2.89,5.86,4.0,2020-09-16,2.89,CLOSED,5.86,42.0,10.0,100.0
-,ASX-RHC,2020-08-12,AUD,66.47,2020-12-19,69.96,5.25,10.0,2020-11-10,69.96,CLOSED,5.25,15.0,70.0,100.0
-,ASX-TWE,2020-08-12,AUD,11.44,2020-10-15,11.89,3.93,15.0,2020-08-13,11.89,CLOSED,3.93,990.0,2.0,100.0
-,ASX-BWP,2020-08-12,AUD,3.99,2021-01-03,4.17,4.51,8.0,2020-09-17,4.17,CLOSED,4.51,32.0,25.0,100.0
-,ASX-QUB,2020-08-12,AUD,2.86,2020-11-04,3.05,6.64,20.0,2020-11-04,2.8,CLOSED,-2.1,-6.0,100.0,-32.0
-,ASX-CWN,2020-08-12,AUD,9.35,2021-01-03,9.71,3.85,7.0,2020-08-19,9.71,CLOSED,3.85,139.0,5.0,100.0
-,ASX-ANZ,2020-08-12,AUD,18.85,2021-08-04,20.11,6.68,5.0,2020-11-10,20.11,CLOSED,6.68,19.0,25.0,100.0
-,ASX-GPT,2020-08-12,AUD,4.04,2021-01-10,4.17,3.22,5.0,2020-10-05,4.17,CLOSED,3.22,15.0,36.0,100.0
-,0510.HK,2020-08-12,HKD,0.03,2021-08-09,0.06,100.0,70.0,2020-09-07,0.06,CLOSED,100.0,969.0,7.0,100.0
-,3969.HK,2020-08-12,HKD,3.34,2020-11-20,3.67,9.88,25.0,2020-11-20,2.79,CLOSED,-16.47,-42.0,100.0,-167.0
-,2318.HK,2020-08-12,HKD,83.2,2021-02-24,97.08,16.68,21.0,2020-12-04,97.08,CLOSED,16.68,37.0,58.0,100.0
-,0992.HK,2020-08-12,HKD,4.87,2021-04-25,5.38,10.47,10.0,2020-08-28,5.38,CLOSED,10.47,165.0,6.0,100.0
-,0689.HK,2020-08-12,HKD,0.04,2020-12-24,0.07,75.0,141.0,2020-12-01,0.07,CLOSED,75.0,170.0,83.0,100.0
-,2600.HK,2020-08-12,HKD,2.06,2021-01-23,2.33,13.11,20.0,2020-11-23,2.33,CLOSED,13.11,32.0,63.0,100.0
-,0992.HK,2020-08-12,HKD,4.87,2020-10-07,5.0,2.67,12.0,2020-08-13,5.0,CLOSED,2.67,673.0,2.0,100.0
-,0992.HK,2020-08-12,HKD,4.87,2020-10-16,5.06,3.9,15.0,2020-08-13,5.06,CLOSED,3.9,983.0,2.0,100.0
-,2318.HK,2020-08-12,HKD,83.2,2020-11-03,89.81,7.94,24.0,2020-11-03,79.7,CLOSED,-4.21,-13.0,100.0,-53.0
-,0689.HK,2020-08-12,HKD,0.04,2021-01-18,0.08,100.0,158.0,2020-12-10,0.08,CLOSED,100.0,210.0,75.0,100.0
-,BRKb,2020-08-12,USD,4770.0,2020-10-30,4997.53,4.77,15.0,2020-10-30,4279.0,CLOSED,-10.29,-33.0,100.0,-216.0
-,BRKb,2020-08-12,USD,4770.0,2020-11-02,5305.67,11.23,35.0,2020-10-30,4279.0,CLOSED,-10.29,-33.0,96.0,-92.0
-,BRKb,2020-08-12,USD,4770.0,2020-09-06,4875.89,2.22,22.0,2020-09-04,4690.01,CLOSED,-1.68,-18.0,92.0,-76.0
-,YUM,2020-08-12,USD,93.16,2021-06-03,107.59,15.49,13.0,2020-11-27,107.59,CLOSED,15.49,36.0,36.0,100.0
-,YUM,2020-08-12,USD,93.16,2021-04-05,103.26,10.84,12.0,2020-11-09,103.26,CLOSED,10.84,31.0,38.0,100.0
-,SO,2020-08-12,USD,54.86,2021-03-21,58.14,5.98,7.0,2020-10-06,58.14,CLOSED,5.98,27.0,25.0,100.0
-,ITA,2020-08-12,USD,170.92,2020-12-28,180.63,5.68,10.0,2020-11-16,180.63,CLOSED,5.68,15.0,70.0,100.0
-,HON,2020-08-12,USD,160.07,2021-02-05,168.92,5.53,8.0,2020-09-02,168.92,CLOSED,5.53,66.0,12.0,100.0
-,HON,2020-08-12,USD,160.07,2021-03-24,175.21,9.46,11.0,2020-10-09,175.21,CLOSED,9.46,41.0,26.0,100.0
-,ITA,2020-08-12,USD,170.92,2020-12-15,176.37,3.19,6.0,2020-11-10,176.37,CLOSED,3.19,9.0,72.0,100.0
-,YUM,2020-08-12,USD,93.16,2020-11-29,98.28,5.5,13.0,2020-09-02,98.28,CLOSED,5.5,66.0,19.0,100.0
-,CEA,2020-08-12,USD,19.47,2021-06-26,22.98,18.03,14.0,2020-09-08,22.98,CLOSED,18.03,168.0,8.0,100.0
-,ASX-SDF,2020-08-12,AUD,3.44,2021-06-01,4.52,31.4,27.0,2020-12-11,3.89,OPEN,13.08,27.0,41.0,42.0
-,ASX-RHC,2020-08-12,AUD,66.47,2021-03-02,72.72,9.4,12.0,2020-12-11,63.24,OPEN,-4.86,-10.0,60.0,-52.0
-,ASX-TWE,2020-08-12,AUD,11.44,2021-02-05,14.22,24.3,35.0,2020-12-11,9.42,OPEN,-17.66,-37.0,68.0,-73.0
-,ASX-QUB,2020-08-12,AUD,2.86,2021-05-24,3.39,18.53,16.0,2020-12-11,2.89,OPEN,1.05,2.0,42.0,6.0
-,ASX-QUB,2020-08-12,AUD,2.86,2021-04-02,3.31,15.73,17.0,2020-12-11,2.89,OPEN,1.05,2.0,52.0,7.0
-,2600.HK,2020-08-12,HKD,2.06,2021-05-17,3.22,56.31,51.0,2020-12-11,2.78,OPEN,34.95,73.0,44.0,62.0
-,1623.HK,2020-08-12,HKD,0.21,2021-03-20,0.41,95.24,109.0,2020-12-11,0.22,OPEN,4.76,10.0,55.0,5.0
-,3969.HK,2020-08-12,HKD,3.34,2021-07-14,3.73,11.68,9.0,2020-12-11,2.65,OPEN,-20.66,-43.0,36.0,-177.0
-,1623.HK,2020-08-12,HKD,0.21,2021-03-10,0.44,109.52,131.0,2020-12-11,0.22,OPEN,4.76,10.0,58.0,4.0
-,0689.HK,2020-08-12,HKD,0.04,2021-04-02,0.12,200.0,216.0,2020-12-11,0.09,OPEN,125.0,260.0,52.0,62.0
-,0689.HK,2020-08-12,HKD,0.04,2021-03-10,0.11,175.0,210.0,2020-12-11,0.09,OPEN,125.0,260.0,58.0,71.0
-,2318.HK,2020-08-12,HKD,83.2,2021-03-11,109.07,31.09,37.0,2020-12-11,92.7,OPEN,11.42,24.0,57.0,37.0
-,2388.HK,2020-08-12,HKD,22.6,2021-06-09,26.37,16.68,14.0,2020-12-11,24.0,OPEN,6.19,13.0,40.0,37.0
-,0880.HK,2020-08-12,HKD,9.9,2020-12-23,11.68,17.98,34.0,2020-12-11,9.2,OPEN,-7.07,-15.0,91.0,-39.0
-,1623.HK,2020-08-12,HKD,0.21,2021-08-03,0.31,47.62,34.0,2020-12-11,0.22,OPEN,4.76,10.0,34.0,10.0
-,ITA,2020-08-12,USD,170.92,2021-08-02,197.89,15.78,11.0,2020-12-11,96.23,OPEN,-43.7,-91.0,34.0,-277.0
-,ASX-SDF,2020-08-13,AUD,3.46,2021-02-14,3.85,11.27,15.0,2020-11-10,3.85,CLOSED,11.27,32.0,48.0,100.0
-,ASX-SDF,2020-08-13,AUD,3.46,2020-10-21,3.66,5.78,21.0,2020-08-27,3.66,CLOSED,5.78,104.0,20.0,100.0
-,ASX-GOZ,2020-08-13,AUD,3.21,2021-05-21,3.42,6.54,6.0,2020-08-28,3.42,CLOSED,6.54,110.0,5.0,100.0
-,ASX-GMA,2020-08-13,AUD,1.67,2020-10-10,1.77,5.99,26.0,2020-10-09,1.58,CLOSED,-5.39,-24.0,98.0,-90.0
-,ASX-TWE,2020-08-13,AUD,12.85,2020-10-17,13.28,3.35,13.0,2020-10-16,9.17,CLOSED,-28.64,-113.0,98.0,-856.0
-,ASX-WEB,2020-08-13,AUD,3.5,2021-04-29,4.79,36.86,36.0,2020-11-10,4.79,CLOSED,36.86,104.0,34.0,100.0
-,ASX-GOZ,2020-08-13,AUD,3.21,2020-12-24,3.29,2.49,5.0,2020-08-18,3.29,CLOSED,2.49,125.0,4.0,100.0
-,ASX-COH,2020-08-13,AUD,197.92,2021-04-17,214.94,8.6,9.0,2020-08-18,214.94,CLOSED,8.6,433.0,2.0,100.0
-,ASX-GMA,2020-08-13,AUD,1.67,2020-09-13,1.74,4.19,34.0,2020-09-11,1.57,CLOSED,-5.99,-52.0,94.0,-143.0
-,ASX-COH,2020-08-13,AUD,197.92,2021-06-27,231.61,17.02,13.0,2020-11-12,231.61,CLOSED,17.02,47.0,29.0,100.0
-,ASX-DXS,2020-08-13,AUD,8.6,2021-06-26,8.94,3.95,3.0,2020-09-03,8.94,CLOSED,3.95,47.0,7.0,100.0
-,ASX-DXS,2020-08-13,AUD,8.6,2021-05-01,8.93,3.84,4.0,2020-09-03,8.93,CLOSED,3.84,46.0,8.0,100.0
-,ASX-COH,2020-08-13,AUD,197.92,2020-11-01,208.23,5.21,16.0,2020-08-18,208.23,CLOSED,5.21,263.0,6.0,100.0
-,ASX-RMD,2020-08-13,AUD,24.52,2020-11-02,26.17,6.73,21.0,2020-10-28,26.17,CLOSED,6.73,22.0,94.0,100.0
-,0510.HK,2020-08-13,HKD,0.03,2021-08-10,0.06,100.0,70.0,2020-09-07,0.06,CLOSED,100.0,1008.0,7.0,100.0
-,8206.HK,2020-08-13,HKD,0.1,2020-11-13,0.14,40.0,110.0,2020-11-13,0.1,CLOSED,0.0,0.0,100.0,0.0
-,0992.HK,2020-08-13,HKD,4.72,2021-04-26,5.21,10.38,10.0,2020-08-19,5.21,CLOSED,10.38,436.0,2.0,100.0
-,0087.HK,2020-08-13,HKD,7.03,2021-05-19,7.7,9.53,9.0,2020-11-18,7.7,CLOSED,9.53,25.0,35.0,100.0
-,0087.HK,2020-08-13,HKD,7.03,2021-06-16,7.81,11.1,9.0,2020-11-18,7.81,CLOSED,11.1,29.0,32.0,100.0
-,0689.HK,2020-08-13,HKD,0.04,2020-12-25,0.07,75.0,141.0,2020-12-01,0.07,CLOSED,75.0,172.0,82.0,100.0
-,2600.HK,2020-08-13,HKD,2.03,2021-01-24,2.3,13.3,20.0,2020-11-20,2.3,CLOSED,13.3,34.0,60.0,100.0
-,0696.HK,2020-08-13,HKD,15.5,2021-06-07,19.37,24.97,21.0,2020-11-10,19.37,CLOSED,24.97,71.0,30.0,100.0
-,0992.HK,2020-08-13,HKD,4.72,2020-10-08,4.84,2.54,11.0,2020-08-17,4.84,CLOSED,2.54,160.0,7.0,100.0
-,0992.HK,2020-08-13,HKD,4.72,2020-10-17,4.91,4.03,16.0,2020-08-17,4.91,CLOSED,4.03,254.0,6.0,100.0
-,0689.HK,2020-08-13,HKD,0.04,2021-01-19,0.08,100.0,158.0,2020-12-10,0.08,CLOSED,100.0,212.0,75.0,100.0
-,0069.HK,2020-08-13,HKD,5.96,2021-03-21,6.85,14.93,17.0,2020-11-10,6.85,CLOSED,14.93,42.0,40.0,100.0
-,TSLA,2020-08-13,USD,1621.0,2021-05-29,2183.49,34.7,30.0,2020-08-27,2183.49,CLOSED,34.7,625.0,5.0,100.0
-,XLV,2020-08-13,USD,107.01,2021-04-22,113.7,6.25,6.0,2020-11-09,113.7,CLOSED,6.25,18.0,35.0,100.0
-,XLV,2020-08-13,USD,107.01,2020-12-11,111.1,3.82,8.0,2020-11-04,111.1,CLOSED,3.82,12.0,69.0,100.0
-,CL,2020-08-13,USD,76.98,2021-05-03,81.99,6.51,6.0,2020-11-03,81.99,CLOSED,6.51,20.0,31.0,100.0
-,TSLA,2020-08-13,USD,1621.0,2021-04-01,2100.82,29.6,32.0,2020-08-24,2100.82,CLOSED,29.6,678.0,5.0,100.0
-,BAX,2020-08-13,USD,84.64,2020-11-09,87.87,3.82,11.0,2020-11-09,80.97,CLOSED,-4.34,-12.0,100.0,-114.0
-,ASX-SDF,2020-08-13,AUD,3.46,2021-06-02,4.55,31.5,27.0,2020-12-11,3.89,OPEN,12.43,26.0,41.0,39.0
-,ASX-TWE,2020-08-13,AUD,12.85,2021-01-16,14.74,14.71,24.0,2020-12-11,9.42,OPEN,-26.69,-56.0,77.0,-181.0
-,ASX-TWE,2020-08-13,AUD,12.85,2021-03-09,16.21,26.15,32.0,2020-12-11,9.42,OPEN,-26.69,-56.0,58.0,-102.0
-,ASX-WEB,2020-08-13,AUD,3.5,2021-04-28,6.87,96.29,94.0,2020-12-11,5.23,OPEN,49.43,104.0,47.0,51.0
-,ASX-BPT,2020-08-13,AUD,1.45,2021-03-23,2.26,55.86,63.0,2020-12-11,1.885,OPEN,30.0,63.0,54.0,54.0
-,2600.HK,2020-08-13,HKD,2.03,2021-05-18,3.17,56.16,51.0,2020-12-11,2.78,OPEN,36.95,78.0,43.0,66.0
-,8206.HK,2020-08-13,HKD,0.1,2021-06-27,0.19,90.0,71.0,2020-12-11,0.08,OPEN,-20.0,-42.0,38.0,-22.0
-,0689.HK,2020-08-13,HKD,0.04,2021-04-03,0.12,200.0,216.0,2020-12-11,0.09,OPEN,125.0,262.0,52.0,62.0
-,0689.HK,2020-08-13,HKD,0.04,2021-03-11,0.11,175.0,210.0,2020-12-11,0.09,OPEN,125.0,262.0,57.0,71.0
-,2007.HK,2020-08-13,HKD,10.26,2021-05-20,12.48,21.64,19.0,2020-12-11,10.08,OPEN,-1.75,-4.0,43.0,-8.0
-,2386.HK,2020-08-13,HKD,3.51,2021-05-16,4.05,15.38,14.0,2020-12-11,3.36,OPEN,-4.27,-9.0,43.0,-28.0
-,0083.HK,2020-08-13,HKD,9.5,2021-06-23,10.67,12.32,10.0,2020-12-11,10.56,OPEN,11.16,23.0,38.0,91.0
-,0880.HK,2020-08-13,HKD,9.64,2020-12-24,11.37,17.95,34.0,2020-12-11,9.2,OPEN,-4.56,-10.0,90.0,-25.0
-,BAX,2020-08-13,USD,84.64,2021-04-21,94.2,11.29,11.0,2020-12-11,79.34,OPEN,-6.26,-13.0,48.0,-55.0
-,LVS,2020-08-13,USD,48.62,2021-04-28,61.5,26.49,26.0,2020-12-11,56.75,OPEN,16.72,35.0,47.0,63.0
-,ASX-LNK,2020-08-14,AUD,4.3,2021-01-16,4.9,13.95,23.0,2020-10-12,4.9,CLOSED,13.95,60.0,38.0,100.0
-,ASX-LNK,2020-08-14,AUD,4.3,2021-02-01,4.89,13.72,20.0,2020-10-12,4.89,CLOSED,13.72,59.0,35.0,100.0
-,ASX-S32,2020-08-14,AUD,2.19,2020-10-11,2.49,13.7,60.0,2020-10-09,2.19,CLOSED,0.0,0.0,97.0,0.0
-,ASX-SEK,2020-08-14,AUD,19.55,2021-06-12,26.48,35.45,30.0,2020-11-25,26.48,CLOSED,35.45,87.0,34.0,100.0
-,ASX-JHG,2020-08-14,AUD,29.38,2021-04-07,34.13,16.17,17.0,2020-10-05,34.13,CLOSED,16.17,78.0,22.0,100.0
-,ASX-SEK,2020-08-14,AUD,19.55,2021-08-08,26.41,35.09,25.0,2020-11-19,26.41,CLOSED,35.09,91.0,27.0,100.0
-,INDEXASX-XJO,2020-08-14,USD,6126.2,2020-12-19,6298.96,2.82,6.0,2020-11-09,6298.96,CLOSED,2.82,8.0,69.0,100.0
-,ASX-S32,2020-08-14,AUD,2.19,2020-10-23,2.34,6.85,25.0,2020-10-23,2.22,CLOSED,1.37,5.0,100.0,20.0
-,STW,2020-08-14,USD,56.85,2021-01-28,58.66,3.18,5.0,2020-11-10,58.66,CLOSED,3.18,9.0,53.0,100.0
-,ASX-BKL,2020-08-14,AUD,74.34,2021-03-15,80.54,8.34,10.0,2020-11-26,80.54,CLOSED,8.34,20.0,49.0,100.0
-,STW,2020-08-14,USD,56.85,2021-01-04,58.37,2.67,5.0,2020-11-09,58.37,CLOSED,2.67,8.0,61.0,100.0
-,ASX-COH,2020-08-14,AUD,199.77,2021-07-04,228.38,14.32,11.0,2020-10-26,228.38,CLOSED,14.32,49.0,23.0,100.0
-,ASX-COH,2020-08-14,AUD,199.77,2021-04-26,212.81,6.53,6.0,2020-08-18,212.81,CLOSED,6.53,411.0,2.0,100.0
-,INDEXASX-XJO,2020-08-14,USD,6126.2,2021-03-11,6427.0,4.91,6.0,2020-11-10,6427.0,CLOSED,4.91,14.0,42.0,100.0
-,ASX-CSL,2020-08-14,AUD,279.34,2021-05-07,286.97,2.73,3.0,2020-08-18,286.97,CLOSED,2.73,172.0,2.0,100.0
-,ASX-COH,2020-08-14,AUD,199.77,2020-11-08,209.64,4.94,14.0,2020-08-18,209.64,CLOSED,4.94,311.0,5.0,100.0
-,ASX-RMD,2020-08-14,AUD,25.0,2020-11-03,26.68,6.72,21.0,2020-10-30,26.68,CLOSED,6.72,22.0,95.0,100.0
-,ASX-CSL,2020-08-14,AUD,279.34,2021-04-16,296.91,6.29,6.0,2020-08-19,296.91,CLOSED,6.29,317.0,2.0,100.0
-,ASX-S32,2020-08-14,AUD,2.19,2020-10-02,2.27,3.65,19.0,2020-09-21,2.27,CLOSED,3.65,24.0,78.0,100.0
-,2588.HK,2020-08-14,HKD,50.8,2021-01-24,59.73,17.58,27.0,2020-08-31,59.73,CLOSED,17.58,261.0,10.0,100.0
-,0327.HK,2020-08-14,HKD,4.55,2021-01-09,5.22,14.73,25.0,2020-08-17,5.22,CLOSED,14.73,1237.0,2.0,100.0
-,0327.HK,2020-08-14,HKD,4.55,2021-03-17,6.17,35.6,42.0,2020-12-01,6.17,CLOSED,35.6,82.0,51.0,100.0
-,0510.HK,2020-08-14,HKD,0.03,2021-08-11,0.06,100.0,70.0,2020-09-07,0.06,CLOSED,100.0,1050.0,7.0,100.0
-,1299.HK,2020-08-14,HKD,75.1,2021-02-14,83.17,10.75,15.0,2020-11-10,83.17,CLOSED,10.75,31.0,48.0,100.0
-,8206.HK,2020-08-14,HKD,0.1,2020-11-14,0.14,40.0,110.0,2020-11-13,0.1,CLOSED,0.0,0.0,99.0,0.0
-,2588.HK,2020-08-14,HKD,50.8,2020-10-06,54.59,7.46,35.0,2020-08-21,54.59,CLOSED,7.46,269.0,13.0,100.0
-,2588.HK,2020-08-14,HKD,50.8,2021-01-27,58.59,15.33,23.0,2020-08-28,58.59,CLOSED,15.33,276.0,8.0,100.0
-,0992.HK,2020-08-14,HKD,4.68,2021-04-27,5.17,10.47,10.0,2020-08-19,5.17,CLOSED,10.47,528.0,2.0,100.0
-,1299.HK,2020-08-14,HKD,75.1,2020-11-27,78.43,4.43,11.0,2020-08-24,78.43,CLOSED,4.43,112.0,10.0,100.0
-,0689.HK,2020-08-14,HKD,0.04,2020-12-26,0.07,75.0,141.0,2020-12-01,0.07,CLOSED,75.0,173.0,81.0,100.0
-,2600.HK,2020-08-14,HKD,2.02,2021-01-25,2.29,13.37,21.0,2020-11-20,2.29,CLOSED,13.37,34.0,60.0,100.0
-,0992.HK,2020-08-14,HKD,4.68,2020-10-09,4.8,2.56,12.0,2020-08-17,4.8,CLOSED,2.56,215.0,5.0,100.0
-,0992.HK,2020-08-14,HKD,4.68,2020-10-18,4.86,3.85,15.0,2020-08-17,4.86,CLOSED,3.85,323.0,5.0,100.0
-,0689.HK,2020-08-14,HKD,0.04,2021-01-20,0.08,100.0,158.0,2020-12-10,0.08,CLOSED,100.0,214.0,74.0,100.0
-,BA,2020-08-14,USD,178.08,2021-06-06,198.99,11.74,10.0,2020-09-07,198.99,CLOSED,11.74,123.0,8.0,100.0
-,MMM,2020-08-14,USD,166.1,2021-01-22,177.99,7.16,11.0,2020-11-27,177.99,CLOSED,7.16,17.0,65.0,100.0
-,BA,2020-08-14,USD,178.08,2021-06-02,207.87,16.73,14.0,2020-09-07,207.87,CLOSED,16.73,176.0,8.0,100.0
-,ORCL,2020-08-14,USD,54.2,2021-02-15,60.48,11.59,16.0,2020-09-11,60.48,CLOSED,11.59,104.0,15.0,100.0
-,CAT,2020-08-14,USD,139.96,2021-05-04,156.46,11.79,11.0,2020-10-08,156.46,CLOSED,11.79,54.0,21.0,100.0
-,ORCL,2020-08-14,USD,54.2,2020-10-18,57.45,6.0,23.0,2020-08-26,57.45,CLOSED,6.0,126.0,18.0,100.0
-,PEP,2020-08-14,USD,137.56,2020-12-12,142.09,3.29,7.0,2020-09-02,142.09,CLOSED,3.29,44.0,16.0,100.0
-,BA,2020-08-14,USD,178.08,2020-11-24,184.99,3.88,10.0,2020-09-07,184.99,CLOSED,3.88,41.0,24.0,100.0
-,ASX-S32,2020-08-14,AUD,2.19,2021-01-01,2.82,28.77,52.0,2020-12-11,2.57,OPEN,17.35,37.0,85.0,60.0
-,ASX-MPL,2020-08-14,AUD,2.86,2021-04-29,3.32,16.08,16.0,2020-12-11,2.83,OPEN,-1.05,-2.0,46.0,-7.0
-,ASX-CIM,2020-08-14,AUD,23.5,2021-07-27,27.24,15.91,12.0,2020-12-11,25.86,OPEN,10.04,21.0,34.0,63.0
-,ASX-CPU,2020-08-14,AUD,14.11,2021-06-22,15.3,8.43,7.0,2020-12-11,14.48,OPEN,2.62,6.0,38.0,31.0
-,ASX-CIM,2020-08-14,AUD,23.5,2021-06-14,27.63,17.57,15.0,2020-12-11,25.86,OPEN,10.04,21.0,39.0,57.0
-,2600.HK,2020-08-14,HKD,2.02,2021-05-19,3.16,56.44,51.0,2020-12-11,2.78,OPEN,37.62,80.0,43.0,67.0
-,3898.HK,2020-08-14,HKD,29.9,2021-02-01,39.78,33.04,49.0,2020-12-11,24.6,OPEN,-17.73,-38.0,70.0,-54.0
-,3898.HK,2020-08-14,HKD,29.9,2021-01-22,43.27,44.72,70.0,2020-12-11,24.6,OPEN,-17.73,-38.0,74.0,-40.0
-,8206.HK,2020-08-14,HKD,0.1,2021-06-28,0.19,90.0,71.0,2020-12-11,0.08,OPEN,-20.0,-42.0,37.0,-22.0
-,0689.HK,2020-08-14,HKD,0.04,2021-04-04,0.12,200.0,216.0,2020-12-11,0.09,OPEN,125.0,265.0,51.0,62.0
-,0808.HK,2020-08-14,HKD,2.46,2021-02-07,2.68,8.94,13.0,2020-12-11,2.45,OPEN,-0.41,-1.0,67.0,-5.0
-,0689.HK,2020-08-14,HKD,0.04,2021-03-12,0.11,175.0,210.0,2020-12-11,0.09,OPEN,125.0,265.0,57.0,71.0
-,2628.HK,2020-08-14,HKD,19.16,2021-04-30,22.65,18.22,18.0,2020-12-11,17.1,OPEN,-10.75,-23.0,46.0,-59.0
-,0808.HK,2020-08-14,HKD,2.46,2021-01-26,2.67,8.54,13.0,2020-12-11,2.45,OPEN,-0.41,-1.0,72.0,-5.0
-,0880.HK,2020-08-14,HKD,9.77,2020-12-25,11.52,17.91,34.0,2020-12-11,9.2,OPEN,-5.83,-12.0,89.0,-33.0
-,1623.HK,2020-08-14,HKD,0.2,2021-08-05,0.29,45.0,32.0,2020-12-11,0.22,OPEN,10.0,21.0,33.0,22.0
-,PEP,2020-08-14,USD,137.56,2021-03-15,147.27,7.06,8.0,2020-12-11,144.97,OPEN,5.39,11.0,56.0,76.0
-,IBM,2020-08-14,USD,125.27,2021-05-12,136.14,8.68,8.0,2020-12-11,124.27,OPEN,-0.8,-2.0,44.0,-9.0
-,ASX-ECX,2020-08-17,AUD,1.45,2021-06-17,1.66,14.48,12.0,2020-09-29,1.66,CLOSED,14.48,85.0,14.0,100.0
-,ASX-ECX,2020-08-17,AUD,1.45,2020-11-09,1.65,13.79,41.0,2020-09-29,1.65,CLOSED,13.79,81.0,51.0,100.0
-,ASX-PGH,2020-08-17,AUD,2.3,2021-01-10,2.46,6.96,12.0,2020-08-19,2.46,CLOSED,6.96,877.0,1.0,100.0
-,ASX-CHC,2020-08-17,AUD,11.25,2021-06-03,13.53,20.27,18.0,2020-10-07,13.53,CLOSED,20.27,100.0,18.0,100.0
-,ASX-CNU,2020-08-17,AUD,7.04,2021-05-13,8.24,17.05,16.0,2020-09-08,8.24,CLOSED,17.05,195.0,8.0,100.0
-,ASX-AGL,2020-08-17,AUD,15.44,2020-12-09,16.81,8.87,20.0,2020-12-09,13.34,CLOSED,-13.6,-30.0,100.0,-153.0
-,ASX-MMS,2020-08-17,AUD,9.15,2020-12-24,10.2,11.48,22.0,2020-11-10,10.2,CLOSED,11.48,34.0,66.0,100.0
-,ASX-CNU,2020-08-17,AUD,7.04,2021-02-08,8.05,14.35,21.0,2020-09-08,8.05,CLOSED,14.35,164.0,13.0,100.0
-,ASX-CNU,2020-08-17,AUD,7.04,2020-10-08,7.51,6.68,32.0,2020-08-25,7.51,CLOSED,6.68,210.0,15.0,100.0
-,ASX-SVW,2020-08-17,AUD,17.49,2021-01-21,20.11,14.98,24.0,2020-10-07,20.11,CLOSED,14.98,74.0,32.0,100.0
-,ASX-SGR,2020-08-17,AUD,2.78,2021-07-31,3.12,12.23,9.0,2020-08-21,3.12,CLOSED,12.23,770.0,1.0,100.0
-,ASX-CNU,2020-08-17,AUD,7.04,2020-10-23,7.55,7.24,27.0,2020-08-25,7.55,CLOSED,7.24,228.0,12.0,100.0
-,ASX-CNU,2020-08-17,AUD,7.04,2021-01-30,7.71,9.52,14.0,2020-08-25,7.71,CLOSED,9.52,300.0,5.0,100.0
-,ASX-WOR,2020-08-17,AUD,8.86,2020-11-21,9.23,4.18,11.0,2020-08-26,9.23,CLOSED,4.18,117.0,9.0,100.0
-,ASX-SVW,2020-08-17,AUD,17.49,2020-11-15,18.62,6.46,18.0,2020-08-21,18.62,CLOSED,6.46,407.0,4.0,100.0
-,ASX-MQG,2020-08-17,AUD,126.69,2021-04-09,138.24,9.12,10.0,2020-11-10,138.24,CLOSED,9.12,27.0,36.0,100.0
-,ASX-IRE,2020-08-17,AUD,10.94,2020-12-06,11.45,4.66,11.0,2020-12-04,10.14,CLOSED,-7.31,-17.0,98.0,-157.0
-,1251.HK,2020-08-17,HKD,0.26,2020-10-05,0.4,53.85,277.0,2020-10-05,0.21,CLOSED,-19.23,-99.0,100.0,-36.0
-,1251.HK,2020-08-17,HKD,0.26,2020-10-05,0.4,53.85,277.0,2020-10-05,0.21,CLOSED,-19.23,-99.0,100.0,-36.0
-,0510.HK,2020-08-17,HKD,0.03,2021-08-14,0.06,100.0,70.0,2020-09-07,0.06,CLOSED,100.0,1200.0,6.0,100.0
-,8206.HK,2020-08-17,HKD,0.11,2020-11-17,0.15,36.36,100.0,2020-11-17,0.08,CLOSED,-27.27,-75.0,100.0,-75.0
-,0992.HK,2020-08-17,HKD,4.88,2021-04-30,5.39,10.45,10.0,2020-08-31,5.39,CLOSED,10.45,188.0,5.0,100.0
-,0689.HK,2020-08-17,HKD,0.04,2020-12-29,0.07,75.0,141.0,2020-12-01,0.07,CLOSED,75.0,178.0,79.0,100.0
-,1881.HK,2020-08-17,HKD,1.2,2021-03-22,1.34,11.67,14.0,2020-11-11,1.34,CLOSED,11.67,34.0,40.0,100.0
-,2600.HK,2020-08-17,HKD,2.03,2021-01-28,2.3,13.3,20.0,2020-11-20,2.3,CLOSED,13.3,35.0,58.0,100.0
-,0992.HK,2020-08-17,HKD,4.88,2020-10-12,5.01,2.66,12.0,2020-08-18,5.01,CLOSED,2.66,670.0,2.0,100.0
-,0992.HK,2020-08-17,HKD,4.88,2020-10-21,5.07,3.89,15.0,2020-08-19,5.07,CLOSED,3.89,490.0,3.0,100.0
-,2883.HK,2020-08-17,HKD,6.4,2020-11-08,6.89,7.66,23.0,2020-11-06,4.74,CLOSED,-25.94,-81.0,98.0,-339.0
-,0689.HK,2020-08-17,HKD,0.04,2021-01-23,0.08,100.0,158.0,2020-12-10,0.08,CLOSED,100.0,219.0,72.0,100.0
-,3303.HK,2020-08-17,HKD,0.52,2020-11-03,0.56,7.69,25.0,2020-11-03,0.48,CLOSED,-7.69,-25.0,100.0,-100.0
-,1766.HK,2020-08-17,HKD,3.67,2020-09-14,4.17,13.62,123.0,2020-09-14,3.21,CLOSED,-12.53,-113.0,100.0,-92.0
-,1766.HK,2020-08-17,HKD,3.67,2020-11-11,4.13,12.53,37.0,2020-11-11,3.46,CLOSED,-5.72,-17.0,100.0,-46.0
-,VHT,2020-08-17,USD,206.63,2020-12-27,214.71,3.91,7.0,2020-11-04,214.71,CLOSED,3.91,12.0,60.0,100.0
-,IYH,2020-08-17,USD,230.84,2020-12-02,238.32,3.24,8.0,2020-11-04,238.32,CLOSED,3.24,10.0,74.0,100.0
-,VHT,2020-08-17,USD,206.63,2020-11-11,213.55,3.35,10.0,2020-11-04,213.55,CLOSED,3.35,11.0,92.0,100.0
-,EQR,2020-08-17,USD,55.39,2021-03-29,60.43,9.1,10.0,2020-11-09,60.43,CLOSED,9.1,27.0,38.0,100.0
-,IYH,2020-08-17,USD,230.84,2021-03-11,241.14,4.46,5.0,2020-11-09,241.14,CLOSED,4.46,13.0,41.0,100.0
-,ASX-CNU,2020-08-17,AUD,7.04,2021-05-29,8.86,25.85,23.0,2020-12-11,7.37,OPEN,4.69,10.0,41.0,18.0
-,ASX-MQG,2020-08-17,AUD,126.69,2021-06-03,150.11,18.49,16.0,2020-12-11,138.08,OPEN,8.99,20.0,40.0,49.0
-,ASX-AGL,2020-08-17,AUD,15.44,2021-01-19,16.47,6.67,11.0,2020-12-11,13.33,OPEN,-13.67,-30.0,75.0,-205.0
-,ASX-IRE,2020-08-17,AUD,10.94,2021-07-14,12.46,13.89,11.0,2020-12-11,10.2,OPEN,-6.76,-15.0,35.0,-49.0
-,ASX-IRE,2020-08-17,AUD,10.94,2021-07-21,12.47,13.99,10.0,2020-12-11,10.2,OPEN,-6.76,-15.0,34.0,-48.0
-,2600.HK,2020-08-17,HKD,2.03,2021-05-22,3.17,56.16,51.0,2020-12-11,2.78,OPEN,36.95,80.0,42.0,66.0
-,3898.HK,2020-08-17,HKD,29.65,2021-02-04,39.45,33.05,49.0,2020-12-11,24.6,OPEN,-17.03,-37.0,68.0,-52.0
-,3898.HK,2020-08-17,HKD,29.65,2021-01-25,42.9,44.69,70.0,2020-12-11,24.6,OPEN,-17.03,-37.0,72.0,-38.0
-,8206.HK,2020-08-17,HKD,0.11,2021-07-01,0.21,90.91,72.0,2020-12-11,0.08,OPEN,-27.27,-59.0,36.0,-30.0
-,0689.HK,2020-08-17,HKD,0.04,2021-04-07,0.12,200.0,216.0,2020-12-11,0.09,OPEN,125.0,272.0,50.0,62.0
-,0689.HK,2020-08-17,HKD,0.04,2021-03-15,0.11,175.0,210.0,2020-12-11,0.09,OPEN,125.0,272.0,55.0,71.0
-,3898.HK,2020-08-17,HKD,29.65,2021-02-18,40.8,37.61,51.0,2020-12-11,24.6,OPEN,-17.03,-37.0,63.0,-45.0
-,2883.HK,2020-08-17,HKD,6.4,2021-05-07,8.46,32.19,31.0,2020-12-11,5.84,OPEN,-8.75,-19.0,44.0,-27.0
-,1766.HK,2020-08-17,HKD,3.67,2021-04-22,4.72,28.61,29.0,2020-12-11,2.87,OPEN,-21.8,-47.0,47.0,-76.0
-,3898.HK,2020-08-17,HKD,29.65,2021-05-05,39.99,34.87,34.0,2020-12-11,24.6,OPEN,-17.03,-37.0,44.0,-49.0
-,2328.HK,2020-08-17,HKD,6.5,2021-08-08,8.89,36.77,26.0,2020-12-11,6.01,OPEN,-7.54,-16.0,33.0,-21.0
-,2800.HK,2020-08-17,HKD,26.0,2021-05-08,28.87,11.04,11.0,2020-12-11,26.7,OPEN,2.69,6.0,44.0,24.0
-,0173.HK,2020-08-17,HKD,3.3,2021-07-10,4.42,33.94,26.0,2020-12-11,3.85,OPEN,16.67,36.0,35.0,49.0
-,0173.HK,2020-08-17,HKD,3.3,2021-07-12,4.19,26.97,21.0,2020-12-11,3.85,OPEN,16.67,36.0,35.0,62.0
-,0880.HK,2020-08-17,HKD,9.84,2020-12-28,11.6,17.89,34.0,2020-12-11,9.2,OPEN,-6.5,-14.0,87.0,-36.0
-,1623.HK,2020-08-17,HKD,0.2,2021-08-08,0.29,45.0,32.0,2020-12-11,0.22,OPEN,10.0,22.0,33.0,22.0
-,2328.HK,2020-08-17,HKD,6.5,2021-04-24,7.79,19.85,20.0,2020-12-11,6.01,OPEN,-7.54,-16.0,46.0,-38.0
-,TSLA,2020-08-17,USD,1835.64,2021-07-03,2502.53,36.33,29.0,2020-12-11,609.99,OPEN,-66.77,-145.0,36.0,-184.0
-,TSLA,2020-08-17,USD,1835.64,2021-05-14,2425.98,32.16,30.0,2020-12-11,609.99,OPEN,-66.77,-145.0,43.0,-208.0
-,ASX-CNU,2020-08-18,AUD,7.21,2021-05-14,8.44,17.06,16.0,2020-09-14,8.44,CLOSED,17.06,159.0,10.0,100.0
-,ASX-ABC,2020-08-18,AUD,2.35,2021-07-30,2.78,18.3,13.0,2020-09-15,2.78,CLOSED,18.3,165.0,8.0,100.0
-,ASX-A2M,2020-08-18,AUD,19.49,2020-11-29,23.8,22.11,54.0,2020-11-27,13.9,CLOSED,-28.68,-72.0,98.0,-130.0
-,ASX-SEK,2020-08-18,AUD,19.41,2021-06-16,26.29,35.45,30.0,2020-11-19,26.29,CLOSED,35.45,96.0,31.0,100.0
-,ASX-SEK,2020-08-18,AUD,19.41,2021-07-05,27.14,39.82,31.0,2020-12-09,27.14,CLOSED,39.82,89.0,35.0,100.0
-,ASX-SEK,2020-08-18,AUD,19.41,2021-08-12,26.22,35.09,25.0,2020-11-19,26.22,CLOSED,35.09,95.0,26.0,100.0
-,ASX-A2M,2020-08-18,AUD,19.49,2020-10-01,21.55,10.57,61.0,2020-10-01,14.02,CLOSED,-28.07,-161.0,100.0,-266.0
-,ASX-CNU,2020-08-18,AUD,7.21,2020-10-09,7.69,6.66,32.0,2020-08-25,7.69,CLOSED,6.66,240.0,13.0,100.0
-,ASX-CNU,2020-08-18,AUD,7.21,2021-01-31,7.9,9.57,15.0,2020-09-08,7.9,CLOSED,9.57,115.0,13.0,100.0
-,ASX-A2M,2020-08-18,AUD,19.49,2020-09-23,20.77,6.57,46.0,2020-09-23,17.02,CLOSED,-12.67,-89.0,100.0,-193.0
-,0345.HK,2020-08-18,HKD,28.1,2021-04-02,34.16,21.57,24.0,2020-11-09,34.16,CLOSED,21.57,65.0,37.0,100.0
-,0510.HK,2020-08-18,HKD,0.03,2021-08-15,0.06,100.0,70.0,2020-09-07,0.06,CLOSED,100.0,1260.0,6.0,100.0
-,0992.HK,2020-08-18,HKD,4.99,2021-05-01,5.51,10.42,10.0,2020-09-16,5.51,CLOSED,10.42,91.0,11.0,100.0
-,0689.HK,2020-08-18,HKD,0.04,2020-12-30,0.07,75.0,141.0,2020-12-01,0.07,CLOSED,75.0,180.0,78.0,100.0
-,0345.HK,2020-08-18,HKD,28.1,2020-12-26,30.23,7.58,15.0,2020-09-16,30.23,CLOSED,7.58,66.0,22.0,100.0
-,1881.HK,2020-08-18,HKD,1.2,2021-03-23,1.34,11.67,14.0,2020-11-11,1.34,CLOSED,11.67,35.0,39.0,100.0
-,2600.HK,2020-08-18,HKD,2.11,2021-01-29,2.39,13.27,20.0,2020-11-23,2.39,CLOSED,13.27,34.0,59.0,100.0
-,0992.HK,2020-08-18,HKD,4.99,2020-10-13,5.12,2.61,12.0,2020-08-19,5.12,CLOSED,2.61,658.0,2.0,100.0
-,0992.HK,2020-08-18,HKD,4.99,2020-10-22,5.19,4.01,16.0,2020-08-19,5.19,CLOSED,4.01,1011.0,2.0,100.0
-,0689.HK,2020-08-18,HKD,0.04,2021-01-24,0.08,100.0,158.0,2020-12-10,0.08,CLOSED,100.0,221.0,72.0,100.0
-,PSA,2020-08-18,USD,200.94,2021-01-03,221.17,10.07,18.0,2020-09-09,221.17,CLOSED,10.07,115.0,16.0,100.0
-,IXN,2020-08-18,USD,260.07,2021-01-02,278.95,7.26,13.0,2020-09-01,278.95,CLOSED,7.26,131.0,10.0,100.0
-,DHR,2020-08-18,USD,207.68,2021-01-21,225.67,8.66,14.0,2020-10-09,225.67,CLOSED,8.66,42.0,33.0,100.0
-,SCCO,2020-08-18,USD,46.55,2021-05-10,56.79,22.0,21.0,2020-11-09,56.79,CLOSED,22.0,67.0,31.0,100.0
-,KO,2020-08-18,USD,48.42,2021-08-05,53.18,9.83,7.0,2020-11-09,53.18,CLOSED,9.83,30.0,24.0,100.0
-,QQQ,2020-08-18,USD,277.97,2021-01-20,294.81,6.06,10.0,2020-08-31,294.81,CLOSED,6.06,117.0,8.0,100.0
-,KO,2020-08-18,USD,48.42,2021-04-19,51.8,6.98,7.0,2020-09-03,51.8,CLOSED,6.98,110.0,7.0,100.0
-,ORCL,2020-08-18,USD,55.18,2021-02-19,61.58,11.6,16.0,2020-09-11,61.58,CLOSED,11.6,122.0,13.0,100.0
-,CCI,2020-08-18,USD,166.0,2020-12-18,171.83,3.51,7.0,2020-11-18,171.83,CLOSED,3.51,10.0,75.0,100.0
-,DHR,2020-08-18,USD,207.68,2021-01-03,219.41,5.65,10.0,2020-10-06,219.41,CLOSED,5.65,29.0,36.0,100.0
-,QQQ,2020-08-18,USD,277.97,2020-11-23,284.61,2.39,6.0,2020-08-24,284.61,CLOSED,2.39,100.0,6.0,100.0
-,IXN,2020-08-18,USD,260.07,2020-11-06,270.52,4.02,13.0,2020-08-26,270.52,CLOSED,4.02,127.0,10.0,100.0
-,ORCL,2020-08-18,USD,55.18,2020-10-22,58.49,6.0,23.0,2020-09-02,58.49,CLOSED,6.0,101.0,23.0,100.0
-,CCI,2020-08-18,USD,166.0,2020-09-24,170.15,2.5,17.0,2020-09-24,157.4,CLOSED,-5.18,-35.0,100.0,-207.0
-,IXN,2020-08-18,USD,260.07,2020-09-30,264.6,1.74,10.0,2020-08-24,264.6,CLOSED,1.74,73.0,14.0,100.0
-,SCCO,2020-08-18,USD,46.55,2020-12-15,50.43,8.34,18.0,2020-10-21,50.43,CLOSED,8.34,33.0,54.0,100.0
-,ASX-A2M,2020-08-18,AUD,19.49,2021-02-07,28.64,46.95,68.0,2020-12-11,13.06,OPEN,-32.99,-72.0,66.0,-70.0
-,1113.HK,2020-08-18,HKD,42.85,2021-02-21,48.72,13.7,18.0,2020-12-11,43.25,OPEN,0.93,2.0,61.0,7.0
-,1113.HK,2020-08-18,HKD,42.85,2021-02-15,48.45,13.07,18.0,2020-12-11,43.25,OPEN,0.93,2.0,64.0,7.0
-,2600.HK,2020-08-18,HKD,2.11,2021-05-23,3.3,56.4,51.0,2020-12-11,2.78,OPEN,31.75,70.0,41.0,56.0
-,3898.HK,2020-08-18,HKD,29.35,2021-02-05,39.05,33.05,49.0,2020-12-11,24.6,OPEN,-16.18,-35.0,67.0,-49.0
-,3898.HK,2020-08-18,HKD,29.35,2021-01-26,42.47,44.7,70.0,2020-12-11,24.6,OPEN,-16.18,-35.0,71.0,-36.0
-,0345.HK,2020-08-18,HKD,28.1,2021-06-09,37.15,32.21,28.0,2020-12-11,31.05,OPEN,10.5,23.0,39.0,33.0
-,0689.HK,2020-08-18,HKD,0.04,2021-04-08,0.12,200.0,216.0,2020-12-11,0.09,OPEN,125.0,274.0,49.0,62.0
-,0689.HK,2020-08-18,HKD,0.04,2021-03-16,0.11,175.0,210.0,2020-12-11,0.09,OPEN,125.0,274.0,55.0,71.0
-,0880.HK,2020-08-18,HKD,9.86,2020-12-29,11.63,17.95,34.0,2020-12-11,9.2,OPEN,-6.69,-15.0,86.0,-37.0
-,1623.HK,2020-08-18,HKD,0.2,2021-08-09,0.29,45.0,32.0,2020-12-11,0.22,OPEN,10.0,22.0,32.0,22.0
-,AMZN,2020-08-18,USD,3312.49,2021-02-23,4364.54,31.76,42.0,2020-12-11,3116.42,OPEN,-5.92,-13.0,61.0,-19.0
-,SCCO,2020-08-18,USD,46.55,2021-08-16,62.61,34.5,24.0,2020-12-11,59.76,OPEN,28.38,62.0,32.0,82.0
-,AMZN,2020-08-18,USD,3312.49,2021-04-08,4220.44,27.41,30.0,2020-12-11,3116.42,OPEN,-5.92,-13.0,49.0,-22.0
-,CCI,2020-08-18,USD,166.0,2021-02-19,187.08,12.7,17.0,2020-12-11,157.68,OPEN,-5.01,-11.0,62.0,-39.0
-,RIO,2020-08-18,USD,63.58,2021-04-29,74.9,17.8,18.0,2020-12-11,74.12,OPEN,16.58,36.0,45.0,93.0
-,PTR,2020-08-18,USD,35.3,2021-08-09,39.24,11.16,8.0,2020-12-11,30.83,OPEN,-12.66,-28.0,32.0,-113.0
+,ASX-AGL,2020-08-19,AUD,15.48,2020-12-11,16.85,8.85,20.0,2020-12-11,13.33,CLOSED,-13.89,-31.0,100.0,-157.0
-,ASX-CGC,2020-08-19,AUD,3.03,2020-11-25,3.85,27.06,70.0,2020-11-11,3.85,CLOSED,27.06,81.0,86.0,100.0
-,ASX-BAP,2020-08-19,AUD,6.9,2021-02-14,7.14,3.48,5.0,2020-09-03,7.14,CLOSED,3.48,58.0,8.0,100.0
-,ASX-BAP,2020-08-19,AUD,6.9,2021-08-10,7.86,13.91,10.0,2020-10-12,7.86,CLOSED,13.91,65.0,15.0,100.0
-,ASX-BAP,2020-08-19,AUD,6.9,2021-08-18,8.07,16.96,12.0,2020-10-12,8.07,CLOSED,16.96,79.0,15.0,100.0
-,ASX-SEK,2020-08-19,AUD,19.71,2021-06-17,26.7,35.46,30.0,2020-12-01,26.7,CLOSED,35.46,86.0,34.0,100.0
-,ASX-SEK,2020-08-19,AUD,19.71,2021-08-13,26.62,35.06,25.0,2020-12-01,26.62,CLOSED,35.06,85.0,29.0,100.0
-,ASX-VOC,2020-08-19,AUD,3.07,2021-07-27,3.47,13.03,10.0,2020-08-24,3.47,CLOSED,13.03,657.0,1.0,100.0
-,ASX-GEM,2020-08-19,AUD,0.97,2021-04-28,1.25,28.87,29.0,2020-11-10,1.25,CLOSED,28.87,88.0,33.0,100.0
-,ASX-BAP,2020-08-19,AUD,6.9,2021-04-06,7.77,12.61,14.0,2020-10-12,7.77,CLOSED,12.61,59.0,23.0,100.0
-,ASX-CGC,2020-08-19,AUD,3.03,2020-10-26,3.25,7.26,27.0,2020-08-28,3.25,CLOSED,7.26,203.0,13.0,100.0
-,0992.HK,2020-08-19,HKD,5.04,2021-05-02,5.56,10.32,10.0,2020-09-17,5.56,CLOSED,10.32,90.0,11.0,100.0
-,0689.HK,2020-08-19,HKD,0.04,2020-12-31,0.07,75.0,141.0,2020-12-01,0.07,CLOSED,75.0,182.0,78.0,100.0
-,2600.HK,2020-08-19,HKD,2.08,2021-01-30,2.36,13.46,21.0,2020-11-23,2.36,CLOSED,13.46,35.0,59.0,100.0
-,0992.HK,2020-08-19,HKD,5.04,2020-10-14,5.17,2.58,12.0,2020-08-28,5.17,CLOSED,2.58,72.0,16.0,100.0
-,0992.HK,2020-08-19,HKD,5.04,2020-10-23,5.24,3.97,15.0,2020-08-28,5.24,CLOSED,3.97,111.0,14.0,100.0
-,0689.HK,2020-08-19,HKD,0.04,2021-01-25,0.08,100.0,158.0,2020-12-10,0.08,CLOSED,100.0,223.0,71.0,100.0
-,ZS,2020-08-19,USD,128.26,2020-12-09,207.76,61.98,139.0,2020-12-09,176.7,CLOSED,37.77,85.0,100.0,61.0
-,YUM,2020-08-19,USD,93.93,2021-03-17,104.2,10.93,13.0,2020-11-09,104.2,CLOSED,10.93,34.0,39.0,100.0
-,ZS,2020-08-19,USD,128.26,2020-10-24,155.71,21.4,82.0,2020-09-01,155.71,CLOSED,21.4,415.0,20.0,100.0
-,PEP,2020-08-19,USD,136.45,2021-03-20,143.07,4.85,6.0,2020-09-02,143.07,CLOSED,4.85,87.0,7.0,100.0
-,PX,2020-08-19,USD,0.25,2021-02-11,0.27,8.0,11.0,2020-08-21,0.27,CLOSED,8.0,1008.0,1.0,100.0
-,ZS,2020-08-19,USD,128.26,2020-09-14,135.25,5.45,53.0,2020-08-20,135.25,CLOSED,5.45,1373.0,4.0,100.0
-,YUM,2020-08-19,USD,93.93,2020-11-30,99.67,6.11,15.0,2020-10-15,99.67,CLOSED,6.11,27.0,55.0,100.0
-,FCX,2020-08-19,USD,14.94,2021-08-06,19.54,30.79,22.0,2020-11-09,19.54,CLOSED,30.79,95.0,23.0,100.0
-,ASX-BAP,2020-08-19,AUD,6.9,2021-06-03,8.6,24.64,22.0,2020-12-11,7.04,OPEN,2.03,4.0,40.0,8.0
-,ASX-CGC,2020-08-19,AUD,3.03,2021-03-03,4.3,41.91,54.0,2020-12-11,4.01,OPEN,32.34,71.0,58.0,77.0
-,ASX-NAN,2020-08-19,AUD,6.5,2021-07-19,9.02,38.77,29.0,2020-12-11,7.08,OPEN,8.92,20.0,34.0,23.0
-,ASX-BPT,2020-08-19,AUD,1.56,2021-03-31,2.74,75.64,85.0,2020-12-11,1.885,OPEN,20.83,46.0,51.0,28.0
-,ASX-AGL,2020-08-19,AUD,15.48,2021-01-21,16.51,6.65,11.0,2020-12-11,13.33,OPEN,-13.89,-31.0,74.0,-209.0
-,ASX-GEM,2020-08-19,AUD,0.97,2021-05-22,1.34,38.14,35.0,2020-12-11,1.2,OPEN,23.71,52.0,41.0,62.0
-,ASX-NAN,2020-08-19,AUD,6.5,2021-05-29,7.93,22.0,20.0,2020-12-11,7.08,OPEN,8.92,20.0,40.0,41.0
-,2600.HK,2020-08-19,HKD,2.08,2021-05-24,3.25,56.25,51.0,2020-12-11,2.78,OPEN,33.65,74.0,41.0,60.0
-,3898.HK,2020-08-19,HKD,28.55,2021-02-06,37.99,33.06,49.0,2020-12-11,24.6,OPEN,-13.84,-31.0,67.0,-42.0
-,3898.HK,2020-08-19,HKD,28.55,2021-01-27,41.31,44.69,70.0,2020-12-11,24.6,OPEN,-13.84,-31.0,71.0,-31.0
-,0689.HK,2020-08-19,HKD,0.04,2021-04-09,0.12,200.0,216.0,2020-12-11,0.09,OPEN,125.0,276.0,49.0,62.0
-,0689.HK,2020-08-19,HKD,0.04,2021-03-17,0.11,175.0,210.0,2020-12-11,0.09,OPEN,125.0,276.0,54.0,71.0
-,0880.HK,2020-08-19,HKD,9.82,2020-12-30,11.58,17.92,34.0,2020-12-11,9.2,OPEN,-6.31,-14.0,86.0,-35.0
-,1623.HK,2020-08-19,HKD,0.2,2021-08-10,0.29,45.0,32.0,2020-12-11,0.22,OPEN,10.0,22.0,32.0,22.0
-,YUM,2020-08-19,USD,93.93,2021-06-11,109.64,16.73,14.0,2020-12-11,105.99,OPEN,12.84,28.0,39.0,77.0
-,WY,2020-08-19,USD,28.97,2021-07-14,32.43,11.94,9.0,2020-12-11,32.0,OPEN,10.46,23.0,35.0,88.0
-,GIS,2020-08-19,USD,64.46,2021-03-05,68.52,6.3,8.0,2020-12-11,59.32,OPEN,-7.97,-18.0,58.0,-127.0
-,ASX-SDF,2020-08-20,AUD,3.55,2021-01-22,3.91,10.14,16.0,2020-11-10,3.91,CLOSED,10.14,31.0,53.0,100.0
-,ASX-SDF,2020-08-20,AUD,3.55,2020-10-24,3.77,6.2,24.0,2020-10-23,3.36,CLOSED,-5.35,-21.0,98.0,-86.0
-,ASX-MND,2020-08-20,AUD,10.92,2020-10-22,11.67,6.87,27.0,2020-10-22,10.02,CLOSED,-8.24,-33.0,100.0,-120.0
-,ASX-ABP,2020-08-20,AUD,2.71,2021-07-17,2.88,6.27,5.0,2020-09-16,2.88,CLOSED,6.27,59.0,8.0,100.0
-,ASX-MND,2020-08-20,AUD,10.92,2021-05-18,12.82,17.4,16.0,2020-11-25,12.82,CLOSED,17.4,45.0,36.0,100.0
-,0510.HK,2020-08-20,HKD,0.03,2021-08-17,0.06,100.0,70.0,2020-09-07,0.06,CLOSED,100.0,1400.0,5.0,100.0
-,0459.HK,2020-08-20,HKD,0.11,2020-12-03,0.17,54.55,131.0,2020-12-03,0.1,CLOSED,-9.09,-22.0,100.0,-17.0
-,0992.HK,2020-08-20,HKD,4.96,2021-05-03,5.48,10.48,10.0,2020-09-16,5.48,CLOSED,10.48,98.0,11.0,100.0
-,0689.HK,2020-08-20,HKD,0.04,2021-01-01,0.07,75.0,141.0,2020-12-01,0.07,CLOSED,75.0,183.0,77.0,100.0
-,2600.HK,2020-08-20,HKD,2.06,2021-01-31,2.33,13.11,20.0,2020-11-23,2.33,CLOSED,13.11,35.0,58.0,100.0
-,0992.HK,2020-08-20,HKD,4.96,2020-10-15,5.09,2.62,12.0,2020-08-28,5.09,CLOSED,2.62,83.0,14.0,100.0
-,0992.HK,2020-08-20,HKD,4.96,2020-10-24,5.16,4.03,16.0,2020-08-28,5.16,CLOSED,4.03,127.0,12.0,100.0
-,0689.HK,2020-08-20,HKD,0.04,2021-01-26,0.08,100.0,158.0,2020-12-10,0.08,CLOSED,100.0,225.0,70.0,100.0
-,SHOP,2020-08-20,USD,1039.62,2020-12-05,1447.46,39.23,92.0,2020-12-04,1053.89,CLOSED,1.37,3.0,99.0,3.0
-,SHOP,2020-08-20,USD,1039.62,2020-12-07,1388.1,33.52,77.0,2020-12-07,1084.4,CLOSED,4.31,10.0,100.0,13.0
-,PYPL,2020-08-20,USD,198.18,2020-11-17,223.07,12.56,36.0,2020-11-17,192.3,CLOSED,-2.97,-8.0,100.0,-24.0
-,PYPL,2020-08-20,USD,198.18,2020-10-25,213.72,7.84,30.0,2020-10-21,213.72,CLOSED,7.84,32.0,94.0,100.0
-,SHOP,2020-08-20,USD,1039.62,2020-09-28,1188.39,14.31,92.0,2020-09-28,966.5,CLOSED,-7.03,-45.0,100.0,-49.0
-,SHOP,2020-08-20,USD,1039.62,2020-09-16,1131.63,8.85,83.0,2020-09-01,1131.63,CLOSED,8.85,186.0,44.0,100.0
-,PYPL,2020-08-20,USD,198.18,2020-09-19,206.54,4.22,35.0,2020-08-27,206.54,CLOSED,4.22,152.0,23.0,100.0
-,EQR,2020-08-20,USD,55.25,2021-05-03,60.43,9.38,9.0,2020-11-09,60.43,CLOSED,9.38,29.0,32.0,100.0
-,AGN,2020-08-20,USD,0.36,2021-06-07,0.39,8.33,7.0,2020-08-24,0.39,CLOSED,8.33,525.0,1.0,100.0
-,ASX-SDF,2020-08-20,AUD,3.55,2021-06-12,4.67,31.55,27.0,2020-12-11,3.89,OPEN,9.58,21.0,38.0,30.0
-,ASX-TNE,2020-08-20,AUD,8.46,2021-05-12,9.53,12.65,12.0,2020-12-11,8.33,OPEN,-1.54,-3.0,43.0,-12.0
-,2600.HK,2020-08-20,HKD,2.06,2021-05-25,3.22,56.31,51.0,2020-12-11,2.78,OPEN,34.95,78.0,41.0,62.0
-,3898.HK,2020-08-20,HKD,28.45,2021-02-07,37.85,33.04,49.0,2020-12-11,24.6,OPEN,-13.53,-30.0,66.0,-41.0
-,3898.HK,2020-08-20,HKD,28.45,2021-01-28,41.17,44.71,70.0,2020-12-11,24.6,OPEN,-13.53,-30.0,70.0,-30.0
-,2382.HK,2020-08-20,HKD,126.1,2021-07-26,206.43,63.7,47.0,2020-12-11,144.8,OPEN,14.83,33.0,33.0,23.0
-,0689.HK,2020-08-20,HKD,0.04,2021-04-10,0.12,200.0,216.0,2020-12-11,0.09,OPEN,125.0,279.0,48.0,62.0
-,0689.HK,2020-08-20,HKD,0.04,2021-03-18,0.11,175.0,210.0,2020-12-11,0.09,OPEN,125.0,279.0,54.0,71.0
-,0880.HK,2020-08-20,HKD,9.75,2020-12-31,11.5,17.95,34.0,2020-12-11,9.2,OPEN,-5.64,-13.0,85.0,-31.0
-,1623.HK,2020-08-20,HKD,0.2,2021-08-11,0.29,45.0,32.0,2020-12-11,0.22,OPEN,10.0,22.0,32.0,22.0
-,2382.HK,2020-08-20,HKD,126.1,2021-05-17,190.15,50.79,47.0,2020-12-11,144.8,OPEN,14.83,33.0,42.0,29.0
-,PYPL,2020-08-20,USD,198.18,2021-03-05,274.97,38.75,50.0,2020-12-11,214.06,OPEN,8.01,18.0,57.0,21.0
-,ORCL,2020-08-20,USD,55.26,2021-07-16,63.11,14.21,11.0,2020-12-11,60.61,OPEN,9.68,22.0,34.0,68.0
-,ASX-CCP,2020-08-24,AUD,19.29,2021-04-09,23.69,22.81,25.0,2020-11-17,23.69,CLOSED,22.81,68.0,37.0,100.0
-,ASX-SYD,2020-08-24,AUD,5.44,2021-05-01,5.98,9.93,10.0,2020-09-29,5.98,CLOSED,9.93,70.0,14.0,100.0
-,ASX-CCP,2020-08-24,AUD,19.29,2020-11-22,20.84,8.04,23.0,2020-10-22,20.84,CLOSED,8.04,34.0,66.0,100.0
-,ASX-CCP,2020-08-24,AUD,19.29,2021-03-04,23.1,19.75,26.0,2020-11-16,23.1,CLOSED,19.75,59.0,44.0,100.0
-,ASX-MPL,2020-08-24,AUD,2.88,2020-09-30,2.98,3.47,24.0,2020-09-30,2.51,CLOSED,-12.85,-88.0,100.0,-370.0
-,ASX-DXS,2020-08-24,AUD,8.67,2021-07-07,9.01,3.92,3.0,2020-09-03,9.01,CLOSED,3.92,99.0,3.0,100.0
-,ASX-DXS,2020-08-24,AUD,8.67,2021-05-12,9.0,3.81,4.0,2020-09-03,9.0,CLOSED,3.81,96.0,4.0,100.0
-,ASX-ALQ,2020-08-24,AUD,9.14,2021-04-21,10.3,12.69,13.0,2020-11-11,10.3,CLOSED,12.69,40.0,33.0,100.0
-,ASX-QUB,2020-08-24,AUD,2.92,2020-11-23,3.12,6.85,19.0,2020-11-10,3.12,CLOSED,6.85,22.0,86.0,100.0
-,ASX-SYD,2020-08-24,AUD,5.44,2020-11-26,5.59,2.76,7.0,2020-08-27,5.59,CLOSED,2.76,232.0,3.0,100.0
-,0510.HK,2020-08-24,HKD,0.03,2021-06-04,0.06,100.0,89.0,2020-09-07,0.06,CLOSED,100.0,1800.0,5.0,100.0
-,0510.HK,2020-08-24,HKD,0.03,2021-08-21,0.06,100.0,70.0,2020-09-07,0.06,CLOSED,100.0,1800.0,4.0,100.0
-,0992.HK,2020-08-24,HKD,4.85,2021-05-07,5.35,10.31,10.0,2020-08-28,5.35,CLOSED,10.31,650.0,2.0,100.0
-,0689.HK,2020-08-24,HKD,0.04,2021-01-05,0.07,75.0,141.0,2020-12-01,0.07,CLOSED,75.0,191.0,74.0,100.0
-,2600.HK,2020-08-24,HKD,2.09,2021-02-04,2.37,13.4,21.0,2020-11-23,2.37,CLOSED,13.4,37.0,55.0,100.0
-,0992.HK,2020-08-24,HKD,4.85,2020-10-19,4.97,2.47,11.0,2020-08-25,4.97,CLOSED,2.47,622.0,2.0,100.0
-,0992.HK,2020-08-24,HKD,4.85,2020-10-28,5.04,3.92,15.0,2020-08-28,5.04,CLOSED,3.92,247.0,6.0,100.0
-,0689.HK,2020-08-24,HKD,0.04,2021-01-30,0.08,100.0,158.0,2020-12-10,0.08,CLOSED,100.0,233.0,68.0,100.0
-,VTR,2020-08-24,USD,42.29,2021-03-06,46.45,9.84,13.0,2020-09-15,46.45,CLOSED,9.84,113.0,11.0,100.0
-,PEP,2020-08-24,USD,137.64,2021-03-23,145.65,5.82,7.0,2020-11-16,145.65,CLOSED,5.82,17.0,40.0,100.0
-,PEP,2020-08-24,USD,137.64,2020-12-23,140.65,2.19,5.0,2020-08-31,140.65,CLOSED,2.19,79.0,6.0,100.0
-,VTR,2020-08-24,USD,42.29,2021-01-09,44.3,4.75,9.0,2020-09-03,44.3,CLOSED,4.75,120.0,7.0,100.0
-,ASX-MPL,2020-08-24,AUD,2.88,2021-04-14,3.38,17.36,19.0,2020-12-11,2.83,OPEN,-1.74,-4.0,47.0,-10.0
-,ASX-QUB,2020-08-24,AUD,2.92,2021-05-09,3.42,17.12,17.0,2020-12-11,2.89,OPEN,-1.03,-2.0,42.0,-6.0
-,ASX-QUB,2020-08-24,AUD,2.92,2021-07-02,3.48,19.18,15.0,2020-12-11,2.89,OPEN,-1.03,-2.0,35.0,-5.0
-,ASX-NAN,2020-08-24,AUD,6.87,2021-07-03,10.0,45.56,37.0,2020-12-11,7.08,OPEN,3.06,7.0,35.0,7.0
-,ASX-ALQ,2020-08-24,AUD,9.14,2021-06-16,11.05,20.9,18.0,2020-12-11,10.0,OPEN,9.41,22.0,37.0,45.0
-,ASX-NAN,2020-08-24,AUD,6.87,2021-05-08,8.65,25.91,25.0,2020-12-11,7.08,OPEN,3.06,7.0,42.0,12.0
-,ASX-AGL,2020-08-24,AUD,15.53,2021-01-26,16.56,6.63,11.0,2020-12-11,13.33,OPEN,-14.17,-33.0,70.0,-214.0
-,ASX-FMG,2020-08-24,AUD,18.56,2021-06-13,24.85,33.89,29.0,2020-12-11,22.95,OPEN,23.65,55.0,37.0,70.0
-,2600.HK,2020-08-24,HKD,2.09,2021-05-29,3.27,56.46,51.0,2020-12-11,2.78,OPEN,33.01,76.0,39.0,58.0
-,3898.HK,2020-08-24,HKD,28.85,2021-02-11,38.38,33.03,49.0,2020-12-11,24.6,OPEN,-14.73,-34.0,64.0,-45.0
-,3898.HK,2020-08-24,HKD,28.85,2021-02-01,41.75,44.71,70.0,2020-12-11,24.6,OPEN,-14.73,-34.0,68.0,-33.0
-,2382.HK,2020-08-24,HKD,125.0,2021-07-30,204.62,63.7,47.0,2020-12-11,144.8,OPEN,15.84,37.0,32.0,25.0
-,0689.HK,2020-08-24,HKD,0.04,2021-04-14,0.12,200.0,216.0,2020-12-11,0.09,OPEN,125.0,289.0,47.0,62.0
-,0689.HK,2020-08-24,HKD,0.04,2021-03-22,0.11,175.0,210.0,2020-12-11,0.09,OPEN,125.0,289.0,52.0,71.0
-,0700.HK,2020-08-24,HKD,548.0,2021-01-31,673.66,22.93,36.0,2020-12-11,588.0,OPEN,7.3,17.0,68.0,32.0
-,0700.HK,2020-08-24,HKD,548.0,2021-03-11,684.12,24.84,31.0,2020-12-11,588.0,OPEN,7.3,17.0,55.0,29.0
-,0880.HK,2020-08-24,HKD,10.3,2021-01-04,12.15,17.96,34.0,2020-12-11,9.2,OPEN,-10.68,-25.0,82.0,-59.0
-,3988.HK,2020-08-24,HKD,2.61,2021-05-03,2.9,11.11,11.0,2020-12-11,2.66,OPEN,1.92,4.0,43.0,17.0
-,1623.HK,2020-08-24,HKD,0.2,2021-08-15,0.29,45.0,32.0,2020-12-11,0.22,OPEN,10.0,23.0,31.0,22.0
-,2382.HK,2020-08-24,HKD,125.0,2021-05-21,188.49,50.79,47.0,2020-12-11,144.8,OPEN,15.84,37.0,40.0,31.0
-,PM,2020-08-24,USD,79.63,2021-05-26,88.33,10.93,10.0,2020-12-11,85.0,OPEN,6.74,16.0,40.0,62.0
-,NDAQ,2020-08-24,USD,131.58,2021-06-02,152.37,15.8,14.0,2020-12-11,125.67,OPEN,-4.49,-10.0,39.0,-28.0
-,NDAQ,2020-08-24,USD,131.58,2021-07-15,154.49,17.41,13.0,2020-12-11,125.67,OPEN,-4.49,-10.0,34.0,-26.0
-,PM,2020-08-24,USD,79.63,2021-07-03,88.53,11.18,9.0,2020-12-11,85.0,OPEN,6.74,16.0,35.0,60.0
-,ASX-GOZ,2020-08-25,AUD,3.39,2021-06-02,3.61,6.49,6.0,2020-11-04,3.61,CLOSED,6.49,23.0,25.0,100.0
-,ASX-NWS,2020-08-25,AUD,20.57,2021-04-06,21.47,4.38,5.0,2020-09-21,21.47,CLOSED,4.38,41.0,12.0,100.0
-,ASX-NSR,2020-08-25,AUD,1.86,2021-07-29,1.98,6.45,5.0,2020-12-08,1.98,CLOSED,6.45,15.0,31.0,100.0
-,ASX-PMV,2020-08-25,AUD,19.11,2020-12-06,22.23,16.33,40.0,2020-10-06,22.23,CLOSED,16.33,98.0,41.0,100.0
-,ASX-ANZ,2020-08-25,AUD,18.8,2021-05-27,19.97,6.22,6.0,2020-11-10,19.97,CLOSED,6.22,20.0,28.0,100.0
-,ASX-ABP,2020-08-25,AUD,2.72,2021-08-11,2.88,5.88,4.0,2020-09-16,2.88,CLOSED,5.88,67.0,6.0,100.0
-,ASX-GOZ,2020-08-25,AUD,3.39,2021-01-05,3.48,2.65,5.0,2020-09-29,3.48,CLOSED,2.65,19.0,26.0,100.0
-,ASX-AST,2020-08-25,AUD,1.86,2021-08-14,1.94,4.3,3.0,2020-10-05,1.94,CLOSED,4.3,26.0,12.0,100.0
-,ASX-NSR,2020-08-25,AUD,1.86,2020-12-17,1.96,5.38,12.0,2020-09-16,1.96,CLOSED,5.38,62.0,19.0,100.0
-,ASX-TNE,2020-08-25,AUD,8.61,2021-05-21,9.47,9.99,9.0,2020-11-26,9.47,CLOSED,9.99,27.0,35.0,100.0
-,ASX-TAH,2020-08-25,AUD,3.63,2021-07-23,3.81,4.96,4.0,2020-11-06,3.81,CLOSED,4.96,17.0,22.0,100.0
-,ASX-ANZ,2020-08-25,AUD,18.8,2021-08-17,20.06,6.7,5.0,2020-11-10,20.06,CLOSED,6.7,22.0,22.0,100.0
-,0345.HK,2020-08-25,HKD,27.65,2021-04-19,34.32,24.12,26.0,2020-11-09,34.32,CLOSED,24.12,80.0,32.0,100.0
-,0345.HK,2020-08-25,HKD,27.65,2021-04-09,33.61,21.56,24.0,2020-11-06,33.61,CLOSED,21.56,74.0,32.0,100.0
-,0510.HK,2020-08-25,HKD,0.03,2021-06-05,0.06,100.0,89.0,2020-09-07,0.06,CLOSED,100.0,1938.0,5.0,100.0
-,0510.HK,2020-08-25,HKD,0.03,2021-08-22,0.06,100.0,70.0,2020-09-07,0.06,CLOSED,100.0,1938.0,4.0,100.0
-,0992.HK,2020-08-25,HKD,4.94,2021-05-08,5.45,10.32,10.0,2020-09-16,5.45,CLOSED,10.32,118.0,9.0,100.0
-,0345.HK,2020-08-25,HKD,27.65,2021-01-13,29.98,8.43,15.0,2020-09-16,29.98,CLOSED,8.43,97.0,16.0,100.0
-,3969.HK,2020-08-25,HKD,3.35,2020-11-19,3.55,5.97,17.0,2020-11-19,2.83,CLOSED,-15.52,-45.0,100.0,-260.0
-,0689.HK,2020-08-25,HKD,0.04,2021-01-06,0.07,75.0,141.0,2020-12-01,0.07,CLOSED,75.0,193.0,73.0,100.0
-,0345.HK,2020-08-25,HKD,27.65,2021-01-02,29.75,7.59,15.0,2020-09-16,29.75,CLOSED,7.59,87.0,17.0,100.0
-,2600.HK,2020-08-25,HKD,2.08,2021-02-05,2.36,13.46,21.0,2020-11-23,2.36,CLOSED,13.46,38.0,55.0,100.0
-,0992.HK,2020-08-25,HKD,4.94,2020-10-20,5.07,2.63,12.0,2020-08-28,5.07,CLOSED,2.63,221.0,5.0,100.0
-,0992.HK,2020-08-25,HKD,4.94,2020-10-29,5.13,3.85,15.0,2020-08-28,5.13,CLOSED,3.85,323.0,5.0,100.0
-,0689.HK,2020-08-25,HKD,0.04,2021-01-31,0.08,100.0,158.0,2020-12-10,0.08,CLOSED,100.0,236.0,67.0,100.0
-,UNP,2020-08-25,USD,194.9,2020-12-29,208.76,7.11,14.0,2020-10-12,208.76,CLOSED,7.11,37.0,38.0,100.0
-,ZNH,2020-08-25,USD,25.98,2021-06-07,33.16,27.64,24.0,2020-12-03,33.16,CLOSED,27.64,70.0,35.0,100.0
-,ZS,2020-08-25,USD,135.63,2020-10-11,162.35,19.7,106.0,2020-09-02,162.35,CLOSED,19.7,621.0,17.0,100.0
-,ZS,2020-08-25,USD,135.63,2020-10-19,189.08,39.41,181.0,2020-10-19,153.17,CLOSED,12.93,59.0,100.0,33.0
-,ASX-PMV,2020-08-25,AUD,19.11,2021-02-23,25.29,32.34,45.0,2020-12-11,22.43,OPEN,17.37,41.0,59.0,54.0
-,ASX-NSR,2020-08-25,AUD,1.86,2021-04-08,2.09,12.37,14.0,2020-12-11,2.04,OPEN,9.68,23.0,48.0,78.0
-,ASX-CPU,2020-08-25,AUD,13.64,2021-07-10,15.2,11.44,9.0,2020-12-11,14.48,OPEN,6.16,14.0,34.0,54.0
-,3969.HK,2020-08-25,HKD,3.35,2021-08-22,3.48,3.88,3.0,2020-12-11,2.65,OPEN,-20.9,-49.0,30.0,-538.0
-,2600.HK,2020-08-25,HKD,2.08,2021-05-30,3.25,56.25,51.0,2020-12-11,2.78,OPEN,33.65,79.0,39.0,60.0
-,3898.HK,2020-08-25,HKD,29.45,2021-02-12,39.18,33.04,49.0,2020-12-11,24.6,OPEN,-16.47,-38.0,63.0,-50.0
-,3898.HK,2020-08-25,HKD,29.45,2021-02-02,42.61,44.69,70.0,2020-12-11,24.6,OPEN,-16.47,-38.0,67.0,-37.0
-,0345.HK,2020-08-25,HKD,27.65,2021-06-16,36.56,32.22,28.0,2020-12-11,31.05,OPEN,12.3,29.0,37.0,38.0
-,0345.HK,2020-08-25,HKD,27.65,2021-08-24,39.5,42.86,30.0,2020-12-11,31.05,OPEN,12.3,29.0,30.0,29.0
-,0689.HK,2020-08-25,HKD,0.04,2021-04-15,0.12,200.0,216.0,2020-12-11,0.09,OPEN,125.0,292.0,46.0,62.0
-,0689.HK,2020-08-25,HKD,0.04,2021-03-23,0.11,175.0,210.0,2020-12-11,0.09,OPEN,125.0,292.0,51.0,71.0
-,0753.HK,2020-08-25,HKD,5.42,2021-08-17,7.21,33.03,23.0,2020-12-11,6.6,OPEN,21.77,51.0,30.0,66.0
-,2883.HK,2020-08-25,HKD,6.6,2021-07-24,8.76,32.73,25.0,2020-12-11,5.84,OPEN,-11.52,-27.0,32.0,-35.0
-,8206.HK,2020-08-25,HKD,0.11,2021-06-03,0.25,127.27,114.0,2020-12-11,0.08,OPEN,-27.27,-64.0,38.0,-21.0
-,0880.HK,2020-08-25,HKD,10.74,2021-01-05,12.67,17.97,34.0,2020-12-11,9.2,OPEN,-14.34,-33.0,81.0,-80.0
-,1623.HK,2020-08-25,HKD,0.2,2021-08-16,0.29,45.0,32.0,2020-12-11,0.22,OPEN,10.0,23.0,30.0,22.0
-,UNP,2020-08-25,USD,194.9,2021-03-01,217.94,11.82,16.0,2020-12-11,203.06,OPEN,4.19,10.0,57.0,35.0
-,LVS,2020-08-25,USD,49.96,2021-05-14,62.2,24.5,24.0,2020-12-11,56.75,OPEN,13.59,32.0,41.0,55.0
-,GLW,2020-08-25,USD,32.89,2021-08-09,42.88,30.37,22.0,2020-12-11,35.64,OPEN,8.36,20.0,31.0,28.0
-,ASX-VCX,2020-08-26,AUD,1.4,2021-03-04,1.56,11.43,15.0,2020-11-10,1.56,CLOSED,11.43,38.0,40.0,100.0
-,2600.HK,2020-08-26,HKD,1.93,2021-05-31,3.02,56.48,51.0,2020-11-30,3.02,CLOSED,56.48,148.0,35.0,100.0
-,0510.HK,2020-08-26,HKD,0.03,2021-06-06,0.06,100.0,89.0,2020-09-07,0.06,CLOSED,100.0,2100.0,4.0,100.0
-,0510.HK,2020-08-26,HKD,0.03,2021-08-23,0.06,100.0,70.0,2020-09-07,0.06,CLOSED,100.0,2100.0,3.0,100.0
-,0992.HK,2020-08-26,HKD,4.97,2021-05-09,5.49,10.46,10.0,2020-09-16,5.49,CLOSED,10.46,126.0,8.0,100.0
-,0689.HK,2020-08-26,HKD,0.04,2021-01-07,0.07,75.0,141.0,2020-12-01,0.07,CLOSED,75.0,195.0,72.0,100.0
-,2600.HK,2020-08-26,HKD,1.93,2021-02-06,2.19,13.47,21.0,2020-11-16,2.19,CLOSED,13.47,41.0,50.0,100.0
-,0992.HK,2020-08-26,HKD,4.97,2020-10-21,5.1,2.62,12.0,2020-08-28,5.1,CLOSED,2.62,330.0,4.0,100.0
-,0992.HK,2020-08-26,HKD,4.97,2020-10-30,5.17,4.02,16.0,2020-08-28,5.17,CLOSED,4.02,507.0,3.0,100.0
-,0689.HK,2020-08-26,HKD,0.04,2021-02-01,0.08,100.0,158.0,2020-12-10,0.08,CLOSED,100.0,238.0,67.0,100.0
-,PYPL,2020-08-26,USD,203.48,2020-12-03,227.8,11.95,30.0,2020-12-03,214.54,CLOSED,5.44,14.0,100.0,45.0
-,ITW,2020-08-26,USD,198.9,2021-03-20,220.58,10.9,13.0,2020-11-09,220.58,CLOSED,10.9,37.0,36.0,100.0
-,BRKb,2020-08-26,USD,4707.27,2020-12-10,5112.1,8.6,20.0,2020-12-10,4531.0,CLOSED,-3.74,-9.0,100.0,-44.0
-,HON,2020-08-26,USD,165.31,2021-04-24,180.04,8.91,9.0,2020-11-03,180.04,CLOSED,8.91,33.0,29.0,100.0
-,DIS,2020-08-26,USD,132.18,2021-05-09,148.58,12.41,12.0,2020-11-24,148.58,CLOSED,12.41,35.0,35.0,100.0
-,SBUX,2020-08-26,USD,82.41,2021-05-19,91.99,11.62,11.0,2020-11-09,91.99,CLOSED,11.62,39.0,28.0,100.0
-,HON,2020-08-26,USD,165.31,2021-02-10,173.18,4.76,7.0,2020-09-03,173.18,CLOSED,4.76,150.0,5.0,100.0
-,BXP,2020-08-26,USD,85.95,2021-07-18,90.62,5.43,4.0,2020-09-16,90.62,CLOSED,5.43,65.0,6.0,100.0
-,ITW,2020-08-26,USD,198.9,2020-12-23,206.94,4.04,9.0,2020-10-16,206.94,CLOSED,4.04,20.0,43.0,100.0
-,CAT,2020-08-26,USD,141.83,2021-06-16,156.5,10.34,9.0,2020-10-08,156.5,CLOSED,10.34,61.0,15.0,100.0
-,DLR,2020-08-26,USD,153.96,2020-12-07,163.54,6.22,15.0,2020-12-07,135.23,CLOSED,-12.17,-30.0,100.0,-196.0
-,ASX-CMW,2020-08-26,AUD,0.92,2021-04-19,1.03,11.96,13.0,2020-12-11,0.905,OPEN,-1.63,-4.0,45.0,-14.0
-,2628.HK,2020-08-26,HKD,18.84,2021-01-26,22.85,21.28,35.0,2020-12-11,17.1,OPEN,-9.24,-22.0,70.0,-43.0
-,3898.HK,2020-08-26,HKD,28.2,2021-02-13,37.52,33.05,49.0,2020-12-11,24.6,OPEN,-12.77,-30.0,63.0,-39.0
-,3898.HK,2020-08-26,HKD,28.2,2021-02-03,40.81,44.72,70.0,2020-12-11,24.6,OPEN,-12.77,-30.0,66.0,-29.0
-,0689.HK,2020-08-26,HKD,0.04,2021-04-16,0.12,200.0,216.0,2020-12-11,0.09,OPEN,125.0,294.0,46.0,62.0
-,0689.HK,2020-08-26,HKD,0.04,2021-03-24,0.11,175.0,210.0,2020-12-11,0.09,OPEN,125.0,294.0,51.0,71.0
-,0388.HK,2020-08-26,HKD,382.0,2021-08-25,458.86,20.12,14.0,2020-12-11,386.0,OPEN,1.05,2.0,29.0,5.0
-,2800.HK,2020-08-26,HKD,26.14,2021-05-02,29.08,11.25,11.0,2020-12-11,26.7,OPEN,2.14,5.0,43.0,19.0
-,0388.HK,2020-08-26,HKD,382.0,2021-03-19,426.43,11.63,14.0,2020-12-11,386.0,OPEN,1.05,2.0,52.0,9.0
-,0880.HK,2020-08-26,HKD,10.78,2021-01-06,12.71,17.9,34.0,2020-12-11,9.2,OPEN,-14.66,-35.0,80.0,-82.0
-,1623.HK,2020-08-26,HKD,0.2,2021-08-17,0.29,45.0,32.0,2020-12-11,0.22,OPEN,10.0,24.0,30.0,22.0
-,PYPL,2020-08-26,USD,203.48,2021-04-25,272.2,33.77,35.0,2020-12-11,214.06,OPEN,5.2,12.0,44.0,15.0
-,BRKb,2020-08-26,USD,4707.27,2021-04-08,5873.73,24.78,28.0,2020-12-11,4555.2,OPEN,-3.23,-8.0,48.0,-13.0
-,DLR,2020-08-26,USD,153.96,2021-03-25,172.17,11.83,14.0,2020-12-11,130.27,OPEN,-15.39,-36.0,51.0,-130.0
-,ITW,2020-08-26,USD,198.9,2021-07-04,228.4,14.83,12.0,2020-12-11,203.56,OPEN,2.34,6.0,34.0,16.0
-,ORCL,2020-08-26,USD,57.49,2021-07-24,66.3,15.32,12.0,2020-12-11,60.61,OPEN,5.43,13.0,32.0,35.0
-,GIS,2020-08-26,USD,64.25,2021-04-01,68.19,6.13,7.0,2020-12-11,59.32,OPEN,-7.67,-18.0,49.0,-125.0
-,BRKb,2020-08-26,USD,4707.27,2021-01-06,5124.8,8.87,17.0,2020-12-11,4555.2,OPEN,-3.23,-8.0,80.0,-36.0
-,ASX-SCG,2020-08-27,AUD,2.06,2021-02-28,2.47,19.9,27.0,2020-11-10,2.47,CLOSED,19.9,67.0,41.0,100.0
-,ASX-AST,2020-08-27,AUD,1.84,2021-01-16,1.94,5.43,10.0,2020-10-05,1.94,CLOSED,5.43,35.0,27.0,100.0
-,ASX-SCG,2020-08-27,AUD,2.06,2020-11-22,2.27,10.19,30.0,2020-09-03,2.27,CLOSED,10.19,367.0,8.0,100.0
-,ASX-ALQ,2020-08-27,AUD,8.92,2021-05-27,9.86,10.54,10.0,2020-10-26,9.86,CLOSED,10.54,44.0,22.0,100.0
-,2600.HK,2020-08-27,HKD,1.97,2021-06-01,3.08,56.35,51.0,2020-11-30,3.08,CLOSED,56.35,149.0,34.0,100.0
-,0510.HK,2020-08-27,HKD,0.03,2021-06-07,0.06,100.0,89.0,2020-09-07,0.06,CLOSED,100.0,2291.0,4.0,100.0
-,0778.HK,2020-08-27,HKD,6.64,2021-03-03,7.34,10.54,14.0,2020-12-07,7.34,CLOSED,10.54,26.0,54.0,100.0
-,0510.HK,2020-08-27,HKD,0.03,2021-08-24,0.06,100.0,70.0,2020-09-07,0.06,CLOSED,100.0,2291.0,3.0,100.0
-,0778.HK,2020-08-27,HKD,6.64,2021-02-14,7.08,6.63,10.0,2020-11-11,7.08,CLOSED,6.63,22.0,44.0,100.0
-,0992.HK,2020-08-27,HKD,5.0,2021-05-10,5.52,10.4,10.0,2020-09-16,5.52,CLOSED,10.4,131.0,8.0,100.0
-,0087.HK,2020-08-27,HKD,7.01,2021-06-02,7.67,9.42,9.0,2020-11-18,7.67,CLOSED,9.42,29.0,30.0,100.0
-,0087.HK,2020-08-27,HKD,7.01,2021-06-30,7.79,11.13,9.0,2020-11-18,7.79,CLOSED,11.13,34.0,27.0,100.0
-,0689.HK,2020-08-27,HKD,0.04,2021-01-08,0.07,75.0,141.0,2020-12-01,0.07,CLOSED,75.0,197.0,72.0,100.0
-,2600.HK,2020-08-27,HKD,1.97,2021-02-07,2.23,13.2,20.0,2020-11-16,2.23,CLOSED,13.2,41.0,49.0,100.0
-,0992.HK,2020-08-27,HKD,5.0,2020-10-22,5.13,2.6,12.0,2020-08-28,5.13,CLOSED,2.6,655.0,2.0,100.0
-,0992.HK,2020-08-27,HKD,5.0,2020-10-31,5.2,4.0,16.0,2020-08-28,5.2,CLOSED,4.0,1008.0,2.0,100.0
-,0689.HK,2020-08-27,HKD,0.04,2021-02-02,0.08,100.0,158.0,2020-12-10,0.08,CLOSED,100.0,240.0,66.0,100.0
-,O,2020-08-27,USD,62.5,2020-09-10,63.39,1.42,26.0,2020-08-28,63.39,CLOSED,1.42,358.0,7.0,100.0
-,YUMC,2020-08-27,USD,55.2,2020-10-11,58.3,5.62,31.0,2020-08-31,58.3,CLOSED,5.62,354.0,9.0,100.0
-,YUMC,2020-08-27,USD,55.2,2020-12-26,59.28,7.39,15.0,2020-08-31,59.28,CLOSED,7.39,466.0,3.0,100.0
-,BAX,2020-08-27,USD,86.27,2020-11-23,89.57,3.83,11.0,2020-11-23,75.77,CLOSED,-12.17,-35.0,100.0,-318.0
-,PEP,2020-08-27,USD,138.4,2020-12-25,142.95,3.29,7.0,2020-09-02,142.95,CLOSED,3.29,138.0,5.0,100.0
-,PNC,2020-08-27,USD,112.5,2021-06-01,120.88,7.45,7.0,2020-11-09,120.88,CLOSED,7.45,25.0,27.0,100.0
-,IBM,2020-08-27,USD,124.65,2021-06-14,134.72,8.08,7.0,2020-10-08,134.72,CLOSED,8.08,48.0,14.0,100.0
-,ASX-NXT,2020-08-27,AUD,11.91,2021-05-07,14.43,21.16,21.0,2020-12-11,11.85,OPEN,-0.5,-1.0,42.0,-2.0
-,ASX-NXT,2020-08-27,AUD,11.91,2021-03-27,14.76,23.93,28.0,2020-12-11,11.85,OPEN,-0.5,-1.0,50.0,-2.0
-,ASX-ALQ,2020-08-27,AUD,8.92,2021-08-04,10.78,20.85,15.0,2020-12-11,10.0,OPEN,12.11,29.0,31.0,58.0
-,ASX-BRG,2020-08-27,AUD,28.48,2021-05-23,32.44,13.9,13.0,2020-12-11,23.89,OPEN,-16.12,-38.0,39.0,-116.0
-,ASX-CPU,2020-08-27,AUD,13.63,2021-07-05,14.78,8.44,7.0,2020-12-11,14.48,OPEN,6.24,15.0,34.0,74.0
-,1623.HK,2020-08-27,HKD,0.2,2021-01-27,0.32,60.0,99.0,2020-12-11,0.22,OPEN,10.0,24.0,69.0,17.0
-,3898.HK,2020-08-27,HKD,24.5,2021-02-14,32.6,33.06,49.0,2020-12-11,24.6,OPEN,0.41,1.0,62.0,1.0
-,3898.HK,2020-08-27,HKD,24.5,2021-02-04,35.45,44.69,70.0,2020-12-11,24.6,OPEN,0.41,1.0,66.0,1.0
-,2382.HK,2020-08-27,HKD,119.0,2021-08-02,194.8,63.7,47.0,2020-12-11,144.8,OPEN,21.68,52.0,31.0,34.0
-,0689.HK,2020-08-27,HKD,0.04,2021-04-17,0.12,200.0,216.0,2020-12-11,0.09,OPEN,125.0,297.0,45.0,62.0
-,0689.HK,2020-08-27,HKD,0.04,2021-03-25,0.11,175.0,210.0,2020-12-11,0.09,OPEN,125.0,297.0,50.0,71.0
-,8206.HK,2020-08-27,HKD,0.11,2021-06-05,0.25,127.27,114.0,2020-12-11,0.08,OPEN,-27.27,-65.0,38.0,-21.0
-,0880.HK,2020-08-27,HKD,10.6,2021-01-07,12.5,17.92,34.0,2020-12-11,9.2,OPEN,-13.21,-31.0,80.0,-74.0
-,1623.HK,2020-08-27,HKD,0.2,2021-08-18,0.29,45.0,32.0,2020-12-11,0.22,OPEN,10.0,24.0,30.0,22.0
-,2382.HK,2020-08-27,HKD,119.0,2021-05-24,179.44,50.79,47.0,2020-12-11,144.8,OPEN,21.68,52.0,39.0,43.0
-,YUMC,2020-08-27,USD,55.2,2021-01-02,61.94,12.21,24.0,2020-12-11,56.79,OPEN,2.88,7.0,83.0,24.0
-,PEP,2020-08-27,USD,138.4,2021-03-28,148.17,7.06,8.0,2020-12-11,144.97,OPEN,4.75,11.0,50.0,67.0
-,BAX,2020-08-27,USD,86.27,2021-05-05,96.02,11.3,11.0,2020-12-11,79.34,OPEN,-8.03,-19.0,42.0,-71.0
-,ASX-CGC,2020-08-28,AUD,3.31,2020-12-04,4.21,27.19,70.0,2020-12-04,4.03,CLOSED,21.75,56.0,100.0,80.0
-,ASX-BWP,2020-08-28,AUD,4.04,2021-04-30,4.3,6.44,7.0,2020-11-12,4.3,CLOSED,6.44,21.0,31.0,100.0
-,ASX-CGC,2020-08-28,AUD,3.31,2020-11-04,3.55,7.25,27.0,2020-09-01,3.55,CLOSED,7.25,457.0,6.0,100.0
-,2600.HK,2020-08-28,HKD,1.97,2021-06-02,3.08,56.35,51.0,2020-11-30,3.08,CLOSED,56.35,151.0,34.0,100.0
-,0345.HK,2020-08-28,HKD,27.2,2021-04-22,33.76,24.12,26.0,2020-11-06,33.76,CLOSED,24.12,87.0,30.0,100.0
-,0345.HK,2020-08-28,HKD,27.2,2021-04-12,33.06,21.54,24.0,2020-10-12,33.06,CLOSED,21.54,121.0,20.0,100.0
-,0510.HK,2020-08-28,HKD,0.03,2021-06-08,0.06,100.0,89.0,2020-09-07,0.06,CLOSED,100.0,2520.0,4.0,100.0
-,0510.HK,2020-08-28,HKD,0.03,2021-08-25,0.06,100.0,70.0,2020-09-07,0.06,CLOSED,100.0,2520.0,3.0,100.0
-,0992.HK,2020-08-28,HKD,5.2,2021-05-11,5.74,10.38,10.0,2020-11-23,5.74,CLOSED,10.38,30.0,34.0,100.0
-,0345.HK,2020-08-28,HKD,27.2,2021-01-16,29.5,8.46,15.0,2020-09-16,29.5,CLOSED,8.46,112.0,13.0,100.0
-,0689.HK,2020-08-28,HKD,0.04,2021-01-09,0.07,75.0,141.0,2020-12-01,0.07,CLOSED,75.0,199.0,71.0,100.0
-,0345.HK,2020-08-28,HKD,27.2,2021-01-05,29.26,7.57,15.0,2020-09-16,29.26,CLOSED,7.57,100.0,15.0,100.0
-,2600.HK,2020-08-28,HKD,1.97,2021-02-08,2.23,13.2,20.0,2020-11-16,2.23,CLOSED,13.2,42.0,49.0,100.0
-,0354.HK,2020-08-28,HKD,5.57,2021-07-26,7.41,33.03,25.0,2020-11-16,7.41,CLOSED,33.03,104.0,24.0,100.0
-,0354.HK,2020-08-28,HKD,5.57,2021-05-20,6.34,13.82,13.0,2020-10-07,6.34,CLOSED,13.82,87.0,15.0,100.0
-,0992.HK,2020-08-28,HKD,5.2,2020-10-23,5.33,2.5,11.0,2020-08-31,5.33,CLOSED,2.5,210.0,5.0,100.0
-,0992.HK,2020-08-28,HKD,5.2,2020-11-01,5.4,3.85,15.0,2020-08-31,5.4,CLOSED,3.85,323.0,5.0,100.0
-,0689.HK,2020-08-28,HKD,0.04,2021-02-03,0.08,100.0,158.0,2020-12-10,0.08,CLOSED,100.0,242.0,65.0,100.0
-,0700.HK,2020-08-28,HKD,540.5,2020-10-29,574.88,6.36,26.0,2020-10-27,574.88,CLOSED,6.36,27.0,97.0,100.0
-,XAR,2020-08-28,USD,91.45,2021-06-21,104.34,14.1,12.0,2020-11-16,104.34,CLOSED,14.1,44.0,27.0,100.0
-,ROBO,2020-08-28,USD,48.35,2021-06-19,55.08,13.92,12.0,2020-11-24,55.08,CLOSED,13.92,40.0,30.0,100.0
-,MMM,2020-08-28,USD,165.66,2021-02-08,179.1,8.11,12.0,2020-11-27,179.1,CLOSED,8.11,22.0,55.0,100.0
-,ITA,2020-08-28,USD,169.41,2020-12-26,179.98,6.24,13.0,2020-11-16,179.98,CLOSED,6.24,20.0,67.0,100.0
-,KO,2020-08-28,USD,49.83,2021-04-09,53.62,7.61,9.0,2020-11-10,53.62,CLOSED,7.61,26.0,33.0,100.0
-,ESS,2020-08-28,USD,220.64,2021-02-16,236.88,7.36,11.0,2020-11-09,236.88,CLOSED,7.36,25.0,42.0,100.0
-,USB,2020-08-28,USD,37.2,2021-08-08,41.25,10.89,8.0,2020-11-09,41.25,CLOSED,10.89,38.0,21.0,100.0
-,XAR,2020-08-28,USD,91.45,2020-11-28,96.15,5.14,14.0,2020-11-09,96.15,CLOSED,5.14,18.0,79.0,100.0
-,XLV,2020-08-28,USD,108.0,2020-12-26,112.13,3.82,8.0,2020-11-09,112.13,CLOSED,3.82,13.0,61.0,100.0
-,XAR,2020-08-28,USD,91.45,2020-12-25,97.65,6.78,14.0,2020-11-09,97.65,CLOSED,6.78,23.0,61.0,100.0
-,ESS,2020-08-28,USD,220.64,2021-08-09,249.94,13.28,10.0,2020-11-09,249.94,CLOSED,13.28,46.0,21.0,100.0
-,ITA,2020-08-28,USD,169.41,2020-12-16,176.9,4.42,10.0,2020-11-10,176.9,CLOSED,4.42,15.0,67.0,100.0
-,EMR,2020-08-28,USD,70.65,2021-05-22,74.59,5.58,5.0,2020-11-09,74.59,CLOSED,5.58,19.0,27.0,100.0
-,ESS,2020-08-28,USD,220.64,2021-01-01,228.91,3.75,8.0,2020-11-06,228.91,CLOSED,3.75,14.0,56.0,100.0
-,XAR,2020-08-28,USD,91.45,2020-10-07,93.76,2.53,16.0,2020-10-07,90.99,CLOSED,-0.5,-3.0,100.0,-20.0
-,BAC,2020-08-28,USD,26.3,2021-08-25,28.85,9.7,7.0,2020-11-24,28.85,CLOSED,9.7,28.0,24.0,100.0
-,EMR,2020-08-28,USD,70.65,2021-08-25,81.13,14.83,10.0,2020-12-08,81.13,CLOSED,14.83,37.0,28.0,100.0
-,KO,2020-08-28,USD,49.83,2020-12-31,50.92,2.19,4.0,2020-09-02,50.92,CLOSED,2.19,110.0,4.0,100.0
-,ITA,2020-08-28,USD,169.41,2020-10-06,172.98,2.11,14.0,2020-10-06,159.19,CLOSED,-6.03,-39.0,100.0,-286.0
-,PRU,2020-08-28,USD,69.64,2020-12-22,74.61,7.14,16.0,2020-11-09,74.61,CLOSED,7.14,25.0,63.0,100.0
-,ASX-CGC,2020-08-28,AUD,3.31,2021-03-12,4.7,41.99,54.0,2020-12-11,4.01,OPEN,21.15,51.0,54.0,50.0
-,ASX-ORA,2020-08-28,AUD,2.28,2021-05-22,3.02,32.46,31.0,2020-12-11,2.67,OPEN,17.11,41.0,39.0,53.0
-,1623.HK,2020-08-28,HKD,0.2,2021-01-28,0.32,60.0,99.0,2020-12-11,0.22,OPEN,10.0,24.0,69.0,17.0
-,3898.HK,2020-08-28,HKD,24.45,2021-02-15,32.53,33.05,49.0,2020-12-11,24.6,OPEN,0.61,1.0,61.0,2.0
-,3898.HK,2020-08-28,HKD,24.45,2021-02-05,35.38,44.7,70.0,2020-12-11,24.6,OPEN,0.61,1.0,65.0,1.0
-,0345.HK,2020-08-28,HKD,27.2,2021-06-19,35.96,32.21,28.0,2020-12-11,31.05,OPEN,14.15,34.0,36.0,44.0
-,0345.HK,2020-08-28,HKD,27.2,2021-08-27,38.86,42.87,30.0,2020-12-11,31.05,OPEN,14.15,34.0,29.0,33.0
-,0700.HK,2020-08-28,HKD,540.5,2021-02-16,683.35,26.43,39.0,2020-12-11,588.0,OPEN,8.79,21.0,61.0,33.0
-,0700.HK,2020-08-28,HKD,540.5,2021-01-19,676.38,25.14,44.0,2020-12-11,588.0,OPEN,8.79,21.0,73.0,35.0
-,0689.HK,2020-08-28,HKD,0.04,2021-04-18,0.12,200.0,216.0,2020-12-11,0.09,OPEN,125.0,300.0,45.0,62.0
-,0006.HK,2020-08-28,HKD,44.4,2021-07-21,48.67,9.62,7.0,2020-12-11,41.15,OPEN,-7.32,-18.0,32.0,-76.0
-,0689.HK,2020-08-28,HKD,0.04,2021-03-26,0.11,175.0,210.0,2020-12-11,0.09,OPEN,125.0,300.0,50.0,71.0
-,8206.HK,2020-08-28,HKD,0.11,2021-06-06,0.25,127.27,114.0,2020-12-11,0.08,OPEN,-27.27,-65.0,37.0,-21.0
-,0880.HK,2020-08-28,HKD,10.76,2021-01-08,12.69,17.94,34.0,2020-12-11,9.2,OPEN,-14.5,-35.0,79.0,-81.0
-,0861.HK,2020-08-28,HKD,6.46,2021-04-18,7.23,11.92,13.0,2020-12-11,6.5,OPEN,0.62,1.0,45.0,5.0
-,0006.HK,2020-08-28,HKD,44.4,2020-12-20,45.92,3.42,8.0,2020-12-11,41.15,OPEN,-7.32,-18.0,92.0,-214.0
-,WMT,2020-08-28,USD,140.3,2021-08-15,156.59,11.61,8.0,2020-12-11,147.0,OPEN,4.78,11.0,30.0,41.0
-,KO,2020-08-28,USD,49.83,2021-07-31,55.02,10.42,8.0,2020-12-11,53.35,OPEN,7.06,17.0,31.0,68.0
-,PRU,2020-08-28,USD,69.64,2021-06-24,82.89,19.03,16.0,2020-12-11,78.58,OPEN,12.84,31.0,35.0,67.0
-,ITA,2020-08-28,USD,169.41,2021-08-09,194.96,15.08,11.0,2020-12-11,96.23,OPEN,-43.2,-104.0,30.0,-286.0
-,NDAQ,2020-08-28,USD,131.84,2021-06-06,156.35,18.59,17.0,2020-12-11,125.67,OPEN,-4.68,-11.0,37.0,-25.0
-,XLV,2020-08-28,USD,108.0,2021-05-07,114.75,6.25,6.0,2020-12-11,111.68,OPEN,3.41,8.0,42.0,55.0
-,ASX-VOC,2020-08-31,AUD,3.33,2021-06-09,3.64,9.31,8.0,2020-09-10,3.64,CLOSED,9.31,235.0,4.0,100.0
-,ASX-SCP,2020-08-31,AUD,2.25,2020-12-19,2.38,5.78,13.0,2020-11-03,2.38,CLOSED,5.78,23.0,58.0,100.0
-,ASX-SCP,2020-08-31,AUD,2.25,2021-02-24,2.4,6.67,9.0,2020-11-04,2.4,CLOSED,6.67,26.0,37.0,100.0
-,ASX-NSR,2020-08-31,AUD,1.9,2021-08-09,2.02,6.32,5.0,2020-12-09,2.02,CLOSED,6.32,16.0,29.0,100.0
-,ASX-NSR,2020-08-31,AUD,1.9,2020-12-20,2.03,6.84,16.0,2020-12-09,2.03,CLOSED,6.84,17.0,90.0,100.0
-,ASX-APA,2020-08-31,AUD,10.43,2020-11-02,10.95,4.99,20.0,2020-09-28,10.95,CLOSED,4.99,45.0,44.0,100.0
-,2600.HK,2020-08-31,HKD,1.9,2021-06-05,2.97,56.32,51.0,2020-11-25,2.97,CLOSED,56.32,165.0,31.0,100.0
-,0345.HK,2020-08-31,HKD,27.6,2021-04-15,33.55,21.56,24.0,2020-11-06,33.55,CLOSED,21.56,81.0,30.0,100.0
-,0510.HK,2020-08-31,HKD,0.03,2021-06-11,0.06,100.0,89.0,2020-09-07,0.06,CLOSED,100.0,3600.0,2.0,100.0
-,0510.HK,2020-08-31,HKD,0.03,2021-08-28,0.06,100.0,70.0,2020-09-07,0.06,CLOSED,100.0,3600.0,2.0,100.0
-,0992.HK,2020-08-31,HKD,5.18,2021-05-14,5.72,10.42,10.0,2020-11-23,5.72,CLOSED,10.42,31.0,33.0,100.0
-,0689.HK,2020-08-31,HKD,0.04,2021-01-12,0.07,75.0,141.0,2020-12-01,0.07,CLOSED,75.0,205.0,69.0,100.0
-,0345.HK,2020-08-31,HKD,27.6,2021-01-08,29.69,7.57,15.0,2020-09-16,29.69,CLOSED,7.57,119.0,12.0,100.0
-,2600.HK,2020-08-31,HKD,1.9,2021-02-11,2.15,13.16,20.0,2020-11-11,2.15,CLOSED,13.16,46.0,44.0,100.0
-,0992.HK,2020-08-31,HKD,5.18,2020-10-26,5.31,2.51,11.0,2020-09-15,5.31,CLOSED,2.51,42.0,27.0,100.0
-,0992.HK,2020-08-31,HKD,5.18,2020-11-04,5.38,3.86,15.0,2020-09-16,5.38,CLOSED,3.86,61.0,25.0,100.0
-,0689.HK,2020-08-31,HKD,0.04,2021-02-06,0.08,100.0,158.0,2020-12-10,0.08,CLOSED,100.0,250.0,64.0,100.0
-,3988.HK,2020-08-31,HKD,2.54,2020-10-31,2.76,8.66,36.0,2020-10-30,2.45,CLOSED,-3.54,-15.0,98.0,-41.0
-,3988.HK,2020-08-31,HKD,2.54,2020-12-31,2.79,9.84,20.0,2020-11-11,2.79,CLOSED,9.84,34.0,59.0,100.0
-,SHOP,2020-08-31,USD,1066.42,2020-10-14,1229.69,15.31,88.0,2020-10-14,1082.12,CLOSED,1.47,8.0,100.0,10.0
-,SHOP,2020-08-31,USD,1066.42,2020-11-19,1353.29,26.9,85.0,2020-11-19,966.77,CLOSED,-9.34,-29.0,100.0,-35.0
-,IBB,2020-08-31,USD,135.6,2021-03-03,149.55,10.29,14.0,2020-12-08,149.55,CLOSED,10.29,26.0,54.0,100.0
-,VHT,2020-08-31,USD,207.47,2021-01-10,215.58,3.91,7.0,2020-11-04,215.58,CLOSED,3.91,15.0,49.0,100.0
-,IYH,2020-08-31,USD,232.23,2020-12-16,239.75,3.24,8.0,2020-11-04,239.75,CLOSED,3.24,13.0,61.0,100.0
-,VHT,2020-08-31,USD,207.47,2020-11-25,214.42,3.35,10.0,2020-11-04,214.42,CLOSED,3.35,13.0,76.0,100.0
-,IYH,2020-08-31,USD,232.23,2021-03-25,242.59,4.46,5.0,2020-11-09,242.59,CLOSED,4.46,16.0,34.0,100.0
-,SHOP,2020-08-31,USD,1066.42,2020-09-23,1123.58,5.36,59.0,2020-09-01,1123.58,CLOSED,5.36,1351.0,4.0,100.0
-,IBB,2020-08-31,USD,135.6,2020-12-30,142.94,5.41,11.0,2020-10-12,142.94,CLOSED,5.41,32.0,35.0,100.0
-,ASX-NSR,2020-08-31,AUD,1.9,2021-04-03,2.16,13.68,16.0,2020-12-11,2.04,OPEN,7.37,18.0,47.0,54.0
-,ASX-AGL,2020-08-31,AUD,14.8,2020-12-23,16.11,8.85,20.0,2020-12-11,13.33,OPEN,-9.93,-25.0,89.0,-112.0
-,ASX-AGL,2020-08-31,AUD,14.8,2021-02-02,15.78,6.62,11.0,2020-12-11,13.33,OPEN,-9.93,-25.0,66.0,-150.0
-,ASX-APA,2020-08-31,AUD,10.43,2020-12-13,11.41,9.4,23.0,2020-12-11,10.24,OPEN,-1.82,-4.0,98.0,-19.0
-,1623.HK,2020-08-31,HKD,0.2,2021-01-31,0.32,60.0,99.0,2020-12-11,0.22,OPEN,10.0,25.0,67.0,17.0
-,3898.HK,2020-08-31,HKD,24.9,2021-02-18,33.13,33.05,49.0,2020-12-11,24.6,OPEN,-1.2,-3.0,60.0,-4.0
-,3898.HK,2020-08-31,HKD,24.9,2021-02-08,36.03,44.7,70.0,2020-12-11,24.6,OPEN,-1.2,-3.0,63.0,-3.0
-,0345.HK,2020-08-31,HKD,27.6,2021-06-22,36.49,32.21,28.0,2020-12-11,31.05,OPEN,12.5,31.0,35.0,39.0
-,3988.HK,2020-08-31,HKD,2.54,2021-07-20,3.29,29.53,23.0,2020-12-11,2.66,OPEN,4.72,12.0,32.0,16.0
-,0689.HK,2020-08-31,HKD,0.04,2021-04-21,0.12,200.0,216.0,2020-12-11,0.09,OPEN,125.0,309.0,44.0,62.0
-,0689.HK,2020-08-31,HKD,0.04,2021-03-29,0.11,175.0,210.0,2020-12-11,0.09,OPEN,125.0,309.0,49.0,71.0
-,0880.HK,2020-08-31,HKD,10.66,2021-01-11,12.57,17.92,34.0,2020-12-11,9.2,OPEN,-13.7,-34.0,77.0,-76.0
-,0696.HK,2020-08-31,HKD,16.12,2021-06-25,20.15,25.0,21.0,2020-12-11,18.58,OPEN,15.26,38.0,34.0,61.0
-,SHOP,2020-08-31,USD,1066.42,2020-12-14,1510.69,41.66,100.0,2020-12-11,1057.87,OPEN,-0.8,-2.0,97.0,-2.0
-,DLR,2020-08-31,USD,155.65,2021-03-30,174.06,11.83,14.0,2020-12-11,130.27,OPEN,-16.31,-40.0,48.0,-138.0
-,DLR,2020-08-31,USD,155.65,2020-12-12,165.33,6.22,15.0,2020-12-11,130.27,OPEN,-16.31,-40.0,99.0,-262.0
-,ASX-GMA,2020-09-01,AUD,1.54,2021-01-04,1.64,6.49,13.0,2020-09-29,1.64,CLOSED,6.49,58.0,22.0,100.0
-,2600.HK,2020-09-01,HKD,1.96,2021-06-06,3.06,56.12,51.0,2020-11-30,3.06,CLOSED,56.12,157.0,32.0,100.0
-,0510.HK,2020-09-01,HKD,0.03,2021-06-12,0.06,100.0,89.0,2020-09-07,0.06,CLOSED,100.0,4200.0,2.0,100.0
-,0510.HK,2020-09-01,HKD,0.03,2021-08-29,0.06,100.0,70.0,2020-09-07,0.06,CLOSED,100.0,4200.0,2.0,100.0
-,0992.HK,2020-09-01,HKD,5.13,2021-05-15,5.66,10.33,10.0,2020-11-23,5.66,CLOSED,10.33,31.0,32.0,100.0
-,0939.HK,2020-09-01,HKD,5.49,2020-10-29,5.89,7.29,32.0,2020-10-29,5.49,CLOSED,0.0,0.0,100.0,0.0
-,2778.HK,2020-09-01,HKD,4.12,2021-04-30,4.43,7.52,8.0,2020-11-18,4.43,CLOSED,7.52,24.0,32.0,100.0
-,2600.HK,2020-09-01,HKD,1.96,2021-02-12,2.22,13.27,20.0,2020-11-16,2.22,CLOSED,13.27,44.0,46.0,100.0
-,0992.HK,2020-09-01,HKD,5.13,2020-10-27,5.26,2.53,11.0,2020-09-03,5.26,CLOSED,2.53,319.0,4.0,100.0
-,0992.HK,2020-09-01,HKD,5.13,2020-11-05,5.33,3.9,15.0,2020-09-15,5.33,CLOSED,3.9,70.0,22.0,100.0
-,DHR,2020-09-01,USD,208.38,2021-02-04,226.34,8.62,14.0,2020-10-12,226.34,CLOSED,8.62,53.0,26.0,100.0
-,DHR,2020-09-01,USD,208.38,2021-01-17,220.15,5.65,10.0,2020-10-06,220.15,CLOSED,5.65,41.0,25.0,100.0
-,ASX-AGL,2020-09-01,AUD,14.9,2020-12-24,16.22,8.86,20.0,2020-12-11,13.33,OPEN,-10.54,-26.0,89.0,-119.0
-,ASX-AGL,2020-09-01,AUD,14.9,2021-02-03,15.89,6.64,11.0,2020-12-11,13.33,OPEN,-10.54,-26.0,65.0,-159.0
-,1623.HK,2020-09-01,HKD,0.2,2021-02-01,0.32,60.0,99.0,2020-12-11,0.22,OPEN,10.0,25.0,66.0,17.0
-,3898.HK,2020-09-01,HKD,25.55,2021-02-19,33.99,33.03,49.0,2020-12-11,24.6,OPEN,-3.72,-9.0,59.0,-11.0
-,3898.HK,2020-09-01,HKD,25.55,2021-02-09,36.97,44.7,70.0,2020-12-11,24.6,OPEN,-3.72,-9.0,63.0,-8.0
-,3969.HK,2020-09-01,HKD,3.08,2020-12-15,3.78,22.73,55.0,2020-12-11,2.65,OPEN,-13.96,-35.0,96.0,-61.0
-,2778.HK,2020-09-01,HKD,4.12,2021-08-30,4.66,13.11,9.0,2020-12-11,4.45,OPEN,8.01,20.0,28.0,61.0
-,2328.HK,2020-09-01,HKD,6.03,2021-07-28,7.69,27.53,21.0,2020-12-11,6.01,OPEN,-0.33,-1.0,31.0,-1.0
-,0880.HK,2020-09-01,HKD,10.86,2021-01-12,12.81,17.96,34.0,2020-12-11,9.2,OPEN,-15.29,-38.0,76.0,-85.0
-,3808.HK,2020-09-01,HKD,20.35,2021-03-30,25.0,22.85,27.0,2020-12-11,19.02,OPEN,-6.54,-16.0,48.0,-29.0
-,AAPL,2020-09-01,USD,134.18,2021-08-17,198.94,48.26,35.0,2020-12-11,122.41,OPEN,-8.77,-22.0,29.0,-18.0
-,AAPL,2020-09-01,USD,134.18,2021-08-29,177.32,32.15,22.0,2020-12-11,122.41,OPEN,-8.77,-22.0,28.0,-27.0
-,AAPL,2020-09-01,USD,134.18,2021-06-14,170.06,26.74,24.0,2020-12-11,122.41,OPEN,-8.77,-22.0,35.0,-33.0
-,AAPL,2020-09-01,USD,134.18,2021-07-02,171.94,28.14,23.0,2020-12-11,122.41,OPEN,-8.77,-22.0,33.0,-31.0
-,AAPL,2020-09-01,USD,134.18,2021-05-26,169.52,26.34,25.0,2020-12-11,122.41,OPEN,-8.77,-22.0,38.0,-33.0
-,ASX-A2M,2020-09-02,AUD,16.84,2020-11-07,19.76,17.34,66.0,2020-11-06,13.71,CLOSED,-18.59,-72.0,98.0,-107.0
-,ASX-A2M,2020-09-02,AUD,16.84,2020-11-13,20.32,20.67,72.0,2020-11-13,14.45,CLOSED,-14.19,-50.0,100.0,-69.0
-,ASX-BKL,2020-09-02,AUD,62.47,2021-04-12,75.58,20.99,24.0,2020-11-11,75.58,CLOSED,20.99,76.0,32.0,100.0
-,ASX-TLS,2020-09-02,AUD,2.9,2020-11-02,3.07,5.86,24.0,2020-11-02,2.73,CLOSED,-5.86,-24.0,100.0,-100.0
-,ASX-CBA,2020-09-02,AUD,67.61,2021-08-20,75.49,11.66,8.0,2020-11-18,75.49,CLOSED,11.66,38.0,22.0,100.0
-,ASX-BKL,2020-09-02,AUD,62.47,2021-04-11,76.96,23.2,26.0,2020-11-12,76.96,CLOSED,23.2,82.0,32.0,100.0
-,ASX-BKL,2020-09-02,AUD,62.47,2020-10-30,69.29,10.92,47.0,2020-09-18,69.29,CLOSED,10.92,172.0,28.0,100.0
-,ASX-A2M,2020-09-02,AUD,16.84,2020-11-04,19.08,13.3,53.0,2020-11-04,13.21,CLOSED,-21.56,-86.0,100.0,-162.0
-,ASX-A2M,2020-09-02,AUD,16.84,2020-11-10,19.73,17.16,63.0,2020-11-10,14.32,CLOSED,-14.96,-55.0,100.0,-87.0
-,ASX-CMW,2020-09-02,AUD,0.91,2021-03-09,0.99,8.79,12.0,2020-11-16,0.99,CLOSED,8.79,30.0,40.0,100.0
-,ASX-FBU,2020-09-02,AUD,3.32,2021-05-22,3.65,9.94,10.0,2020-09-28,3.65,CLOSED,9.94,96.0,10.0,100.0
-,ASX-BKL,2020-09-02,AUD,62.47,2021-07-23,71.72,14.81,12.0,2020-10-28,71.72,CLOSED,14.81,67.0,17.0,100.0
-,ASX-MGR,2020-09-02,AUD,2.11,2021-08-03,2.14,1.42,1.0,2020-09-03,2.14,CLOSED,1.42,358.0,0.0,100.0
-,ASX-FBU,2020-09-02,AUD,3.32,2021-05-22,3.73,12.35,12.0,2020-10-02,3.73,CLOSED,12.35,104.0,11.0,100.0
-,ASX-BKL,2020-09-02,AUD,62.47,2021-08-08,72.37,15.85,12.0,2020-10-28,72.37,CLOSED,15.85,71.0,16.0,100.0
-,ASX-TLS,2020-09-02,AUD,2.9,2021-02-08,3.05,5.17,8.0,2020-11-12,3.05,CLOSED,5.17,18.0,45.0,100.0
-,ASX-SEK,2020-09-02,AUD,21.0,2021-07-25,24.82,18.19,14.0,2020-11-11,24.82,CLOSED,18.19,65.0,21.0,100.0
-,ASX-CBA,2020-09-02,AUD,67.61,2021-02-11,70.61,4.44,7.0,2020-10-13,70.61,CLOSED,4.44,27.0,25.0,100.0
-,ASX-BKL,2020-09-02,AUD,62.47,2020-11-28,71.55,14.53,42.0,2020-10-28,71.55,CLOSED,14.53,65.0,64.0,100.0
-,2600.HK,2020-09-02,HKD,1.93,2021-06-07,3.02,56.48,51.0,2020-11-30,3.02,CLOSED,56.48,160.0,32.0,100.0
-,0510.HK,2020-09-02,HKD,0.03,2021-06-13,0.06,100.0,89.0,2020-09-07,0.06,CLOSED,100.0,5040.0,2.0,100.0
-,0345.HK,2020-09-02,HKD,28.15,2021-03-18,33.09,17.55,22.0,2020-10-12,33.09,CLOSED,17.55,111.0,20.0,100.0
-,0510.HK,2020-09-02,HKD,0.03,2021-08-30,0.06,100.0,70.0,2020-09-07,0.06,CLOSED,100.0,5040.0,1.0,100.0
-,0345.HK,2020-09-02,HKD,28.15,2021-04-18,34.14,21.28,24.0,2020-11-09,34.14,CLOSED,21.28,79.0,30.0,100.0
-,0992.HK,2020-09-02,HKD,5.21,2021-05-16,5.75,10.36,10.0,2020-11-23,5.75,CLOSED,10.36,32.0,32.0,100.0
-,0689.HK,2020-09-02,HKD,0.04,2021-01-14,0.07,75.0,141.0,2020-12-01,0.07,CLOSED,75.0,210.0,67.0,100.0
-,2600.HK,2020-09-02,HKD,1.93,2021-02-13,2.19,13.47,21.0,2020-11-16,2.19,CLOSED,13.47,45.0,46.0,100.0
-,0992.HK,2020-09-02,HKD,5.21,2020-10-28,5.34,2.5,11.0,2020-09-15,5.34,CLOSED,2.5,48.0,23.0,100.0
-,0992.HK,2020-09-02,HKD,5.21,2020-11-06,5.42,4.03,16.0,2020-09-16,5.42,CLOSED,4.03,73.0,22.0,100.0
-,0689.HK,2020-09-02,HKD,0.04,2021-02-08,0.08,100.0,158.0,2020-12-10,0.08,CLOSED,100.0,255.0,62.0,100.0
-,XAR,2020-09-02,USD,92.6,2021-06-26,105.65,14.09,12.0,2020-11-17,105.65,CLOSED,14.09,47.0,26.0,100.0
-,O,2020-09-02,USD,63.54,2020-09-16,64.45,1.43,26.0,2020-09-03,64.45,CLOSED,1.43,360.0,7.0,100.0
-,XAR,2020-09-02,USD,92.6,2020-12-03,97.36,5.14,14.0,2020-11-09,97.36,CLOSED,5.14,19.0,74.0,100.0
-,RIO,2020-09-02,USD,62.32,2021-05-14,73.42,17.81,18.0,2020-12-04,73.42,CLOSED,17.81,48.0,37.0,100.0
-,SO,2020-09-02,USD,53.21,2021-04-11,56.39,5.98,7.0,2020-10-02,56.39,CLOSED,5.98,50.0,14.0,100.0
-,XAR,2020-09-02,USD,92.6,2020-12-30,98.88,6.78,14.0,2020-11-10,98.88,CLOSED,6.78,25.0,58.0,100.0
-,PLD,2020-09-02,USD,104.58,2021-01-05,107.73,3.01,6.0,2020-10-08,107.73,CLOSED,3.01,21.0,29.0,100.0
-,PLD,2020-09-02,USD,104.58,2021-03-18,110.97,6.11,8.0,2020-11-09,110.97,CLOSED,6.11,23.0,35.0,100.0
-,UNH,2020-09-02,USD,320.24,2021-05-01,334.97,4.6,5.0,2020-10-23,334.97,CLOSED,4.6,23.0,21.0,100.0
-,YUM,2020-09-02,USD,97.98,2020-10-02,100.62,2.69,23.0,2020-10-02,95.17,CLOSED,-2.87,-24.0,100.0,-106.0
-,XAR,2020-09-02,USD,92.6,2020-10-12,94.94,2.53,16.0,2020-10-12,92.44,CLOSED,-0.17,-1.0,100.0,-7.0
-,UNH,2020-09-02,USD,320.24,2020-11-26,337.34,5.34,16.0,2020-11-04,337.34,CLOSED,5.34,21.0,74.0,100.0
-,PLD,2020-09-02,USD,104.58,2020-11-04,107.04,2.35,9.0,2020-10-08,107.04,CLOSED,2.35,16.0,57.0,100.0
-,ASX-A2M,2020-09-02,AUD,16.84,2021-05-22,28.8,71.02,68.0,2020-12-11,13.06,OPEN,-22.45,-57.0,38.0,-32.0
-,ASX-TWE,2020-09-02,AUD,9.28,2021-04-06,12.58,35.56,41.0,2020-12-11,9.42,OPEN,1.51,4.0,46.0,4.0
-,ASX-TWE,2020-09-02,AUD,9.28,2021-05-14,12.04,29.74,30.0,2020-12-11,9.42,OPEN,1.51,4.0,39.0,5.0
-,ASX-A2M,2020-09-02,AUD,16.84,2021-01-05,21.48,27.55,56.0,2020-12-11,13.06,OPEN,-22.45,-57.0,80.0,-81.0
-,ASX-A2M,2020-09-02,AUD,16.84,2021-05-19,29.84,77.2,75.0,2020-12-11,13.06,OPEN,-22.45,-57.0,39.0,-29.0
-,ASX-AGL,2020-09-02,AUD,15.06,2020-12-25,16.4,8.9,20.0,2020-12-11,13.33,OPEN,-11.49,-29.0,88.0,-129.0
-,ASX-A2M,2020-09-02,AUD,16.84,2021-01-22,21.2,25.89,46.0,2020-12-11,13.06,OPEN,-22.45,-57.0,70.0,-87.0
-,ASX-AGL,2020-09-02,AUD,15.06,2021-02-04,16.06,6.64,11.0,2020-12-11,13.33,OPEN,-11.49,-29.0,65.0,-173.0
-,1623.HK,2020-09-02,HKD,0.2,2021-02-02,0.32,60.0,99.0,2020-12-11,0.22,OPEN,10.0,25.0,65.0,17.0
-,3898.HK,2020-09-02,HKD,25.1,2021-02-20,33.4,33.07,49.0,2020-12-11,24.6,OPEN,-1.99,-5.0,58.0,-6.0
-,3898.HK,2020-09-02,HKD,25.1,2021-02-10,36.32,44.7,70.0,2020-12-11,24.6,OPEN,-1.99,-5.0,62.0,-4.0
-,3969.HK,2020-09-02,HKD,3.03,2020-12-16,3.71,22.44,54.0,2020-12-11,2.65,OPEN,-12.54,-32.0,95.0,-56.0
-,2382.HK,2020-09-02,HKD,120.3,2021-08-08,196.93,63.7,47.0,2020-12-11,144.8,OPEN,20.37,51.0,29.0,32.0
-,0689.HK,2020-09-02,HKD,0.04,2021-04-23,0.12,200.0,216.0,2020-12-11,0.09,OPEN,125.0,315.0,43.0,62.0
-,0689.HK,2020-09-02,HKD,0.04,2021-03-31,0.11,175.0,210.0,2020-12-11,0.09,OPEN,125.0,315.0,48.0,71.0
-,0880.HK,2020-09-02,HKD,10.68,2021-01-13,12.59,17.88,34.0,2020-12-11,9.2,OPEN,-13.86,-35.0,75.0,-77.0
-,2012.HK,2020-09-02,HKD,1.86,2021-06-13,12.92,594.62,528.0,2020-12-10,1.5,OPEN,-19.35,-49.0,35.0,-3.0
-,2382.HK,2020-09-02,HKD,120.3,2021-05-30,181.4,50.79,47.0,2020-12-11,144.8,OPEN,20.37,51.0,37.0,40.0
-,YUM,2020-09-02,USD,97.98,2021-05-13,111.69,13.99,14.0,2020-12-11,105.99,OPEN,8.18,21.0,40.0,58.0
-,YUM,2020-09-02,USD,97.98,2021-05-10,109.88,12.15,12.0,2020-12-11,105.99,OPEN,8.18,21.0,40.0,67.0
-,MO,2020-09-02,USD,43.76,2021-04-06,49.62,13.39,16.0,2020-12-11,43.0,OPEN,-1.74,-4.0,46.0,-13.0
-,GD,2020-09-02,USD,153.92,2021-05-03,169.84,10.34,11.0,2020-12-11,151.33,OPEN,-1.68,-4.0,41.0,-16.0
-,MO,2020-09-02,USD,43.76,2021-05-04,48.04,9.78,10.0,2020-12-11,43.0,OPEN,-1.74,-4.0,41.0,-18.0
-,MO,2020-09-02,USD,43.76,2020-12-12,45.04,2.93,7.0,2020-12-11,43.0,OPEN,-1.74,-4.0,99.0,-59.0
-,GD,2020-09-02,USD,153.92,2020-12-16,159.75,3.79,9.0,2020-12-11,151.33,OPEN,-1.68,-4.0,95.0,-44.0
-,ASX-SYR,2020-09-03,AUD,0.4,2021-05-27,0.66,65.0,62.0,2020-11-19,0.66,CLOSED,65.0,213.0,29.0,100.0
-,ASX-SYR,2020-09-03,AUD,0.4,2021-04-24,0.96,140.0,151.0,2020-12-02,0.96,CLOSED,140.0,392.0,39.0,100.0
-,ASX-TCL,2020-09-03,AUD,14.31,2021-04-28,15.41,7.69,8.0,2020-11-11,15.41,CLOSED,7.69,28.0,29.0,100.0
-,ASX-A2M,2020-09-03,AUD,17.15,2020-11-05,19.43,13.29,53.0,2020-11-05,13.42,CLOSED,-21.75,-87.0,100.0,-164.0
-,ASX-A2M,2020-09-03,AUD,17.15,2020-11-11,20.09,17.14,63.0,2020-11-11,14.43,CLOSED,-15.86,-58.0,100.0,-93.0
-,ASX-BKW,2020-09-03,AUD,18.41,2021-02-18,20.33,10.43,16.0,2020-11-25,20.33,CLOSED,10.43,32.0,49.0,100.0
-,ASX-BKL,2020-09-03,AUD,64.12,2021-07-24,73.62,14.82,12.0,2020-11-09,73.62,CLOSED,14.82,56.0,21.0,100.0
-,ASX-BKL,2020-09-03,AUD,64.12,2021-08-09,74.28,15.85,12.0,2020-11-10,74.28,CLOSED,15.85,59.0,20.0,100.0
-,ASX-BKW,2020-09-03,AUD,18.41,2020-10-25,18.73,1.74,8.0,2020-09-25,18.73,CLOSED,1.74,20.0,42.0,100.0
-,ASX-BKW,2020-09-03,AUD,18.41,2020-11-09,19.09,3.69,14.0,2020-09-25,19.09,CLOSED,3.69,42.0,33.0,100.0
-,ASX-GPT,2020-09-03,AUD,3.89,2021-02-01,4.01,3.08,5.0,2020-09-17,4.01,CLOSED,3.08,55.0,9.0,100.0
-,2600.HK,2020-09-03,HKD,1.89,2021-06-08,2.95,56.08,51.0,2020-11-25,2.95,CLOSED,56.08,170.0,30.0,100.0
-,0510.HK,2020-09-03,HKD,0.03,2021-06-14,0.06,100.0,89.0,2020-09-07,0.06,CLOSED,100.0,6300.0,1.0,100.0
-,0510.HK,2020-09-03,HKD,0.03,2021-08-31,0.06,100.0,70.0,2020-09-07,0.06,CLOSED,100.0,6300.0,1.0,100.0
-,0992.HK,2020-09-03,HKD,5.22,2021-05-17,5.76,10.34,10.0,2020-11-23,5.76,CLOSED,10.34,32.0,32.0,100.0
-,2208.HK,2020-09-03,HKD,6.48,2021-07-29,8.64,33.33,26.0,2020-10-13,8.64,CLOSED,33.33,210.0,12.0,100.0
-,0823.HK,2020-09-03,HKD,64.3,2020-11-28,67.21,4.53,13.0,2020-11-10,67.21,CLOSED,4.53,17.0,79.0,100.0
-,2778.HK,2020-09-03,HKD,4.14,2021-06-08,4.5,8.7,8.0,2020-11-19,4.5,CLOSED,8.7,28.0,28.0,100.0
-,0689.HK,2020-09-03,HKD,0.04,2021-01-15,0.07,75.0,141.0,2020-12-01,0.07,CLOSED,75.0,212.0,66.0,100.0
-,0823.HK,2020-09-03,HKD,64.3,2020-12-03,66.98,4.17,12.0,2020-11-10,66.98,CLOSED,4.17,15.0,75.0,100.0
-,2600.HK,2020-09-03,HKD,1.89,2021-02-14,2.14,13.23,20.0,2020-11-11,2.14,CLOSED,13.23,48.0,42.0,100.0
-,0992.HK,2020-09-03,HKD,5.22,2020-10-29,5.35,2.49,11.0,2020-09-15,5.35,CLOSED,2.49,52.0,21.0,100.0
-,0992.HK,2020-09-03,HKD,5.22,2020-11-07,5.43,4.02,16.0,2020-09-16,5.43,CLOSED,4.02,78.0,20.0,100.0
-,0689.HK,2020-09-03,HKD,0.04,2021-02-09,0.08,100.0,158.0,2020-12-10,0.08,CLOSED,100.0,257.0,62.0,100.0
-,3988.HK,2020-09-03,HKD,2.5,2020-11-03,2.71,8.4,35.0,2020-11-03,2.57,CLOSED,2.8,12.0,100.0,33.0
-,3988.HK,2020-09-03,HKD,2.5,2021-01-03,2.75,10.0,21.0,2020-11-11,2.75,CLOSED,10.0,37.0,57.0,100.0
-,LNVGY,2020-09-03,USD,13.37,2021-07-02,14.45,8.08,7.0,2020-09-16,14.45,CLOSED,8.08,157.0,4.0,100.0
-,D,2020-09-03,USD,78.99,2021-06-15,83.38,5.56,5.0,2020-11-03,83.38,CLOSED,5.56,23.0,21.0,100.0
-,SLB,2020-09-03,USD,19.12,2021-07-16,21.11,10.41,8.0,2020-11-23,21.11,CLOSED,10.41,32.0,26.0,100.0
-,LNVGY,2020-09-03,USD,13.37,2020-11-14,14.38,7.55,26.0,2020-09-16,14.38,CLOSED,7.55,146.0,18.0,100.0
-,ASX-BKW,2020-09-03,AUD,18.41,2021-04-26,20.62,12.0,13.0,2020-12-11,18.97,OPEN,3.04,8.0,42.0,25.0
-,ASX-A2M,2020-09-03,AUD,17.15,2021-05-23,29.34,71.08,68.0,2020-12-11,13.06,OPEN,-23.85,-61.0,38.0,-34.0
-,ASX-A2M,2020-09-03,AUD,17.15,2021-01-23,21.59,25.89,46.0,2020-12-11,13.06,OPEN,-23.85,-61.0,70.0,-92.0
-,3898.HK,2020-09-03,HKD,24.7,2021-02-21,32.86,33.04,49.0,2020-12-11,24.6,OPEN,-0.4,-1.0,58.0,-1.0
-,3898.HK,2020-09-03,HKD,24.7,2021-02-11,35.74,44.7,70.0,2020-12-11,24.6,OPEN,-0.4,-1.0,61.0,-1.0
-,3969.HK,2020-09-03,HKD,3.0,2020-12-17,3.68,22.67,54.0,2020-12-11,2.65,OPEN,-11.67,-30.0,94.0,-51.0
-,3988.HK,2020-09-03,HKD,2.5,2021-07-23,3.24,29.6,23.0,2020-12-11,2.66,OPEN,6.4,16.0,31.0,22.0
-,0823.HK,2020-09-03,HKD,64.3,2021-02-27,73.69,14.6,21.0,2020-12-11,69.65,OPEN,8.32,21.0,56.0,57.0
-,0823.HK,2020-09-03,HKD,64.3,2021-02-09,73.71,14.63,23.0,2020-12-11,69.65,OPEN,8.32,21.0,62.0,57.0
-,0689.HK,2020-09-03,HKD,0.04,2021-04-24,0.12,200.0,216.0,2020-12-11,0.09,OPEN,125.0,318.0,42.0,62.0
-,1310.HK,2020-09-03,HKD,14.92,2021-04-06,17.0,13.94,16.0,2020-12-11,12.44,OPEN,-16.62,-42.0,46.0,-119.0
-,0823.HK,2020-09-03,HKD,64.3,2021-05-10,75.9,18.04,18.0,2020-12-11,69.65,OPEN,8.32,21.0,40.0,46.0
-,0689.HK,2020-09-03,HKD,0.04,2021-04-01,0.11,175.0,210.0,2020-12-11,0.09,OPEN,125.0,318.0,47.0,71.0
-,0823.HK,2020-09-03,HKD,64.3,2021-05-09,75.46,17.36,18.0,2020-12-11,69.65,OPEN,8.32,21.0,40.0,48.0
-,0880.HK,2020-09-03,HKD,10.82,2021-01-14,12.76,17.93,34.0,2020-12-11,9.2,OPEN,-14.97,-38.0,74.0,-84.0
-,8206.HK,2020-09-03,HKD,0.11,2021-07-20,0.26,136.36,107.0,2020-12-11,0.08,OPEN,-27.27,-69.0,31.0,-20.0
-,3808.HK,2020-09-03,HKD,21.0,2021-04-01,25.79,22.81,27.0,2020-12-11,19.02,OPEN,-9.43,-24.0,47.0,-41.0
-,LNVGY,2020-09-03,USD,13.37,2021-01-02,16.35,22.29,46.0,2020-12-11,15.11,OPEN,13.01,33.0,82.0,58.0
-,ASX-TCL,2020-09-04,AUD,14.14,2021-04-29,15.17,7.28,8.0,2020-11-10,15.17,CLOSED,7.28,27.0,28.0,100.0
-,ASX-BAP,2020-09-04,AUD,7.01,2021-04-22,7.89,12.55,14.0,2020-10-12,7.89,CLOSED,12.55,83.0,17.0,100.0
-,ASX-AST,2020-09-04,AUD,1.85,2021-08-24,1.93,4.32,3.0,2020-10-05,1.93,CLOSED,4.32,35.0,9.0,100.0
-,ASX-ORA,2020-09-04,AUD,2.34,2020-12-23,2.44,4.27,10.0,2020-09-23,2.44,CLOSED,4.27,57.0,17.0,100.0
-,2600.HK,2020-09-04,HKD,1.9,2021-06-09,2.97,56.32,51.0,2020-11-25,2.97,CLOSED,56.32,173.0,29.0,100.0
-,0510.HK,2020-09-04,HKD,0.03,2021-06-15,0.06,100.0,89.0,2020-09-07,0.06,CLOSED,100.0,8400.0,1.0,100.0
-,0510.HK,2020-09-04,HKD,0.03,2021-09-01,0.06,100.0,70.0,2020-09-07,0.06,CLOSED,100.0,8400.0,1.0,100.0
-,0992.HK,2020-09-04,HKD,5.21,2021-05-18,5.75,10.36,10.0,2020-11-23,5.75,CLOSED,10.36,33.0,31.0,100.0
-,2600.HK,2020-09-04,HKD,1.9,2021-02-15,2.15,13.16,20.0,2020-11-11,2.15,CLOSED,13.16,49.0,41.0,100.0
-,0992.HK,2020-09-04,HKD,5.21,2020-10-30,5.34,2.5,11.0,2020-09-15,5.34,CLOSED,2.5,57.0,20.0,100.0
-,0992.HK,2020-09-04,HKD,5.21,2020-11-08,5.42,4.03,16.0,2020-09-16,5.42,CLOSED,4.03,85.0,18.0,100.0
-,TSLA,2020-09-04,USD,418.32,2021-04-19,638.31,52.59,58.0,2020-12-07,638.31,CLOSED,52.59,141.0,41.0,100.0
-,AAPL,2020-09-04,USD,120.96,2020-11-01,132.48,9.52,41.0,2020-10-30,108.86,CLOSED,-10.0,-45.0,97.0,-105.0
-,AWK,2020-09-04,USD,143.17,2021-01-09,154.84,8.15,16.0,2020-10-07,154.84,CLOSED,8.15,62.0,26.0,100.0
-,TSLA,2020-09-04,USD,418.32,2020-12-18,524.45,25.37,61.0,2020-11-23,524.45,CLOSED,25.37,80.0,76.0,100.0
-,TSLA,2020-09-04,USD,418.32,2021-06-12,596.94,42.7,38.0,2020-11-27,596.94,CLOSED,42.7,128.0,30.0,100.0
-,ESS,2020-09-04,USD,224.26,2021-02-07,240.2,7.11,11.0,2020-11-09,240.2,CLOSED,7.11,27.0,42.0,100.0
-,TSLA,2020-09-04,USD,418.32,2020-10-29,493.78,18.04,83.0,2020-10-29,410.83,CLOSED,-1.79,-8.0,100.0,-10.0
-,AWK,2020-09-04,USD,143.17,2020-11-26,151.97,6.15,19.0,2020-10-05,151.97,CLOSED,6.15,50.0,37.0,100.0
-,ESS,2020-09-04,USD,224.26,2021-07-04,252.18,12.45,10.0,2020-11-09,252.18,CLOSED,12.45,48.0,22.0,100.0
-,USB,2020-09-04,USD,38.31,2021-08-09,41.8,9.11,7.0,2020-11-09,41.8,CLOSED,9.11,35.0,19.0,100.0
-,BXP,2020-09-04,USD,87.81,2021-05-10,95.08,8.28,8.0,2020-11-09,95.08,CLOSED,8.28,32.0,27.0,100.0
-,TSLA,2020-09-04,USD,418.32,2020-10-30,516.04,23.36,105.0,2020-10-30,388.04,CLOSED,-7.24,-33.0,100.0,-31.0
-,BXP,2020-09-04,USD,87.81,2020-12-15,92.97,5.88,15.0,2020-11-09,92.97,CLOSED,5.88,22.0,65.0,100.0
-,ESS,2020-09-04,USD,224.26,2021-01-14,232.74,3.78,7.0,2020-11-09,232.74,CLOSED,3.78,14.0,50.0,100.0
-,TSLA,2020-09-04,USD,418.32,2021-01-17,484.71,15.87,30.0,2020-11-18,484.71,CLOSED,15.87,53.0,56.0,100.0
-,DUK,2020-09-04,USD,80.97,2021-05-12,84.66,4.56,5.0,2020-09-14,84.66,CLOSED,4.56,115.0,4.0,100.0
-,ASX-BAP,2020-09-04,AUD,7.01,2021-06-19,8.74,24.68,22.0,2020-12-11,7.04,OPEN,0.43,1.0,34.0,2.0
-,ASX-ORA,2020-09-04,AUD,2.34,2021-08-10,3.11,32.91,24.0,2020-12-11,2.67,OPEN,14.1,36.0,29.0,43.0
-,ASX-BRG,2020-09-04,AUD,27.55,2021-05-18,31.86,15.64,15.0,2020-12-11,23.89,OPEN,-13.28,-34.0,38.0,-85.0
-,3898.HK,2020-09-04,HKD,24.9,2021-02-22,33.13,33.05,49.0,2020-12-11,24.6,OPEN,-1.2,-3.0,57.0,-4.0
-,3898.HK,2020-09-04,HKD,24.9,2021-02-12,36.03,44.7,70.0,2020-12-11,24.6,OPEN,-1.2,-3.0,61.0,-3.0
-,3969.HK,2020-09-04,HKD,2.98,2020-12-18,3.65,22.48,54.0,2020-12-11,2.65,OPEN,-11.07,-28.0,93.0,-49.0
-,0880.HK,2020-09-04,HKD,10.54,2021-01-15,12.43,17.93,34.0,2020-12-11,9.2,OPEN,-12.71,-33.0,74.0,-71.0
-,8206.HK,2020-09-04,HKD,0.11,2021-07-21,0.26,136.36,107.0,2020-12-11,0.08,OPEN,-27.27,-70.0,31.0,-20.0
-,AWK,2020-09-04,USD,143.17,2021-08-23,180.62,26.16,19.0,2020-12-11,148.28,OPEN,3.57,9.0,28.0,14.0
-,AAPL,2020-09-04,USD,120.96,2021-08-20,179.34,48.26,35.0,2020-12-11,122.41,OPEN,1.2,3.0,28.0,2.0
-,AAPL,2020-09-04,USD,120.96,2020-12-21,140.54,16.19,38.0,2020-12-11,122.41,OPEN,1.2,3.0,91.0,7.0
-,AAPL,2020-09-04,USD,120.96,2021-03-22,174.0,43.85,56.0,2020-12-11,122.41,OPEN,1.2,3.0,49.0,3.0
-,AAPL,2020-09-04,USD,120.96,2021-07-31,192.58,59.21,45.0,2020-12-11,122.41,OPEN,1.2,3.0,30.0,2.0
-,AAPL,2020-09-04,USD,120.96,2021-09-01,159.85,32.15,22.0,2020-12-11,122.41,OPEN,1.2,3.0,27.0,4.0
-,AAPL,2020-09-04,USD,120.96,2021-06-17,153.3,26.74,24.0,2020-12-11,122.41,OPEN,1.2,3.0,34.0,4.0
-,AAPL,2020-09-04,USD,120.96,2021-07-05,155.0,28.14,23.0,2020-12-11,122.41,OPEN,1.2,3.0,32.0,4.0
-,AAPL,2020-09-04,USD,120.96,2021-05-29,152.82,26.34,25.0,2020-12-11,122.41,OPEN,1.2,3.0,37.0,5.0
-,ASX-SCP,2020-09-07,AUD,2.19,2021-02-06,2.31,5.48,9.0,2020-10-05,2.31,CLOSED,5.48,49.0,18.0,100.0
-,ASX-A2M,2020-09-07,AUD,16.79,2020-11-09,19.02,13.28,53.0,2020-11-09,14.3,CLOSED,-14.83,-59.0,100.0,-112.0
-,ASX-A2M,2020-09-07,AUD,16.79,2020-11-15,19.67,17.15,63.0,2020-11-13,14.45,CLOSED,-13.94,-52.0,97.0,-81.0
-,ASX-SCP,2020-09-07,AUD,2.19,2021-01-04,2.33,6.39,14.0,2020-11-02,2.33,CLOSED,6.39,29.0,47.0,100.0
-,ASX-TNE,2020-09-07,AUD,7.67,2020-11-17,8.2,6.91,25.0,2020-10-08,8.2,CLOSED,6.91,56.0,44.0,100.0
-,2318.HK,2020-09-07,HKD,80.35,2020-12-31,93.41,16.25,36.0,2020-11-30,93.41,CLOSED,16.25,49.0,73.0,100.0
-,2600.HK,2020-09-07,HKD,1.89,2021-06-12,2.95,56.08,51.0,2020-11-25,2.95,CLOSED,56.08,179.0,28.0,100.0
-,0689.HK,2020-09-07,HKD,0.03,2021-08-15,0.05,66.67,49.0,2020-10-16,0.05,CLOSED,66.67,431.0,11.0,100.0
-,0992.HK,2020-09-07,HKD,5.1,2021-05-21,5.63,10.39,10.0,2020-11-23,5.63,CLOSED,10.39,34.0,30.0,100.0
-,2600.HK,2020-09-07,HKD,1.89,2021-02-18,2.14,13.23,20.0,2020-11-11,2.14,CLOSED,13.23,51.0,40.0,100.0
-,0992.HK,2020-09-07,HKD,5.1,2020-11-02,5.23,2.55,11.0,2020-09-14,5.23,CLOSED,2.55,92.0,12.0,100.0
-,0992.HK,2020-09-07,HKD,5.1,2020-11-11,5.3,3.92,15.0,2020-09-15,5.3,CLOSED,3.92,123.0,12.0,100.0
-,ASX-A2M,2020-09-07,AUD,16.79,2021-05-27,28.72,71.05,68.0,2020-12-11,13.06,OPEN,-22.22,-59.0,36.0,-31.0
-,ASX-A2M,2020-09-07,AUD,16.79,2021-01-27,21.14,25.91,46.0,2020-12-11,13.06,OPEN,-22.22,-59.0,67.0,-86.0
-,2318.HK,2020-09-07,HKD,80.35,2021-01-25,108.74,35.33,64.0,2020-12-11,92.7,OPEN,15.37,41.0,68.0,44.0
-,3898.HK,2020-09-07,HKD,25.35,2021-02-25,33.73,33.06,49.0,2020-12-11,24.6,OPEN,-2.96,-8.0,56.0,-9.0
-,3898.HK,2020-09-07,HKD,25.35,2021-02-15,36.68,44.69,70.0,2020-12-11,24.6,OPEN,-2.96,-8.0,59.0,-7.0
-,0689.HK,2020-09-07,HKD,0.03,2021-03-24,0.24,700.0,891.0,2020-12-11,0.09,OPEN,200.0,531.0,48.0,29.0
-,0689.HK,2020-09-07,HKD,0.03,2020-12-24,0.15,400.0,933.0,2020-12-11,0.09,OPEN,200.0,531.0,88.0,50.0
-,0689.HK,2020-09-07,HKD,0.03,2021-02-17,0.16,433.33,670.0,2020-12-11,0.09,OPEN,200.0,531.0,58.0,46.0
-,0880.HK,2020-09-07,HKD,10.26,2021-01-18,12.1,17.93,34.0,2020-12-11,9.2,OPEN,-10.33,-27.0,71.0,-58.0
-,ASX-CCP,2020-09-08,AUD,19.62,2021-04-24,24.1,22.83,25.0,2020-11-18,24.1,CLOSED,22.83,81.0,31.0,100.0
-,ASX-GOZ,2020-09-08,AUD,3.37,2021-06-16,3.59,6.53,6.0,2020-10-06,3.59,CLOSED,6.53,59.0,10.0,100.0
-,ASX-CCP,2020-09-08,AUD,19.62,2020-12-07,21.19,8.0,22.0,2020-10-22,21.19,CLOSED,8.0,46.0,49.0,100.0
-,ASX-CCP,2020-09-08,AUD,19.62,2021-03-19,23.5,19.78,26.0,2020-11-17,23.5,CLOSED,19.78,71.0,36.0,100.0
-,ASX-BWP,2020-09-08,AUD,4.04,2021-05-11,4.3,6.44,7.0,2020-11-12,4.3,CLOSED,6.44,25.0,27.0,100.0
-,ASX-BKW,2020-09-08,AUD,18.08,2021-07-21,20.06,10.95,9.0,2020-11-25,20.06,CLOSED,10.95,35.0,25.0,100.0
-,ASX-ALU,2020-09-08,AUD,34.31,2020-10-24,37.41,9.04,50.0,2020-10-12,37.41,CLOSED,9.04,67.0,74.0,100.0
-,ASX-SGR,2020-09-08,AUD,3.15,2021-07-30,3.6,14.29,11.0,2020-10-15,3.6,CLOSED,14.29,97.0,11.0,100.0
-,ASX-ALU,2020-09-08,AUD,34.31,2020-12-20,36.6,6.67,16.0,2020-10-08,36.6,CLOSED,6.67,56.0,29.0,100.0
-,ASX-ALU,2020-09-08,AUD,34.31,2021-07-23,38.18,11.28,9.0,2020-10-12,38.18,CLOSED,11.28,84.0,11.0,100.0
-,ASX-GOZ,2020-09-08,AUD,3.37,2021-01-19,3.46,2.67,5.0,2020-09-28,3.46,CLOSED,2.67,34.0,15.0,100.0
-,ASX-BKW,2020-09-08,AUD,18.08,2021-04-02,19.75,9.24,11.0,2020-10-07,19.75,CLOSED,9.24,80.0,14.0,100.0
-,ASX-MPL,2020-09-08,AUD,2.54,2020-12-01,2.69,5.91,18.0,2020-10-16,2.69,CLOSED,5.91,39.0,45.0,100.0
-,2318.HK,2020-09-08,HKD,81.35,2021-01-01,94.58,16.26,36.0,2020-12-02,94.58,CLOSED,16.26,48.0,74.0,100.0
-,2600.HK,2020-09-08,HKD,1.89,2021-06-13,2.95,56.08,51.0,2020-11-25,2.95,CLOSED,56.08,181.0,28.0,100.0
-,3969.HK,2020-09-08,HKD,3.0,2020-11-27,3.38,12.67,40.0,2020-11-27,2.65,CLOSED,-11.67,-37.0,100.0,-92.0
-,0689.HK,2020-09-08,HKD,0.04,2021-08-16,0.06,50.0,37.0,2020-11-27,0.06,CLOSED,50.0,158.0,23.0,100.0
-,0992.HK,2020-09-08,HKD,4.98,2021-05-22,5.5,10.44,10.0,2020-09-16,5.5,CLOSED,10.44,329.0,3.0,100.0
-,0083.HK,2020-09-08,HKD,9.37,2021-07-26,10.47,11.74,9.0,2020-11-30,10.47,CLOSED,11.74,36.0,26.0,100.0
-,2600.HK,2020-09-08,HKD,1.89,2021-02-19,2.14,13.23,20.0,2020-11-11,2.14,CLOSED,13.23,52.0,39.0,100.0
-,0992.HK,2020-09-08,HKD,4.98,2020-11-03,5.11,2.61,12.0,2020-09-10,5.11,CLOSED,2.61,329.0,4.0,100.0
-,0992.HK,2020-09-08,HKD,4.98,2020-11-12,5.18,4.02,16.0,2020-09-11,5.18,CLOSED,4.02,338.0,5.0,100.0
-,ASX-MPL,2020-09-08,AUD,2.54,2021-08-16,3.11,22.44,17.0,2020-12-11,2.83,OPEN,11.42,31.0,27.0,51.0
-,ASX-ALU,2020-09-08,AUD,34.31,2021-08-26,41.01,19.53,14.0,2020-12-11,36.16,OPEN,5.39,14.0,27.0,28.0
-,2318.HK,2020-09-08,HKD,81.35,2021-01-26,110.09,35.33,64.0,2020-12-11,92.7,OPEN,13.95,37.0,67.0,39.0
-,3898.HK,2020-09-08,HKD,25.5,2021-02-26,33.93,33.06,49.0,2020-12-11,24.6,OPEN,-3.53,-9.0,55.0,-11.0
-,3898.HK,2020-09-08,HKD,25.5,2021-02-16,36.9,44.71,70.0,2020-12-11,24.6,OPEN,-3.53,-9.0,58.0,-8.0
-,3969.HK,2020-09-08,HKD,3.0,2021-08-10,3.35,11.67,9.0,2020-12-11,2.65,OPEN,-11.67,-31.0,28.0,-100.0
-,3969.HK,2020-09-08,HKD,3.0,2021-08-21,3.46,15.33,11.0,2020-12-11,2.65,OPEN,-11.67,-31.0,27.0,-76.0
-,0689.HK,2020-09-08,HKD,0.04,2021-07-02,0.24,500.0,424.0,2020-12-11,0.09,OPEN,125.0,335.0,32.0,25.0
-,0689.HK,2020-09-08,HKD,0.04,2021-03-25,0.32,700.0,891.0,2020-12-11,0.09,OPEN,125.0,335.0,47.0,18.0
-,0689.HK,2020-09-08,HKD,0.04,2020-12-25,0.2,400.0,933.0,2020-12-11,0.09,OPEN,125.0,335.0,87.0,31.0
-,0689.HK,2020-09-08,HKD,0.04,2021-02-18,0.21,425.0,657.0,2020-12-11,0.09,OPEN,125.0,335.0,58.0,29.0
-,3969.HK,2020-09-08,HKD,3.0,2020-12-17,3.3,10.0,25.0,2020-12-11,2.65,OPEN,-11.67,-31.0,94.0,-117.0
-,0083.HK,2020-09-08,HKD,9.37,2021-08-12,10.98,17.18,13.0,2020-12-11,10.56,OPEN,12.7,34.0,28.0,74.0
-,0006.HK,2020-09-08,HKD,42.2,2021-08-29,46.1,9.24,7.0,2020-12-11,41.15,OPEN,-2.49,-7.0,26.0,-27.0
-,2328.HK,2020-09-08,HKD,6.05,2021-08-04,7.72,27.6,21.0,2020-12-11,6.01,OPEN,-0.66,-2.0,28.0,-2.0
-,0006.HK,2020-09-08,HKD,42.2,2021-02-11,44.25,4.86,8.0,2020-12-11,41.15,OPEN,-2.49,-7.0,60.0,-51.0
-,0880.HK,2020-09-08,HKD,10.24,2021-01-19,12.08,17.97,34.0,2020-12-11,9.2,OPEN,-10.16,-27.0,71.0,-57.0
-,1299.HK,2020-09-09,HKD,81.05,2021-01-29,87.12,7.49,13.0,2020-11-10,87.12,CLOSED,7.49,30.0,44.0,100.0
-,2318.HK,2020-09-09,HKD,81.0,2021-01-02,94.17,16.26,36.0,2020-11-30,94.17,CLOSED,16.26,50.0,71.0,100.0
-,2600.HK,2020-09-09,HKD,1.87,2021-06-14,2.92,56.15,51.0,2020-11-25,2.92,CLOSED,56.15,184.0,28.0,100.0
-,0345.HK,2020-09-09,HKD,26.9,2021-04-24,32.7,21.56,24.0,2020-10-12,32.7,CLOSED,21.56,165.0,15.0,100.0
-,0778.HK,2020-09-09,HKD,6.7,2021-02-27,7.15,6.72,10.0,2020-11-11,7.15,CLOSED,6.72,27.0,37.0,100.0
-,0992.HK,2020-09-09,HKD,5.06,2021-05-23,5.59,10.47,10.0,2020-11-20,5.59,CLOSED,10.47,37.0,28.0,100.0
-,0345.HK,2020-09-09,HKD,26.9,2021-01-17,28.94,7.58,15.0,2020-09-14,28.94,CLOSED,7.58,382.0,4.0,100.0
-,2600.HK,2020-09-09,HKD,1.87,2021-02-20,2.12,13.37,21.0,2020-11-11,2.12,CLOSED,13.37,53.0,38.0,100.0
-,0992.HK,2020-09-09,HKD,5.06,2020-11-04,5.19,2.57,12.0,2020-09-11,5.19,CLOSED,2.57,324.0,4.0,100.0
-,0992.HK,2020-09-09,HKD,5.06,2020-11-13,5.26,3.95,15.0,2020-09-14,5.26,CLOSED,3.95,199.0,8.0,100.0
-,0288.HK,2020-09-09,HKD,6.53,2020-11-30,6.81,4.29,13.0,2020-10-28,6.81,CLOSED,4.29,22.0,60.0,100.0
-,ACH,2020-09-09,USD,6.03,2021-04-18,7.61,26.2,30.0,2020-11-23,7.61,CLOSED,26.2,88.0,34.0,100.0
-,TSLA,2020-09-09,USD,366.28,2021-04-24,558.91,52.59,58.0,2020-11-24,558.91,CLOSED,52.59,174.0,33.0,100.0
-,AAPL,2020-09-09,USD,117.32,2020-11-06,128.49,9.52,41.0,2020-11-06,118.69,CLOSED,1.17,5.0,100.0,12.0
-,TSLA,2020-09-09,USD,366.28,2020-12-23,459.21,25.37,61.0,2020-09-15,459.21,CLOSED,25.37,1066.0,6.0,100.0
-,TSLA,2020-09-09,USD,366.28,2021-06-17,522.68,42.7,38.0,2020-11-23,522.68,CLOSED,42.7,143.0,27.0,100.0
-,TSLA,2020-09-09,USD,366.28,2020-11-03,432.36,18.04,83.0,2020-09-15,432.36,CLOSED,18.04,758.0,11.0,100.0
-,VZ,2020-09-09,USD,60.04,2020-12-04,62.0,3.26,10.0,2020-12-04,61.55,CLOSED,2.51,7.0,100.0,77.0
-,WBA,2020-09-09,USD,35.35,2020-12-04,37.06,4.84,14.0,2020-09-17,37.06,CLOSED,4.84,152.0,9.0,100.0
-,TSLA,2020-09-09,USD,366.28,2020-11-04,451.84,23.36,105.0,2020-09-15,451.84,CLOSED,23.36,981.0,11.0,100.0
-,ACH,2020-09-09,USD,6.03,2020-10-17,6.4,6.14,41.0,2020-10-16,5.52,CLOSED,-8.46,-58.0,97.0,-138.0
-,TSLA,2020-09-09,USD,366.28,2021-01-22,424.41,15.87,30.0,2020-09-15,424.41,CLOSED,15.87,667.0,4.0,100.0
-,2318.HK,2020-09-09,HKD,81.0,2021-01-27,109.62,35.33,64.0,2020-12-11,92.7,OPEN,14.44,39.0,66.0,41.0
-,3898.HK,2020-09-09,HKD,25.35,2021-02-27,33.73,33.06,49.0,2020-12-11,24.6,OPEN,-2.96,-8.0,54.0,-9.0
-,3898.HK,2020-09-09,HKD,25.35,2021-02-17,36.68,44.69,70.0,2020-12-11,24.6,OPEN,-2.96,-8.0,58.0,-7.0
-,0345.HK,2020-09-09,HKD,26.9,2021-07-01,35.56,32.19,27.0,2020-12-11,31.05,OPEN,15.43,42.0,32.0,48.0
-,0288.HK,2020-09-09,HKD,6.53,2021-02-06,7.99,22.36,38.0,2020-12-11,6.51,OPEN,-0.31,-1.0,62.0,-1.0
-,0288.HK,2020-09-09,HKD,6.53,2021-03-19,9.94,52.22,69.0,2020-12-11,6.51,OPEN,-0.31,-1.0,49.0,-1.0
-,0435.HK,2020-09-09,HKD,3.86,2021-02-26,4.24,9.84,15.0,2020-12-11,3.81,OPEN,-1.3,-4.0,55.0,-13.0
-,0435.HK,2020-09-09,HKD,3.86,2021-04-03,4.19,8.55,10.0,2020-12-11,3.81,OPEN,-1.3,-4.0,45.0,-15.0
-,0778.HK,2020-09-09,HKD,6.7,2021-03-16,7.41,10.6,14.0,2020-12-11,7.24,OPEN,8.06,22.0,49.0,76.0
-,0435.HK,2020-09-09,HKD,3.86,2021-04-24,4.28,10.88,12.0,2020-12-11,3.81,OPEN,-1.3,-4.0,41.0,-12.0
-,0435.HK,2020-09-09,HKD,3.86,2021-04-29,4.22,9.33,10.0,2020-12-11,3.81,OPEN,-1.3,-4.0,40.0,-14.0
-,0467.HK,2020-09-09,HKD,1.11,2021-04-06,1.83,64.86,78.0,2020-12-11,1.43,OPEN,28.83,78.0,44.0,44.0
-,0006.HK,2020-09-09,HKD,42.25,2021-08-30,46.15,9.23,7.0,2020-12-11,41.15,OPEN,-2.6,-7.0,26.0,-28.0
-,2388.HK,2020-09-09,HKD,22.35,2021-07-07,26.08,16.69,14.0,2020-12-11,24.0,OPEN,7.38,20.0,31.0,44.0
-,0006.HK,2020-09-09,HKD,42.25,2021-02-12,44.3,4.85,8.0,2020-12-11,41.15,OPEN,-2.6,-7.0,60.0,-54.0
-,0880.HK,2020-09-09,HKD,10.06,2021-01-20,11.86,17.89,34.0,2020-12-11,9.2,OPEN,-8.55,-23.0,70.0,-48.0
-,0288.HK,2020-09-09,HKD,6.53,2021-01-31,7.07,8.27,14.0,2020-12-11,6.51,OPEN,-0.31,-1.0,65.0,-4.0
-,AAPL,2020-09-09,USD,117.32,2021-08-25,173.94,48.26,35.0,2020-12-11,122.41,OPEN,4.34,12.0,27.0,9.0
-,AAPL,2020-09-09,USD,117.32,2020-12-26,136.31,16.19,38.0,2020-12-11,122.41,OPEN,4.34,12.0,86.0,27.0
-,AAPL,2020-09-09,USD,117.32,2021-03-27,168.76,43.85,56.0,2020-12-11,122.41,OPEN,4.34,12.0,47.0,10.0
-,AAPL,2020-09-09,USD,117.32,2021-08-05,186.79,59.21,45.0,2020-12-11,122.41,OPEN,4.34,12.0,28.0,7.0
-,AAPL,2020-09-09,USD,117.32,2021-09-06,155.04,32.15,22.0,2020-12-11,122.41,OPEN,4.34,12.0,26.0,13.0
-,AAPL,2020-09-09,USD,117.32,2021-06-22,148.69,26.74,24.0,2020-12-11,122.41,OPEN,4.34,12.0,33.0,16.0
-,VZ,2020-09-09,USD,60.04,2021-08-04,63.28,5.4,4.0,2020-12-11,60.35,OPEN,0.52,1.0,28.0,10.0
-,DLR,2020-09-09,USD,147.58,2021-07-20,176.14,19.35,16.0,2020-12-11,130.27,OPEN,-11.73,-32.0,30.0,-61.0
-,UTX,2020-09-09,USD,96.42,2021-07-21,113.6,17.82,14.0,2020-12-11,110.71,OPEN,14.82,40.0,30.0,83.0
-,AAPL,2020-09-09,USD,117.32,2021-07-10,150.33,28.14,23.0,2020-12-11,122.41,OPEN,4.34,12.0,31.0,15.0
-,AAPL,2020-09-09,USD,117.32,2021-06-03,148.22,26.34,25.0,2020-12-11,122.41,OPEN,4.34,12.0,35.0,16.0
-,DLR,2020-09-09,USD,147.58,2021-01-10,161.02,9.11,19.0,2020-12-11,130.27,OPEN,-11.73,-32.0,76.0,-129.0
-,GIS,2020-09-09,USD,59.98,2021-08-10,65.22,8.74,7.0,2020-12-11,59.32,OPEN,-1.1,-3.0,28.0,-13.0
-,ASX-A2M,2020-09-10,AUD,16.47,2020-11-15,19.33,17.36,66.0,2020-11-13,14.45,CLOSED,-12.26,-48.0,97.0,-71.0
-,ASX-A2M,2020-09-10,AUD,16.47,2020-11-21,19.87,20.64,72.0,2020-11-20,13.9,CLOSED,-15.6,-55.0,99.0,-76.0
-,ASX-SEK,2020-09-10,AUD,19.13,2021-07-09,25.91,35.44,30.0,2020-11-17,25.91,CLOSED,35.44,131.0,23.0,100.0
-,ASX-SEK,2020-09-10,AUD,19.13,2021-09-04,25.84,35.08,25.0,2020-11-17,25.84,CLOSED,35.08,130.0,19.0,100.0
-,ASX-A2M,2020-09-10,AUD,16.47,2020-11-12,18.66,13.3,53.0,2020-11-12,14.68,CLOSED,-10.87,-43.0,100.0,-82.0
-,ASX-A2M,2020-09-10,AUD,16.47,2020-11-18,19.29,17.12,63.0,2020-11-18,13.98,CLOSED,-15.12,-55.0,100.0,-88.0
-,ASX-RIO,2020-09-10,AUD,100.45,2021-06-17,112.36,11.86,11.0,2020-12-03,112.36,CLOSED,11.86,36.0,30.0,100.0
-,ASX-MPL,2020-09-10,AUD,2.54,2020-12-03,2.69,5.91,18.0,2020-10-16,2.69,CLOSED,5.91,41.0,43.0,100.0
-,2318.HK,2020-09-10,HKD,80.9,2021-01-03,94.05,16.25,36.0,2020-11-30,94.05,CLOSED,16.25,51.0,70.0,100.0
-,2600.HK,2020-09-10,HKD,1.83,2021-06-15,2.86,56.28,51.0,2020-11-25,2.86,CLOSED,56.28,187.0,27.0,100.0
-,0778.HK,2020-09-10,HKD,6.72,2021-02-28,7.29,8.48,12.0,2020-12-07,7.29,CLOSED,8.48,24.0,51.0,100.0
-,0778.HK,2020-09-10,HKD,6.72,2021-02-21,7.11,5.8,9.0,2020-11-11,7.11,CLOSED,5.8,24.0,38.0,100.0
-,0992.HK,2020-09-10,HKD,5.16,2021-05-24,5.7,10.47,10.0,2020-11-23,5.7,CLOSED,10.47,36.0,29.0,100.0
-,2208.HK,2020-09-10,HKD,6.27,2021-08-05,8.36,33.33,26.0,2020-10-13,8.36,CLOSED,33.33,255.0,10.0,100.0
-,1038.HK,2020-09-10,HKD,38.35,2021-01-31,40.79,6.36,11.0,2020-11-11,40.79,CLOSED,6.36,26.0,43.0,100.0
-,2600.HK,2020-09-10,HKD,1.83,2021-02-21,2.07,13.11,20.0,2020-11-10,2.07,CLOSED,13.11,54.0,37.0,100.0
-,1038.HK,2020-09-10,HKD,38.35,2020-11-06,39.7,3.52,16.0,2020-11-06,38.15,CLOSED,-0.52,-2.0,100.0,-15.0
-,0992.HK,2020-09-10,HKD,5.16,2020-11-05,5.29,2.52,11.0,2020-09-15,5.29,CLOSED,2.52,127.0,9.0,100.0
-,0992.HK,2020-09-10,HKD,5.16,2020-11-14,5.36,3.88,15.0,2020-09-15,5.36,CLOSED,3.88,196.0,8.0,100.0
-,TSLA,2020-09-10,USD,371.34,2021-04-25,566.63,52.59,58.0,2020-11-25,566.63,CLOSED,52.59,174.0,33.0,100.0
-,TSLA,2020-09-10,USD,371.34,2020-12-24,465.55,25.37,61.0,2020-10-14,465.55,CLOSED,25.37,188.0,32.0,100.0
-,TSLA,2020-09-10,USD,371.34,2021-06-18,529.9,42.7,38.0,2020-11-24,529.9,CLOSED,42.7,143.0,27.0,100.0
-,TSLA,2020-09-10,USD,371.34,2020-11-04,438.33,18.04,83.0,2020-09-15,438.33,CLOSED,18.04,909.0,9.0,100.0
-,D,2020-09-10,USD,78.73,2021-05-18,82.89,5.28,5.0,2020-10-08,82.89,CLOSED,5.28,48.0,11.0,100.0
-,WBA,2020-09-10,USD,34.67,2020-12-05,36.35,4.85,14.0,2020-09-16,36.35,CLOSED,4.85,204.0,7.0,100.0
-,TSLA,2020-09-10,USD,371.34,2020-11-05,458.09,23.36,105.0,2020-09-15,458.09,CLOSED,23.36,1177.0,9.0,100.0
-,TSLA,2020-09-10,USD,371.34,2021-01-23,430.27,15.87,30.0,2020-09-15,430.27,CLOSED,15.87,800.0,4.0,100.0
-,D,2020-09-10,USD,78.73,2021-01-27,81.53,3.56,6.0,2020-09-15,81.53,CLOSED,3.56,179.0,4.0,100.0
-,ASX-A2M,2020-09-10,AUD,16.47,2021-05-30,28.17,71.04,68.0,2020-12-11,13.06,OPEN,-20.7,-57.0,35.0,-29.0
-,ASX-MPL,2020-09-10,AUD,2.54,2021-08-18,3.11,22.44,17.0,2020-12-11,2.83,OPEN,11.42,31.0,27.0,51.0
-,ASX-A2M,2020-09-10,AUD,16.47,2021-01-13,21.01,27.57,56.0,2020-12-11,13.06,OPEN,-20.7,-57.0,74.0,-75.0
-,ASX-A2M,2020-09-10,AUD,16.47,2021-05-27,29.18,77.17,75.0,2020-12-11,13.06,OPEN,-20.7,-57.0,36.0,-27.0
-,ASX-A2M,2020-09-10,AUD,16.47,2021-01-30,20.73,25.87,46.0,2020-12-11,13.06,OPEN,-20.7,-57.0,65.0,-80.0
-,2318.HK,2020-09-10,HKD,80.9,2021-01-28,109.48,35.33,64.0,2020-12-11,92.7,OPEN,14.59,40.0,66.0,41.0
-,3898.HK,2020-09-10,HKD,25.1,2021-02-28,33.4,33.07,49.0,2020-12-11,24.6,OPEN,-1.99,-5.0,54.0,-6.0
-,3898.HK,2020-09-10,HKD,25.1,2021-02-18,36.32,44.7,70.0,2020-12-11,24.6,OPEN,-1.99,-5.0,57.0,-4.0
-,1038.HK,2020-09-10,HKD,38.35,2021-08-25,47.58,24.07,17.0,2020-12-11,39.95,OPEN,4.17,11.0,26.0,17.0
-,0467.HK,2020-09-10,HKD,1.11,2021-04-07,1.83,64.86,78.0,2020-12-11,1.43,OPEN,28.83,79.0,44.0,44.0
-,0880.HK,2020-09-10,HKD,10.4,2021-01-21,12.26,17.88,34.0,2020-12-11,9.2,OPEN,-11.54,-32.0,69.0,-65.0
-,2012.HK,2020-09-10,HKD,1.72,2021-06-25,8.68,404.65,354.0,2020-12-10,1.5,OPEN,-12.79,-35.0,32.0,-3.0
+,ASX-IGO,2020-09-11,AUD,4.49,2021-05-28,6.06,34.97,34.0,2020-12-11,6.06,CLOSED,34.97,97.0,35.0,100.0
-,ASX-SYR,2020-09-11,AUD,0.42,2020-10-10,0.44,4.76,41.0,2020-09-14,0.44,CLOSED,4.76,400.0,10.0,100.0
-,ASX-SYR,2020-09-11,AUD,0.42,2020-10-17,0.46,9.52,67.0,2020-09-15,0.46,CLOSED,9.52,600.0,11.0,100.0
-,ASX-SYR,2020-09-11,AUD,0.42,2021-04-11,0.75,78.57,93.0,2020-11-23,0.75,CLOSED,78.57,271.0,34.0,100.0
-,ASX-SYR,2020-09-11,AUD,0.42,2021-04-14,0.58,38.1,45.0,2020-11-13,0.58,CLOSED,38.1,152.0,29.0,100.0
-,ASX-SYR,2020-09-11,AUD,0.42,2021-04-25,0.69,64.29,72.0,2020-11-20,0.69,CLOSED,64.29,231.0,31.0,100.0
-,ASX-SYR,2020-09-11,AUD,0.42,2021-03-07,0.87,107.14,153.0,2020-11-27,0.87,CLOSED,107.14,351.0,44.0,100.0
-,ASX-SEK,2020-09-11,AUD,19.22,2021-07-10,26.03,35.43,30.0,2020-11-17,26.03,CLOSED,35.43,133.0,22.0,100.0
-,ASX-SEK,2020-09-11,AUD,19.22,2021-09-05,25.96,35.07,25.0,2020-11-17,25.96,CLOSED,35.07,132.0,19.0,100.0
-,ASX-MPL,2020-09-11,AUD,2.58,2020-12-04,2.74,6.2,19.0,2020-10-16,2.74,CLOSED,6.2,45.0,42.0,100.0
-,2318.HK,2020-09-11,HKD,81.2,2021-01-04,94.4,16.26,36.0,2020-12-02,94.4,CLOSED,16.26,50.0,71.0,100.0
-,2600.HK,2020-09-11,HKD,1.81,2021-06-16,2.83,56.35,51.0,2020-11-24,2.83,CLOSED,56.35,192.0,27.0,100.0
-,1251.HK,2020-09-11,HKD,0.22,2020-10-30,0.34,54.55,281.0,2020-10-30,0.24,CLOSED,9.09,47.0,100.0,17.0
-,1251.HK,2020-09-11,HKD,0.22,2020-10-30,0.34,54.55,281.0,2020-10-30,0.24,CLOSED,9.09,47.0,100.0,17.0
-,0345.HK,2020-09-11,HKD,28.0,2021-03-28,32.64,16.57,21.0,2020-10-12,32.64,CLOSED,16.57,135.0,16.0,100.0
-,0345.HK,2020-09-11,HKD,28.0,2021-05-01,33.72,20.43,22.0,2020-11-06,33.72,CLOSED,20.43,92.0,24.0,100.0
-,0992.HK,2020-09-11,HKD,5.16,2021-05-25,5.7,10.47,10.0,2020-11-23,5.7,CLOSED,10.47,36.0,29.0,100.0
-,0689.HK,2020-09-11,HKD,0.04,2021-01-23,0.07,75.0,141.0,2020-12-01,0.07,CLOSED,75.0,233.0,60.0,100.0
-,2600.HK,2020-09-11,HKD,1.81,2021-02-22,2.05,13.26,20.0,2020-11-10,2.05,CLOSED,13.26,56.0,37.0,100.0
-,1038.HK,2020-09-11,HKD,38.6,2020-11-07,39.96,3.52,16.0,2020-11-06,38.15,CLOSED,-1.17,-5.0,98.0,-33.0
-,2800.HK,2020-09-11,HKD,25.26,2021-02-15,27.14,7.44,12.0,2020-11-25,27.14,CLOSED,7.44,25.0,48.0,100.0
-,0992.HK,2020-09-11,HKD,5.16,2020-11-06,5.29,2.52,11.0,2020-09-15,5.29,CLOSED,2.52,159.0,7.0,100.0
-,0992.HK,2020-09-11,HKD,5.16,2020-11-15,5.36,3.88,15.0,2020-09-15,5.36,CLOSED,3.88,244.0,6.0,100.0
-,1428.HK,2020-09-11,HKD,1.65,2021-04-04,2.02,22.42,28.0,2020-10-08,2.02,CLOSED,22.42,209.0,13.0,100.0
-,TSLA,2020-09-11,USD,372.72,2021-04-26,568.73,52.59,58.0,2020-11-25,568.73,CLOSED,52.59,177.0,33.0,100.0
-,TSLA,2020-09-11,USD,372.72,2020-12-25,467.28,25.37,61.0,2020-11-18,467.28,CLOSED,25.37,94.0,65.0,100.0
-,EOG,2020-09-11,USD,39.05,2021-07-28,48.59,24.43,19.0,2020-11-23,48.59,CLOSED,24.43,84.0,23.0,100.0
-,YUMC,2020-09-11,USD,51.36,2021-03-02,59.28,15.42,23.0,2020-11-18,59.28,CLOSED,15.42,57.0,40.0,100.0
-,DE,2020-09-11,USD,215.96,2021-08-06,251.14,16.29,12.0,2020-11-09,251.14,CLOSED,16.29,70.0,18.0,100.0
-,TSLA,2020-09-11,USD,372.72,2021-06-19,531.87,42.7,38.0,2020-11-24,531.87,CLOSED,42.7,145.0,26.0,100.0
-,TSLA,2020-09-11,USD,372.72,2020-11-05,439.96,18.04,83.0,2020-09-15,439.96,CLOSED,18.04,1137.0,7.0,100.0
-,DE,2020-09-11,USD,215.96,2021-01-06,232.31,7.57,16.0,2020-10-07,232.31,CLOSED,7.57,73.0,22.0,100.0
-,YUMC,2020-09-11,USD,51.36,2020-11-13,56.45,9.91,40.0,2020-11-06,56.45,CLOSED,9.91,45.0,89.0,100.0
-,TSLA,2020-09-11,USD,372.72,2020-11-06,459.79,23.36,105.0,2020-09-15,459.79,CLOSED,23.36,1472.0,7.0,100.0
-,TSLA,2020-09-11,USD,372.72,2021-01-24,431.87,15.87,30.0,2020-09-15,431.87,CLOSED,15.87,1000.0,3.0,100.0
-,HON,2020-09-11,USD,166.45,2020-12-07,168.83,1.43,4.0,2020-09-14,168.83,CLOSED,1.43,120.0,3.0,100.0
-,HON,2020-09-11,USD,166.45,2021-08-30,180.98,8.73,6.0,2020-11-04,180.98,CLOSED,8.73,41.0,15.0,100.0
-,HON,2020-09-11,USD,166.45,2021-04-19,170.28,2.3,3.0,2020-09-16,170.28,CLOSED,2.3,116.0,2.0,100.0
-,ASX-MPL,2020-09-11,AUD,2.58,2021-08-19,3.16,22.48,17.0,2020-12-11,2.83,OPEN,9.69,27.0,27.0,43.0
-,2318.HK,2020-09-11,HKD,81.2,2021-01-29,109.89,35.33,64.0,2020-12-11,92.7,OPEN,14.16,39.0,65.0,40.0
-,3898.HK,2020-09-11,HKD,25.7,2021-03-01,34.19,33.04,49.0,2020-12-11,24.6,OPEN,-4.28,-12.0,53.0,-13.0
-,3898.HK,2020-09-11,HKD,25.7,2021-02-19,37.19,44.71,70.0,2020-12-11,24.6,OPEN,-4.28,-12.0,57.0,-10.0
-,3969.HK,2020-09-11,HKD,2.87,2020-12-25,3.52,22.65,54.0,2020-12-11,2.65,OPEN,-7.67,-21.0,87.0,-34.0
-,1038.HK,2020-09-11,HKD,38.6,2021-08-26,47.89,24.07,17.0,2020-12-11,39.95,OPEN,3.5,10.0,26.0,15.0
-,2800.HK,2020-09-11,HKD,25.26,2021-07-14,30.01,18.8,15.0,2020-12-11,26.7,OPEN,5.7,16.0,30.0,30.0
-,0689.HK,2020-09-11,HKD,0.04,2021-04-09,0.11,175.0,210.0,2020-12-11,0.09,OPEN,125.0,346.0,43.0,71.0
-,0083.HK,2020-09-11,HKD,9.6,2021-07-22,10.78,12.29,10.0,2020-12-11,10.56,OPEN,10.0,28.0,29.0,81.0
-,1038.HK,2020-09-11,HKD,38.6,2021-02-01,41.05,6.35,11.0,2020-12-11,39.95,OPEN,3.5,10.0,64.0,55.0
-,0880.HK,2020-09-11,HKD,10.62,2021-01-22,12.52,17.89,34.0,2020-12-11,9.2,OPEN,-13.37,-37.0,68.0,-75.0
-,YUMC,2020-09-11,USD,51.36,2021-05-09,64.11,24.82,26.0,2020-12-11,56.79,OPEN,10.57,29.0,38.0,43.0
-,PM,2020-09-11,USD,81.23,2021-06-13,90.1,10.92,10.0,2020-12-11,85.0,OPEN,4.64,13.0,33.0,43.0
-,RIO,2020-09-11,USD,63.94,2021-05-23,75.33,17.81,18.0,2020-12-11,74.12,OPEN,15.92,44.0,36.0,89.0
-,GIS,2020-09-11,USD,58.54,2021-08-12,63.66,8.75,7.0,2020-12-11,59.32,OPEN,1.33,4.0,27.0,15.0
-,BEN,2020-09-11,USD,20.23,2021-09-07,24.78,22.49,16.0,2020-12-11,24.33,OPEN,20.27,56.0,25.0,90.0
-,PM,2020-09-11,USD,81.23,2021-07-21,90.31,11.18,9.0,2020-12-11,85.0,OPEN,4.64,13.0,29.0,42.0
-,ASX-RWC,2020-09-14,AUD,3.81,2020-12-30,4.8,25.98,61.0,2020-11-10,4.8,CLOSED,25.98,115.0,53.0,100.0
-,ASX-RWC,2020-09-14,AUD,3.81,2020-11-17,4.25,11.55,45.0,2020-10-01,4.25,CLOSED,11.55,171.0,27.0,100.0
-,ASX-SVW,2020-09-14,AUD,18.08,2021-04-15,22.1,22.23,26.0,2020-11-10,22.1,CLOSED,22.23,98.0,27.0,100.0
-,ASX-QUB,2020-09-14,AUD,2.64,2021-01-09,2.91,10.23,22.0,2020-11-09,2.91,CLOSED,10.23,46.0,48.0,100.0
-,ASX-RWC,2020-09-14,AUD,3.81,2020-10-22,3.99,4.72,31.0,2020-09-17,3.99,CLOSED,4.72,396.0,8.0,100.0
-,ASX-ALQ,2020-09-14,AUD,8.96,2021-05-12,10.1,12.72,13.0,2020-11-10,10.1,CLOSED,12.72,56.0,24.0,100.0
-,2600.HK,2020-09-14,HKD,1.81,2021-06-19,2.83,56.35,51.0,2020-11-24,2.83,CLOSED,56.35,200.0,26.0,100.0
-,3969.HK,2020-09-14,HKD,2.89,2020-12-03,3.26,12.8,40.0,2020-12-03,2.75,CLOSED,-4.84,-15.0,100.0,-38.0
-,3969.HK,2020-09-14,HKD,2.89,2020-10-05,3.2,10.73,129.0,2020-10-05,2.5,CLOSED,-13.49,-162.0,100.0,-126.0
-,3969.HK,2020-09-14,HKD,2.89,2020-12-06,2.93,1.38,4.0,2020-09-21,2.93,CLOSED,1.38,50.0,8.0,100.0
-,3969.HK,2020-09-14,HKD,2.89,2021-02-18,2.93,1.38,2.0,2020-09-21,2.93,CLOSED,1.38,50.0,4.0,100.0
-,2318.HK,2020-09-14,HKD,81.65,2021-03-29,95.27,16.68,21.0,2020-12-02,95.27,CLOSED,16.68,53.0,40.0,100.0
-,0992.HK,2020-09-14,HKD,5.21,2021-05-28,5.75,10.36,10.0,2020-11-23,5.75,CLOSED,10.36,37.0,27.0,100.0
-,2600.HK,2020-09-14,HKD,1.81,2021-02-25,2.05,13.26,20.0,2020-11-10,2.05,CLOSED,13.26,59.0,35.0,100.0
-,0992.HK,2020-09-14,HKD,5.21,2020-11-09,5.34,2.5,11.0,2020-09-15,5.34,CLOSED,2.5,630.0,2.0,100.0
-,0992.HK,2020-09-14,HKD,5.21,2020-11-18,5.42,4.03,16.0,2020-09-16,5.42,CLOSED,4.03,508.0,3.0,100.0
-,2318.HK,2020-09-14,HKD,81.65,2020-12-06,88.14,7.95,24.0,2020-11-17,88.14,CLOSED,7.95,31.0,77.0,100.0
-,2382.HK,2020-09-14,HKD,123.7,2020-11-24,134.23,8.51,30.0,2020-11-03,134.23,CLOSED,8.51,43.0,70.0,100.0
-,0467.HK,2020-09-14,HKD,1.13,2021-05-27,1.52,34.51,34.0,2020-11-27,1.52,CLOSED,34.51,118.0,29.0,100.0
-,1728.HK,2020-09-14,HKD,0.85,2021-07-14,1.05,23.53,20.0,2020-10-19,1.05,CLOSED,23.53,169.0,12.0,100.0
-,TSLA,2020-09-14,USD,419.62,2021-04-29,640.3,52.59,58.0,2020-12-07,640.3,CLOSED,52.59,158.0,37.0,100.0
-,AAPL,2020-09-14,USD,115.36,2020-11-11,126.34,9.52,41.0,2020-11-11,119.49,CLOSED,3.58,16.0,100.0,38.0
-,TSLA,2020-09-14,USD,419.62,2020-12-28,526.08,25.37,61.0,2020-11-24,526.08,CLOSED,25.37,90.0,68.0,100.0
-,TSLA,2020-09-14,USD,419.62,2021-06-22,598.8,42.7,38.0,2020-11-30,598.8,CLOSED,42.7,140.0,27.0,100.0
-,TSLA,2020-09-14,USD,419.62,2020-11-08,495.32,18.04,83.0,2020-11-06,429.95,CLOSED,2.46,12.0,96.0,14.0
-,TSLA,2020-09-14,USD,419.62,2020-11-09,517.64,23.36,105.0,2020-11-09,421.26,CLOSED,0.39,2.0,100.0,2.0
-,DUK,2020-09-14,USD,84.38,2021-05-17,88.72,5.14,5.0,2020-09-30,88.72,CLOSED,5.14,81.0,7.0,100.0
-,TSLA,2020-09-14,USD,419.62,2021-01-27,486.21,15.87,30.0,2020-11-18,486.21,CLOSED,15.87,62.0,48.0,100.0
-,ASX-QUB,2020-09-14,AUD,2.64,2021-08-03,3.23,22.35,17.0,2020-12-11,2.89,OPEN,9.47,27.0,27.0,42.0
-,ASX-IRE,2020-09-14,AUD,9.89,2021-08-14,11.93,20.63,16.0,2020-12-11,10.2,OPEN,3.13,9.0,26.0,15.0
-,ASX-ALQ,2020-09-14,AUD,8.96,2021-07-07,10.83,20.87,18.0,2020-12-11,10.0,OPEN,11.61,33.0,30.0,56.0
-,ASX-MYX,2020-09-14,AUD,0.36,2021-05-16,0.49,36.11,37.0,2020-12-11,0.37,OPEN,2.78,8.0,36.0,8.0
-,ASX-MYX,2020-09-14,AUD,0.36,2021-03-29,0.47,30.56,39.0,2020-12-11,0.37,OPEN,2.78,8.0,45.0,9.0
-,ASX-NCM,2020-09-14,AUD,32.38,2021-09-03,36.87,13.87,10.0,2020-12-11,27.05,OPEN,-16.46,-47.0,25.0,-119.0
-,ASX-IRE,2020-09-14,AUD,9.89,2021-02-08,10.78,9.0,15.0,2020-12-11,10.2,OPEN,3.13,9.0,60.0,35.0
-,3969.HK,2020-09-14,HKD,2.89,2021-08-16,3.22,11.42,9.0,2020-12-11,2.65,OPEN,-8.3,-24.0,26.0,-73.0
-,3969.HK,2020-09-14,HKD,2.89,2021-08-27,3.33,15.22,11.0,2020-12-11,2.65,OPEN,-8.3,-24.0,25.0,-55.0
-,3969.HK,2020-09-14,HKD,2.89,2020-12-23,3.18,10.03,25.0,2020-12-11,2.65,OPEN,-8.3,-24.0,88.0,-83.0
-,2382.HK,2020-09-14,HKD,123.7,2021-05-31,180.48,45.9,45.0,2020-12-11,144.8,OPEN,17.06,49.0,34.0,37.0
-,2318.HK,2020-09-14,HKD,81.65,2021-04-13,107.03,31.08,37.0,2020-12-11,92.7,OPEN,13.53,39.0,42.0,44.0
-,2382.HK,2020-09-14,HKD,123.7,2021-03-12,169.63,37.13,52.0,2020-12-11,144.8,OPEN,17.06,49.0,49.0,46.0
-,0467.HK,2020-09-14,HKD,1.13,2021-04-11,1.87,65.49,79.0,2020-12-11,1.43,OPEN,26.55,76.0,42.0,41.0
-,0880.HK,2020-09-14,HKD,10.76,2021-01-25,12.69,17.94,34.0,2020-12-11,9.2,OPEN,-14.5,-42.0,66.0,-81.0
-,AAPL,2020-09-14,USD,115.36,2021-08-30,171.03,48.26,35.0,2020-12-11,122.41,OPEN,6.11,17.0,25.0,13.0
-,AAPL,2020-09-14,USD,115.36,2020-12-31,134.04,16.19,38.0,2020-12-11,122.41,OPEN,6.11,17.0,81.0,38.0
-,AAPL,2020-09-14,USD,115.36,2021-04-01,165.95,43.85,56.0,2020-12-11,122.41,OPEN,6.11,17.0,44.0,14.0
-,AAPL,2020-09-14,USD,115.36,2021-08-10,183.66,59.21,45.0,2020-12-11,122.41,OPEN,6.11,17.0,27.0,10.0
-,AAPL,2020-09-14,USD,115.36,2021-09-11,152.45,32.15,22.0,2020-12-11,122.41,OPEN,6.11,17.0,24.0,19.0
-,UNP,2020-09-14,USD,198.84,2021-03-17,222.5,11.9,16.0,2020-12-11,203.06,OPEN,2.12,6.0,48.0,18.0
-,LULU,2020-09-14,USD,313.82,2021-08-21,487.36,55.3,41.0,2020-12-11,344.32,OPEN,9.72,28.0,26.0,18.0
-,AAPL,2020-09-14,USD,115.36,2021-06-27,146.21,26.74,24.0,2020-12-11,122.41,OPEN,6.11,17.0,31.0,23.0
-,AAPL,2020-09-14,USD,115.36,2021-07-15,147.82,28.14,23.0,2020-12-11,122.41,OPEN,6.11,17.0,29.0,22.0
-,UNP,2020-09-14,USD,198.84,2021-01-18,212.98,7.11,14.0,2020-12-11,203.06,OPEN,2.12,6.0,70.0,30.0
-,AAPL,2020-09-14,USD,115.36,2021-06-08,145.75,26.34,25.0,2020-12-11,122.41,OPEN,6.11,17.0,33.0,23.0
-,GIS,2020-09-14,USD,58.76,2021-08-15,63.9,8.75,7.0,2020-12-11,59.32,OPEN,0.95,3.0,26.0,11.0
-,ASX-A2M,2020-09-15,AUD,16.55,2020-11-17,18.75,13.29,53.0,2020-11-17,14.69,CLOSED,-11.24,-45.0,100.0,-85.0
-,ASX-A2M,2020-09-15,AUD,16.55,2020-11-23,19.39,17.16,63.0,2020-11-23,13.65,CLOSED,-17.52,-64.0,100.0,-102.0
-,2600.HK,2020-09-15,HKD,1.84,2021-06-20,2.88,56.52,51.0,2020-11-25,2.88,CLOSED,56.52,201.0,26.0,100.0
-,0345.HK,2020-09-15,HKD,28.85,2021-03-31,33.92,17.57,22.0,2020-11-06,33.92,CLOSED,17.57,85.0,26.0,100.0
-,87001.HK,2020-09-15,HKD,1.55,2020-11-07,1.59,2.58,12.0,2020-10-12,1.59,CLOSED,2.58,24.0,51.0,100.0
-,87001.HK,2020-09-15,HKD,1.55,2020-11-07,1.59,2.58,12.0,2020-10-12,1.59,CLOSED,2.58,24.0,51.0,100.0
-,87001.HK,2020-09-15,HKD,1.55,2020-11-28,1.62,4.52,15.0,2020-10-13,1.62,CLOSED,4.52,41.0,38.0,100.0
-,0868.HK,2020-09-15,HKD,14.12,2021-06-14,18.57,31.52,29.0,2020-12-09,18.57,CLOSED,31.52,93.0,31.0,100.0
-,0992.HK,2020-09-15,HKD,5.32,2021-05-29,5.87,10.34,10.0,2020-11-26,5.87,CLOSED,10.34,36.0,28.0,100.0
-,0868.HK,2020-09-15,HKD,14.12,2021-04-05,16.46,16.57,21.0,2020-10-08,16.46,CLOSED,16.57,182.0,11.0,100.0
-,2208.HK,2020-09-15,HKD,7.0,2021-06-27,9.02,28.86,26.0,2020-10-14,9.02,CLOSED,28.86,251.0,10.0,100.0
-,2600.HK,2020-09-15,HKD,1.84,2021-02-26,2.08,13.04,20.0,2020-11-10,2.08,CLOSED,13.04,59.0,34.0,100.0
-,0992.HK,2020-09-15,HKD,5.32,2020-11-10,5.46,2.63,12.0,2020-09-16,5.46,CLOSED,2.63,663.0,2.0,100.0
-,0992.HK,2020-09-15,HKD,5.32,2020-11-19,5.53,3.95,15.0,2020-09-16,5.53,CLOSED,3.95,995.0,2.0,100.0
-,AWK,2020-09-15,USD,143.59,2021-01-20,155.29,8.15,16.0,2020-10-07,155.29,CLOSED,8.15,93.0,17.0,100.0
-,TSLA,2020-09-15,USD,449.76,2020-12-29,563.86,25.37,61.0,2020-11-25,563.86,CLOSED,25.37,90.0,68.0,100.0
-,TSLA,2020-09-15,USD,449.76,2021-06-23,641.81,42.7,38.0,2020-12-07,641.81,CLOSED,42.7,130.0,30.0,100.0
-,TSLA,2020-09-15,USD,449.76,2020-11-09,530.9,18.04,83.0,2020-11-09,421.26,CLOSED,-6.34,-29.0,100.0,-35.0
-,IBB,2020-09-15,USD,136.07,2021-03-18,150.07,10.29,14.0,2020-12-08,150.07,CLOSED,10.29,31.0,46.0,100.0
-,DHR,2020-09-15,USD,208.69,2021-02-17,226.55,8.56,14.0,2020-10-12,226.55,CLOSED,8.56,80.0,17.0,100.0
-,XBI,2020-09-15,USD,112.69,2021-02-04,124.47,10.45,19.0,2020-11-05,124.47,CLOSED,10.45,52.0,36.0,100.0
-,AWK,2020-09-15,USD,143.59,2020-12-07,152.42,6.15,19.0,2020-10-06,152.42,CLOSED,6.15,74.0,25.0,100.0
-,XBI,2020-09-15,USD,112.69,2021-07-27,139.53,23.82,19.0,2020-12-07,139.53,CLOSED,23.82,72.0,26.0,100.0
-,XBI,2020-09-15,USD,112.69,2021-01-09,123.58,9.66,21.0,2020-11-04,123.58,CLOSED,9.66,49.0,43.0,100.0
-,TSLA,2020-09-15,USD,449.76,2020-11-10,554.82,23.36,105.0,2020-11-10,410.36,CLOSED,-8.76,-39.0,100.0,-38.0
-,DHR,2020-09-15,USD,208.69,2021-01-31,220.48,5.65,10.0,2020-10-06,220.48,CLOSED,5.65,68.0,15.0,100.0
-,TSLA,2020-09-15,USD,449.76,2021-01-28,521.14,15.87,30.0,2020-11-23,521.14,CLOSED,15.87,58.0,51.0,100.0
-,MRK,2020-09-15,USD,84.21,2021-08-08,85.79,1.88,1.0,2020-09-16,85.79,CLOSED,1.88,474.0,0.0,100.0
-,IBB,2020-09-15,USD,136.07,2021-01-14,143.43,5.41,11.0,2020-10-12,143.43,CLOSED,5.41,50.0,22.0,100.0
-,ASX-A2M,2020-09-15,AUD,16.55,2021-06-04,28.31,71.06,68.0,2020-12-11,13.06,OPEN,-21.09,-61.0,33.0,-30.0
-,ASX-A2M,2020-09-15,AUD,16.55,2021-02-04,20.83,25.86,46.0,2020-12-11,13.06,OPEN,-21.09,-61.0,61.0,-82.0
-,ASX-MYX,2020-09-15,AUD,0.35,2021-05-17,0.48,37.14,38.0,2020-12-11,0.37,OPEN,5.71,17.0,36.0,15.0
-,ASX-MYX,2020-09-15,AUD,0.35,2021-03-30,0.46,31.43,40.0,2020-12-11,0.37,OPEN,5.71,17.0,44.0,18.0
-,ASX-SAR,2020-09-15,AUD,5.45,2021-06-15,9.03,65.69,61.0,2020-12-11,4.66,OPEN,-14.5,-42.0,32.0,-22.0
-,2208.HK,2020-09-15,HKD,7.0,2021-08-04,14.68,109.71,86.0,2020-12-11,11.96,OPEN,70.86,205.0,27.0,65.0
-,3898.HK,2020-09-15,HKD,25.75,2021-03-05,34.26,33.05,49.0,2020-12-11,24.6,OPEN,-4.47,-13.0,51.0,-14.0
-,3898.HK,2020-09-15,HKD,25.75,2021-02-23,37.26,44.7,70.0,2020-12-11,24.6,OPEN,-4.47,-13.0,54.0,-10.0
-,0066.HK,2020-09-15,HKD,39.65,2021-08-23,48.53,22.4,17.0,2020-12-11,43.35,OPEN,9.33,27.0,25.0,42.0
-,0345.HK,2020-09-15,HKD,28.85,2021-05-01,34.99,21.28,24.0,2020-12-11,31.05,OPEN,7.63,22.0,38.0,36.0
-,1428.HK,2020-09-15,HKD,1.89,2021-02-15,2.42,28.04,46.0,2020-12-11,1.97,OPEN,4.23,12.0,57.0,15.0
-,0006.HK,2020-09-15,HKD,41.85,2021-09-05,45.72,9.25,7.0,2020-12-11,41.15,OPEN,-1.67,-5.0,25.0,-18.0
-,0006.HK,2020-09-15,HKD,41.85,2021-02-18,43.88,4.85,8.0,2020-12-11,41.15,OPEN,-1.67,-5.0,56.0,-34.0
-,0880.HK,2020-09-15,HKD,10.8,2021-01-26,12.74,17.96,34.0,2020-12-11,9.2,OPEN,-14.81,-43.0,65.0,-82.0
-,0880.HK,2020-09-15,HKD,10.8,2021-07-23,12.16,12.59,10.0,2020-12-11,9.2,OPEN,-14.81,-43.0,28.0,-118.0
-,AWK,2020-09-15,USD,143.59,2021-09-03,181.15,26.16,19.0,2020-12-11,148.28,OPEN,3.27,9.0,25.0,12.0
-,TSLA,2020-09-15,USD,449.76,2021-04-30,686.29,52.59,58.0,2020-12-11,609.99,OPEN,35.63,103.0,38.0,68.0
-,AAPL,2020-09-15,USD,115.54,2021-08-31,171.3,48.26,35.0,2020-12-11,122.41,OPEN,5.95,17.0,25.0,12.0
-,AAPL,2020-09-15,USD,115.54,2021-09-12,152.69,32.15,22.0,2020-12-11,122.41,OPEN,5.95,17.0,24.0,18.0
-,LULU,2020-09-15,USD,315.49,2021-08-22,489.96,55.3,41.0,2020-12-11,344.32,OPEN,9.14,26.0,26.0,17.0
-,AAPL,2020-09-15,USD,115.54,2021-06-28,146.44,26.74,24.0,2020-12-11,122.41,OPEN,5.95,17.0,30.0,22.0
-,MMM,2020-09-15,USD,166.57,2021-02-26,180.08,8.11,12.0,2020-12-11,174.02,OPEN,4.47,13.0,53.0,55.0
-,ORCL,2020-09-15,USD,60.94,2021-08-11,69.59,14.19,11.0,2020-12-11,60.61,OPEN,-0.54,-2.0,26.0,-4.0
-,RIO,2020-09-15,USD,65.43,2021-05-25,74.89,14.46,14.0,2020-12-11,74.12,OPEN,13.28,38.0,35.0,92.0
-,AAPL,2020-09-15,USD,115.54,2021-07-16,148.05,28.14,23.0,2020-12-11,122.41,OPEN,5.95,17.0,29.0,21.0
-,AMT,2020-09-15,USD,263.75,2021-01-03,279.6,6.01,14.0,2020-12-11,219.82,OPEN,-16.66,-48.0,79.0,-277.0
-,LOW,2020-09-15,USD,169.03,2021-07-03,191.19,13.11,11.0,2020-12-11,157.82,OPEN,-6.63,-19.0,30.0,-51.0
-,AAPL,2020-09-15,USD,115.54,2021-06-09,145.97,26.34,25.0,2020-12-11,122.41,OPEN,5.95,17.0,33.0,23.0
-,AMT,2020-09-15,USD,263.75,2021-03-05,293.45,11.26,17.0,2020-12-11,219.82,OPEN,-16.66,-48.0,51.0,-148.0
-,LNVGY,2020-09-15,USD,13.86,2021-07-04,17.18,23.95,21.0,2020-12-11,15.11,OPEN,9.02,26.0,30.0,38.0
-,GIS,2020-09-15,USD,59.02,2021-08-16,64.18,8.74,7.0,2020-12-11,59.32,OPEN,0.51,1.0,26.0,6.0
-,GLW,2020-09-15,USD,32.82,2021-08-30,42.79,30.38,22.0,2020-12-11,35.64,OPEN,8.59,25.0,25.0,28.0
+,ASX-IGO,2020-09-16,AUD,4.7,2021-06-02,6.13,30.43,30.0,2020-12-11,6.13,CLOSED,30.43,89.0,33.0,100.0
+,ASX-BHP,2020-09-16,AUD,38.0,2021-07-27,43.0,13.16,11.0,2020-12-11,43.0,CLOSED,13.16,39.0,27.0,100.0
-,ASX-CTD,2020-09-16,AUD,17.16,2021-01-18,20.32,18.41,37.0,2020-11-18,20.32,CLOSED,18.41,74.0,51.0,100.0
-,ASX-RWC,2020-09-16,AUD,3.94,2020-11-19,4.4,11.68,46.0,2020-10-07,4.4,CLOSED,11.68,140.0,33.0,100.0
-,ASX-TCL,2020-09-16,AUD,14.51,2021-05-11,15.62,7.65,8.0,2020-11-11,15.62,CLOSED,7.65,34.0,24.0,100.0
-,ASX-NSR,2020-09-16,AUD,1.93,2021-08-20,2.05,6.22,5.0,2020-12-09,2.05,CLOSED,6.22,19.0,25.0,100.0
-,ASX-CTD,2020-09-16,AUD,17.16,2021-02-12,20.36,18.65,32.0,2020-11-18,20.36,CLOSED,18.65,75.0,42.0,100.0
-,ASX-JHX,2020-09-16,AUD,31.0,2021-07-24,36.27,17.0,14.0,2020-10-14,36.27,CLOSED,17.0,153.0,9.0,100.0
-,ASX-CTD,2020-09-16,AUD,17.16,2020-12-21,18.6,8.39,22.0,2020-09-30,18.6,CLOSED,8.39,151.0,15.0,100.0
-,ASX-SHL,2020-09-16,AUD,32.61,2021-08-25,35.83,9.87,7.0,2020-10-14,35.83,CLOSED,9.87,89.0,8.0,100.0
-,ASX-COH,2020-09-16,AUD,197.05,2021-05-21,214.0,8.6,9.0,2020-10-13,214.0,CLOSED,8.6,80.0,11.0,100.0
-,ASX-RWC,2020-09-16,AUD,3.94,2020-10-24,4.13,4.82,32.0,2020-10-01,4.13,CLOSED,4.82,81.0,39.0,100.0
-,ASX-CTD,2020-09-16,AUD,17.16,2020-10-16,18.35,6.93,58.0,2020-09-30,18.35,CLOSED,6.93,125.0,47.0,100.0
-,ASX-COH,2020-09-16,AUD,197.05,2021-07-31,230.59,17.02,13.0,2020-11-12,230.59,CLOSED,17.02,75.0,18.0,100.0
-,ASX-CSL,2020-09-16,AUD,291.18,2021-06-25,307.28,5.53,5.0,2020-11-09,307.28,CLOSED,5.53,26.0,19.0,100.0
-,ASX-BKW,2020-09-16,AUD,18.47,2021-04-10,20.18,9.26,11.0,2020-11-25,20.18,CLOSED,9.26,33.0,34.0,100.0
-,ASX-COH,2020-09-16,AUD,197.05,2020-12-07,206.78,4.94,15.0,2020-10-08,206.78,CLOSED,4.94,57.0,27.0,100.0
-,ASX-NSR,2020-09-16,AUD,1.93,2021-01-08,2.04,5.7,13.0,2020-12-09,2.04,CLOSED,5.7,17.0,74.0,100.0
-,ASX-MPL,2020-09-16,AUD,2.56,2020-12-09,2.71,5.86,18.0,2020-10-16,2.71,CLOSED,5.86,49.0,36.0,100.0
-,ASX-ORA,2020-09-16,AUD,2.34,2021-01-04,2.44,4.27,10.0,2020-09-23,2.44,CLOSED,4.27,154.0,6.0,100.0
-,ASX-BHP,2020-09-16,AUD,38.0,2021-02-01,41.34,8.79,16.0,2020-12-03,41.34,CLOSED,8.79,28.0,57.0,100.0
-,ASX-RIO,2020-09-16,AUD,102.78,2021-07-19,113.21,10.15,8.0,2020-12-04,113.21,CLOSED,10.15,32.0,26.0,100.0
-,ASX-IRE,2020-09-16,AUD,9.82,2021-02-10,10.7,8.96,15.0,2020-11-26,10.7,CLOSED,8.96,32.0,48.0,100.0
-,ASX-CSL,2020-09-16,AUD,291.18,2021-05-26,318.55,9.4,9.0,2020-11-23,318.55,CLOSED,9.4,35.0,27.0,100.0
-,ASX-SHL,2020-09-16,AUD,32.61,2020-12-28,34.12,4.63,11.0,2020-09-23,34.12,CLOSED,4.63,167.0,7.0,100.0
-,1251.HK,2020-09-16,HKD,0.22,2020-11-25,0.3,36.36,131.0,2020-11-23,0.3,CLOSED,36.36,135.0,97.0,100.0
-,0823.HK,2020-09-16,HKD,65.15,2020-12-11,68.1,4.53,13.0,2020-11-11,68.1,CLOSED,4.53,20.0,65.0,100.0
-,1038.HK,2020-09-16,HKD,38.6,2020-11-12,39.96,3.52,16.0,2020-11-11,39.96,CLOSED,3.52,16.0,98.0,100.0
-,0992.HK,2020-09-16,HKD,5.52,2020-11-11,5.66,2.54,11.0,2020-11-11,5.18,CLOSED,-6.16,-28.0,100.0,-243.0
-,0992.HK,2020-09-16,HKD,5.52,2020-11-20,5.74,3.99,15.0,2020-11-20,5.48,CLOSED,-0.72,-3.0,100.0,-18.0
-,TSLA,2020-09-16,USD,441.76,2021-07-02,595.05,34.7,30.0,2020-11-27,595.05,CLOSED,34.7,121.0,25.0,100.0
-,ROBO,2020-09-16,USD,48.43,2021-07-08,55.17,13.92,12.0,2020-11-24,55.17,CLOSED,13.92,51.0,23.0,100.0
-,ITW,2020-09-16,USD,199.5,2021-04-09,221.15,10.85,13.0,2020-11-09,221.15,CLOSED,10.85,51.0,26.0,100.0
-,SBUX,2020-09-16,USD,88.38,2021-05-07,102.73,16.24,18.0,2020-12-04,102.73,CLOSED,16.24,52.0,34.0,100.0
-,HON,2020-09-16,USD,170.0,2021-05-15,185.15,8.91,9.0,2020-11-06,185.15,CLOSED,8.91,44.0,21.0,100.0
-,BXP,2020-09-16,USD,89.93,2021-05-22,97.38,8.28,8.0,2020-11-17,97.38,CLOSED,8.28,34.0,25.0,100.0
-,PLD,2020-09-16,USD,102.04,2021-01-19,105.11,3.01,6.0,2020-10-05,105.11,CLOSED,3.01,40.0,15.0,100.0
-,PLD,2020-09-16,USD,102.04,2021-04-01,108.27,6.11,8.0,2020-10-08,108.27,CLOSED,6.11,70.0,11.0,100.0
-,BXP,2020-09-16,USD,89.93,2020-12-27,95.22,5.88,15.0,2020-11-09,95.22,CLOSED,5.88,27.0,53.0,100.0
-,HON,2020-09-16,USD,170.0,2021-02-28,178.14,4.79,7.0,2020-10-23,178.14,CLOSED,4.79,33.0,22.0,100.0
-,SBUX,2020-09-16,USD,88.38,2021-06-09,98.65,11.62,11.0,2020-11-17,98.65,CLOSED,11.62,47.0,23.0,100.0
-,TSLA,2020-09-16,USD,441.76,2021-05-03,567.26,28.41,31.0,2020-11-25,567.26,CLOSED,28.41,102.0,31.0,100.0
-,ITW,2020-09-16,USD,199.5,2021-01-12,207.5,4.01,9.0,2020-10-16,207.5,CLOSED,4.01,34.0,25.0,100.0
-,PNC,2020-09-16,USD,113.64,2021-06-21,122.11,7.45,7.0,2020-11-09,122.11,CLOSED,7.45,35.0,19.0,100.0
-,PLD,2020-09-16,USD,102.04,2020-11-18,104.44,2.35,9.0,2020-10-02,104.44,CLOSED,2.35,37.0,25.0,100.0
-,ASX-ORA,2020-09-16,AUD,2.34,2021-08-22,3.11,32.91,24.0,2020-12-11,2.67,OPEN,14.1,41.0,25.0,43.0
-,ASX-RWC,2020-09-16,AUD,3.94,2021-01-01,4.96,25.89,61.0,2020-12-11,4.29,OPEN,8.88,26.0,80.0,34.0
-,ASX-MPL,2020-09-16,AUD,2.56,2021-08-24,3.14,22.66,17.0,2020-12-11,2.83,OPEN,10.55,31.0,25.0,47.0
-,ASX-NSR,2020-09-16,AUD,1.93,2021-04-30,2.17,12.44,14.0,2020-12-11,2.04,OPEN,5.7,17.0,38.0,46.0
-,ASX-RHC,2020-09-16,AUD,67.52,2021-04-05,74.95,11.0,14.0,2020-12-11,63.24,OPEN,-6.34,-19.0,43.0,-58.0
-,ASX-IRE,2020-09-16,AUD,9.82,2021-08-16,11.85,20.67,16.0,2020-12-11,10.2,OPEN,3.87,11.0,26.0,19.0
-,ASX-BKW,2020-09-16,AUD,18.47,2021-07-29,20.49,10.94,9.0,2020-12-11,18.97,OPEN,2.71,8.0,27.0,25.0
-,ASX-RHC,2020-09-16,AUD,67.52,2021-02-09,71.92,6.52,11.0,2020-12-11,63.24,OPEN,-6.34,-19.0,59.0,-97.0
-,0288.HK,2020-09-16,HKD,6.68,2021-03-05,7.72,15.57,23.0,2020-12-11,6.51,OPEN,-2.54,-7.0,51.0,-16.0
-,0288.HK,2020-09-16,HKD,6.68,2020-12-29,8.11,21.41,52.0,2020-12-11,6.51,OPEN,-2.54,-7.0,83.0,-12.0
-,3898.HK,2020-09-16,HKD,26.45,2021-03-06,35.19,33.04,49.0,2020-12-11,24.6,OPEN,-6.99,-20.0,50.0,-21.0
-,3898.HK,2020-09-16,HKD,26.45,2021-02-24,38.27,44.69,70.0,2020-12-11,24.6,OPEN,-6.99,-20.0,53.0,-16.0
-,1038.HK,2020-09-16,HKD,38.6,2021-08-31,47.89,24.07,17.0,2020-12-11,39.95,OPEN,3.5,10.0,25.0,15.0
-,0823.HK,2020-09-16,HKD,65.15,2021-02-22,74.68,14.63,23.0,2020-12-11,69.65,OPEN,6.91,20.0,54.0,47.0
-,0823.HK,2020-09-16,HKD,65.15,2021-05-23,76.9,18.04,18.0,2020-12-11,69.65,OPEN,6.91,20.0,35.0,38.0
-,2386.HK,2020-09-16,HKD,3.26,2021-05-17,3.99,22.39,23.0,2020-12-11,3.36,OPEN,3.07,9.0,35.0,14.0
-,0700.HK,2020-09-16,HKD,534.5,2021-02-23,657.06,22.93,36.0,2020-12-11,588.0,OPEN,10.01,29.0,54.0,44.0
-,0700.HK,2020-09-16,HKD,534.5,2021-04-03,667.27,24.84,31.0,2020-12-11,588.0,OPEN,10.01,29.0,43.0,40.0
-,0992.HK,2020-09-16,HKD,5.52,2021-05-30,6.09,10.33,10.0,2020-12-11,5.89,OPEN,6.7,20.0,34.0,65.0
-,0006.HK,2020-09-16,HKD,42.0,2021-09-06,45.88,9.24,7.0,2020-12-11,41.15,OPEN,-2.02,-6.0,24.0,-22.0
-,1038.HK,2020-09-16,HKD,38.6,2021-02-06,41.05,6.35,11.0,2020-12-11,39.95,OPEN,3.5,10.0,60.0,55.0
-,0173.HK,2020-09-16,HKD,3.82,2021-08-09,5.12,34.03,26.0,2020-12-11,3.85,OPEN,0.79,2.0,26.0,2.0
-,0006.HK,2020-09-16,HKD,42.0,2021-02-19,44.04,4.86,8.0,2020-12-11,41.15,OPEN,-2.02,-6.0,55.0,-42.0
-,0288.HK,2020-09-16,HKD,6.68,2020-12-16,7.05,5.54,15.0,2020-12-11,6.51,OPEN,-2.54,-7.0,95.0,-46.0
-,0880.HK,2020-09-16,HKD,10.56,2021-01-27,12.45,17.9,34.0,2020-12-11,9.2,OPEN,-12.88,-38.0,65.0,-72.0
-,0200.HK,2020-09-16,HKD,16.86,2021-04-02,21.58,28.0,36.0,2020-12-11,15.5,OPEN,-8.07,-24.0,43.0,-29.0
-,3808.HK,2020-09-16,HKD,20.2,2021-04-14,24.81,22.82,27.0,2020-12-11,19.02,OPEN,-5.84,-17.0,41.0,-26.0
-,0861.HK,2020-09-16,HKD,6.49,2021-05-28,7.46,14.95,15.0,2020-12-11,6.5,OPEN,0.15,0.0,34.0,1.0
-,ITW,2020-09-16,USD,199.5,2021-07-25,229.09,14.83,12.0,2020-12-11,203.56,OPEN,2.04,6.0,28.0,14.0
-,SBUX,2020-09-16,USD,88.38,2021-08-22,108.36,22.61,17.0,2020-12-11,103.0,OPEN,16.54,48.0,25.0,73.0
-,ASX-SCG,2020-09-17,AUD,2.32,2021-03-21,2.78,19.83,27.0,2020-11-10,2.78,CLOSED,19.83,93.0,29.0,100.0
-,ASX-VCX,2020-09-17,AUD,1.44,2021-03-26,1.61,11.81,16.0,2020-11-10,1.61,CLOSED,11.81,55.0,28.0,100.0
-,ASX-SCG,2020-09-17,AUD,2.32,2020-12-13,2.55,9.91,29.0,2020-11-10,2.55,CLOSED,9.91,46.0,62.0,100.0
-,ASX-FBU,2020-09-17,AUD,3.49,2021-07-07,3.83,9.74,8.0,2020-10-05,3.83,CLOSED,9.74,136.0,6.0,100.0
-,ASX-ALQ,2020-09-17,AUD,9.19,2021-05-29,10.32,12.3,12.0,2020-11-11,10.32,CLOSED,12.3,56.0,22.0,100.0
-,ASX-DXS,2020-09-17,AUD,9.21,2021-07-31,9.58,4.02,3.0,2020-11-10,9.58,CLOSED,4.02,19.0,17.0,100.0
-,ASX-CMW,2020-09-17,AUD,0.88,2021-05-11,0.98,11.36,12.0,2020-11-16,0.98,CLOSED,11.36,48.0,25.0,100.0
-,ASX-DXS,2020-09-17,AUD,9.21,2021-06-05,9.57,3.91,4.0,2020-11-10,9.57,CLOSED,3.91,18.0,21.0,100.0
-,ASX-FBU,2020-09-17,AUD,3.49,2021-06-18,3.89,11.46,11.0,2020-10-05,3.89,CLOSED,11.46,160.0,7.0,100.0
-,ASX-SEK,2020-09-17,AUD,20.46,2021-09-16,24.85,21.46,15.0,2020-11-11,24.85,CLOSED,21.46,98.0,15.0,100.0
-,3969.HK,2020-09-17,HKD,2.85,2020-12-06,3.21,12.63,40.0,2020-12-04,2.72,CLOSED,-4.56,-15.0,98.0,-36.0
-,3969.HK,2020-09-17,HKD,2.85,2020-10-08,3.15,10.53,126.0,2020-10-08,2.53,CLOSED,-11.23,-135.0,100.0,-107.0
-,3969.HK,2020-09-17,HKD,2.85,2020-12-09,2.89,1.4,4.0,2020-09-18,2.89,CLOSED,1.4,353.0,1.0,100.0
-,3969.HK,2020-09-17,HKD,2.85,2021-02-21,2.89,1.4,2.0,2020-09-18,2.89,CLOSED,1.4,353.0,1.0,100.0
-,0689.HK,2020-09-17,HKD,0.04,2021-08-25,0.06,50.0,37.0,2020-11-27,0.06,CLOSED,50.0,177.0,21.0,100.0
-,87001.HK,2020-09-17,HKD,1.43,2021-01-29,1.47,2.8,5.0,2020-09-18,1.47,CLOSED,2.8,706.0,1.0,100.0
-,87001.HK,2020-09-17,HKD,1.43,2021-03-21,1.49,4.2,6.0,2020-09-18,1.49,CLOSED,4.2,1058.0,1.0,100.0
-,87001.HK,2020-09-17,HKD,1.43,2021-01-01,1.46,2.1,5.0,2020-09-18,1.46,CLOSED,2.1,529.0,1.0,100.0
-,87001.HK,2020-09-17,HKD,1.43,2020-11-21,1.46,2.1,8.0,2020-09-18,1.46,CLOSED,2.1,529.0,2.0,100.0
-,2382.HK,2020-09-17,HKD,124.8,2020-11-22,139.0,11.38,43.0,2020-11-03,139.0,CLOSED,11.38,61.0,71.0,100.0
-,87001.HK,2020-09-17,HKD,1.43,2021-01-22,1.45,1.4,3.0,2020-09-18,1.45,CLOSED,1.4,353.0,1.0,100.0
-,0135.HK,2020-09-17,HKD,5.54,2021-03-05,6.41,15.7,23.0,2020-11-19,6.41,CLOSED,15.7,63.0,37.0,100.0
-,0992.HK,2020-09-17,HKD,5.53,2020-11-12,5.67,2.53,11.0,2020-11-12,5.18,CLOSED,-6.33,-28.0,100.0,-250.0
-,0992.HK,2020-09-17,HKD,5.53,2020-11-21,5.75,3.98,15.0,2020-11-20,5.48,CLOSED,-0.9,-4.0,98.0,-23.0
-,2338.HK,2020-09-17,HKD,16.24,2020-12-05,17.78,9.48,30.0,2020-11-17,17.78,CLOSED,9.48,39.0,77.0,100.0
-,XAR,2020-09-17,USD,91.63,2021-07-11,104.54,14.09,12.0,2020-11-17,104.54,CLOSED,14.09,58.0,21.0,100.0
-,ITA,2020-09-17,USD,168.1,2021-01-15,178.59,6.24,13.0,2020-11-10,178.59,CLOSED,6.24,29.0,45.0,100.0
-,ITA,2020-09-17,USD,168.1,2021-08-29,193.45,15.08,11.0,2020-12-04,193.45,CLOSED,15.08,49.0,23.0,100.0
-,USB,2020-09-17,USD,37.89,2021-08-28,42.02,10.9,8.0,2020-11-09,42.02,CLOSED,10.9,52.0,15.0,100.0
-,XAR,2020-09-17,USD,91.63,2020-12-18,96.34,5.14,14.0,2020-11-09,96.34,CLOSED,5.14,24.0,58.0,100.0
-,VHT,2020-09-17,USD,203.19,2021-01-27,211.13,3.91,7.0,2020-10-09,211.13,CLOSED,3.91,45.0,17.0,100.0
-,SO,2020-09-17,USD,53.52,2021-04-26,56.72,5.98,7.0,2020-10-05,56.72,CLOSED,5.98,84.0,8.0,100.0
-,XAR,2020-09-17,USD,91.63,2021-01-14,97.84,6.78,14.0,2020-11-09,97.84,CLOSED,6.78,32.0,45.0,100.0
-,VHT,2020-09-17,USD,203.19,2020-12-12,210.0,3.35,10.0,2020-10-09,210.0,CLOSED,3.35,38.0,26.0,100.0
-,ITA,2020-09-17,USD,168.1,2021-01-05,175.53,4.42,10.0,2020-11-09,175.53,CLOSED,4.42,21.0,48.0,100.0
-,BXP,2020-09-17,USD,87.87,2021-08-09,92.64,5.43,4.0,2020-11-09,92.64,CLOSED,5.43,26.0,16.0,100.0
-,XAR,2020-09-17,USD,91.63,2020-10-27,93.95,2.53,16.0,2020-10-27,87.29,CLOSED,-4.74,-30.0,100.0,-187.0
-,SPG,2020-09-17,USD,71.88,2021-04-25,77.64,8.01,9.0,2020-11-09,77.64,CLOSED,8.01,38.0,24.0,100.0
-,SPG,2020-09-17,USD,71.88,2021-04-25,77.64,8.01,9.0,2020-11-09,77.64,CLOSED,8.01,38.0,24.0,100.0
-,IBM,2020-09-17,USD,124.92,2021-07-05,135.01,8.08,7.0,2020-10-08,135.01,CLOSED,8.08,97.0,7.0,100.0
-,ITA,2020-09-17,USD,168.1,2020-10-26,171.65,2.11,14.0,2020-10-26,160.43,CLOSED,-4.56,-29.0,100.0,-216.0
-,ASX-BWP,2020-09-17,AUD,4.15,2021-05-20,4.42,6.51,7.0,2020-12-11,4.36,OPEN,5.06,15.0,35.0,78.0
-,ASX-ALQ,2020-09-17,AUD,9.19,2021-08-21,11.16,21.44,16.0,2020-12-11,10.0,OPEN,8.81,26.0,25.0,41.0
-,ASX-CHC,2020-09-17,AUD,12.71,2021-08-06,15.08,18.65,15.0,2020-12-11,14.32,OPEN,12.67,38.0,26.0,68.0
-,ASX-NST,2020-09-17,AUD,14.88,2021-06-08,17.97,20.77,20.0,2020-12-11,12.39,OPEN,-16.73,-50.0,32.0,-81.0
-,2382.HK,2020-09-17,HKD,124.8,2021-03-18,182.4,46.15,64.0,2020-12-11,144.8,OPEN,16.03,48.0,47.0,35.0
-,2382.HK,2020-09-17,HKD,124.8,2021-06-02,202.55,62.3,61.0,2020-12-11,144.8,OPEN,16.03,48.0,33.0,26.0
-,3969.HK,2020-09-17,HKD,2.85,2021-08-19,3.18,11.58,9.0,2020-12-11,2.65,OPEN,-7.02,-21.0,25.0,-61.0
-,3969.HK,2020-09-17,HKD,2.85,2021-08-30,3.29,15.44,11.0,2020-12-11,2.65,OPEN,-7.02,-21.0,24.0,-45.0
-,0689.HK,2020-09-17,HKD,0.04,2021-04-03,0.32,700.0,891.0,2020-12-11,0.09,OPEN,125.0,371.0,43.0,18.0
-,3969.HK,2020-09-17,HKD,2.85,2020-12-31,3.49,22.46,54.0,2020-12-11,2.65,OPEN,-7.02,-21.0,81.0,-31.0
-,0689.HK,2020-09-17,HKD,0.04,2021-01-03,0.2,400.0,933.0,2020-12-11,0.09,OPEN,125.0,371.0,79.0,31.0
-,0689.HK,2020-09-17,HKD,0.04,2021-02-27,0.21,425.0,657.0,2020-12-11,0.09,OPEN,125.0,371.0,52.0,29.0
-,3969.HK,2020-09-17,HKD,2.85,2020-12-26,3.14,10.18,26.0,2020-12-11,2.65,OPEN,-7.02,-21.0,85.0,-69.0
-,2386.HK,2020-09-17,HKD,3.29,2021-05-18,4.02,22.19,23.0,2020-12-11,3.36,OPEN,2.13,6.0,35.0,10.0
-,0808.HK,2020-09-17,HKD,2.33,2021-03-02,2.53,8.58,13.0,2020-12-11,2.45,OPEN,5.15,15.0,51.0,60.0
-,0992.HK,2020-09-17,HKD,5.53,2021-05-31,6.1,10.31,10.0,2020-12-11,5.89,OPEN,6.51,19.0,33.0,63.0
-,8206.HK,2020-09-17,HKD,0.11,2021-06-26,0.25,127.27,114.0,2020-12-11,0.08,OPEN,-27.27,-81.0,30.0,-21.0
-,0808.HK,2020-09-17,HKD,2.33,2021-02-19,2.52,8.15,13.0,2020-12-11,2.45,OPEN,5.15,15.0,55.0,63.0
-,0880.HK,2020-09-17,HKD,10.44,2021-01-28,12.31,17.91,34.0,2020-12-11,9.2,OPEN,-11.88,-35.0,64.0,-66.0
+,XBI,2020-09-18,USD,116.24,2021-07-20,142.93,22.96,19.0,2020-12-11,142.93,CLOSED,22.96,69.0,28.0,100.0
-,ASX-BAP,2020-09-18,AUD,6.99,2021-05-06,7.87,12.59,14.0,2020-10-12,7.87,CLOSED,12.59,132.0,10.0,100.0
-,ASX-MND,2020-09-18,AUD,10.93,2020-12-01,11.85,8.42,29.0,2020-11-18,11.85,CLOSED,8.42,35.0,82.0,100.0
-,ASX-MND,2020-09-18,AUD,10.93,2021-06-05,13.1,19.85,19.0,2020-11-26,13.1,CLOSED,19.85,72.0,27.0,100.0
-,ASX-MND,2020-09-18,AUD,10.93,2021-04-14,12.66,15.83,19.0,2020-11-25,12.66,CLOSED,15.83,59.0,33.0,100.0
-,ASX-QBE,2020-09-18,AUD,8.94,2020-11-14,9.52,6.49,29.0,2020-11-10,9.52,CLOSED,6.49,31.0,93.0,100.0
-,ASX-QBE,2020-09-18,AUD,8.94,2021-02-08,10.07,12.64,22.0,2020-11-11,10.07,CLOSED,12.64,59.0,38.0,100.0
-,2588.HK,2020-09-18,HKD,58.75,2021-02-14,69.31,17.97,30.0,2020-11-18,69.31,CLOSED,17.97,74.0,41.0,100.0
-,2588.HK,2020-09-18,HKD,58.75,2021-02-17,67.36,14.66,24.0,2020-11-17,67.36,CLOSED,14.66,62.0,39.0,100.0
-,3969.HK,2020-09-18,HKD,2.9,2020-12-07,3.27,12.76,40.0,2020-12-07,2.69,CLOSED,-7.24,-23.0,100.0,-57.0
-,3969.HK,2020-09-18,HKD,2.9,2020-10-09,3.21,10.69,128.0,2020-10-09,2.56,CLOSED,-11.72,-141.0,100.0,-110.0
-,3969.HK,2020-09-18,HKD,2.9,2020-12-10,2.94,1.38,4.0,2020-09-21,2.94,CLOSED,1.38,116.0,4.0,100.0
-,3969.HK,2020-09-18,HKD,2.9,2021-02-22,2.94,1.38,2.0,2020-09-21,2.94,CLOSED,1.38,116.0,2.0,100.0
-,87001.HK,2020-09-18,HKD,1.46,2021-01-30,1.5,2.74,5.0,2020-09-21,1.5,CLOSED,2.74,230.0,2.0,100.0
-,87001.HK,2020-09-18,HKD,1.46,2021-03-22,1.52,4.11,6.0,2020-09-21,1.52,CLOSED,4.11,345.0,2.0,100.0
-,2588.HK,2020-09-18,HKD,58.75,2020-12-06,61.08,3.97,13.0,2020-11-10,61.08,CLOSED,3.97,19.0,67.0,100.0
-,87001.HK,2020-09-18,HKD,1.46,2021-01-02,1.49,2.05,5.0,2020-09-21,1.49,CLOSED,2.05,172.0,3.0,100.0
-,87001.HK,2020-09-18,HKD,1.46,2020-11-22,1.49,2.05,8.0,2020-09-21,1.49,CLOSED,2.05,172.0,5.0,100.0
-,87001.HK,2020-09-18,HKD,1.46,2021-01-23,1.48,1.37,3.0,2020-09-21,1.48,CLOSED,1.37,115.0,2.0,100.0
-,1623.HK,2020-09-18,HKD,0.18,2021-09-09,0.26,44.44,31.0,2020-11-23,0.26,CLOSED,44.44,170.0,19.0,100.0
-,0992.HK,2020-09-18,HKD,5.41,2020-11-13,5.55,2.59,12.0,2020-11-13,5.09,CLOSED,-5.91,-27.0,100.0,-229.0
-,0992.HK,2020-09-18,HKD,5.41,2020-11-22,5.62,3.88,15.0,2020-11-20,5.48,CLOSED,1.29,5.0,97.0,33.0
-,0467.HK,2020-09-18,HKD,1.16,2020-11-29,1.34,15.52,54.0,2020-11-11,1.34,CLOSED,15.52,72.0,75.0,100.0
-,HPQ,2020-09-18,USD,18.95,2020-10-14,19.98,5.44,53.0,2020-10-14,19.5,CLOSED,2.9,28.0,100.0,53.0
-,HPQ,2020-09-18,USD,18.95,2020-11-25,19.95,5.28,20.0,2020-10-13,19.95,CLOSED,5.28,53.0,37.0,100.0
-,PYPL,2020-09-18,USD,176.07,2021-01-08,200.88,14.09,32.0,2020-10-01,200.88,CLOSED,14.09,273.0,12.0,100.0
-,PYPL,2020-09-18,USD,176.07,2021-02-16,215.33,22.3,37.0,2020-10-21,215.33,CLOSED,22.3,170.0,22.0,100.0
-,AAPL,2020-09-18,USD,106.84,2020-11-15,117.01,9.52,41.0,2020-09-30,117.01,CLOSED,9.52,200.0,21.0,100.0
-,AAPL,2020-09-18,USD,106.84,2021-01-04,124.14,16.19,38.0,2020-10-12,124.14,CLOSED,16.19,170.0,22.0,100.0
-,TSLA,2020-09-18,USD,442.15,2021-01-01,554.32,25.37,61.0,2020-11-24,554.32,CLOSED,25.37,95.0,64.0,100.0
-,TSLA,2020-09-18,USD,442.15,2021-06-26,630.95,42.7,38.0,2020-12-07,630.95,CLOSED,42.7,135.0,28.0,100.0
-,TSLA,2020-09-18,USD,442.15,2020-11-12,521.91,18.04,83.0,2020-11-12,411.76,CLOSED,-6.87,-31.0,100.0,-38.0
-,PYPL,2020-09-18,USD,176.07,2020-12-03,187.11,6.27,21.0,2020-09-22,187.11,CLOSED,6.27,395.0,5.0,100.0
-,NOV,2020-09-18,USD,11.74,2021-09-03,14.0,19.25,14.0,2020-11-24,14.0,CLOSED,19.25,72.0,19.0,100.0
-,XBI,2020-09-18,USD,116.24,2021-01-04,124.55,7.15,17.0,2020-11-05,124.55,CLOSED,7.15,38.0,44.0,100.0
-,XBI,2020-09-18,USD,116.24,2021-02-06,126.46,8.79,16.0,2020-11-16,126.46,CLOSED,8.79,38.0,42.0,100.0
-,TSLA,2020-09-18,USD,442.15,2020-11-13,545.44,23.36,105.0,2020-11-13,408.5,CLOSED,-7.61,-34.0,100.0,-33.0
-,TSLA,2020-09-18,USD,442.15,2021-01-31,512.32,15.87,30.0,2020-11-23,512.32,CLOSED,15.87,61.0,49.0,100.0
-,OXY,2020-09-18,USD,11.65,2021-07-14,12.94,11.07,9.0,2020-11-17,12.94,CLOSED,11.07,46.0,20.0,100.0
-,SLB,2020-09-18,USD,18.73,2021-07-31,20.68,10.41,8.0,2020-11-23,20.68,CLOSED,10.41,40.0,21.0,100.0
-,HPQ,2020-09-18,USD,18.95,2021-09-12,20.81,9.82,7.0,2020-11-17,20.81,CLOSED,9.82,41.0,17.0,100.0
-,ASX-BAP,2020-09-18,AUD,6.99,2021-07-03,8.72,24.75,22.0,2020-12-11,7.04,OPEN,0.72,2.0,29.0,3.0
-,ASX-AGL,2020-09-18,AUD,14.27,2020-12-30,16.04,12.4,30.0,2020-12-11,13.33,OPEN,-6.59,-20.0,82.0,-53.0
-,ASX-RHC,2020-09-18,AUD,67.01,2021-04-08,73.32,9.42,12.0,2020-12-11,63.24,OPEN,-5.63,-17.0,42.0,-60.0
-,ASX-NCM,2020-09-18,AUD,32.81,2021-08-17,38.38,16.98,13.0,2020-12-11,27.05,OPEN,-17.56,-53.0,25.0,-103.0
-,ASX-RHC,2020-09-18,AUD,67.01,2021-01-25,70.53,5.25,10.0,2020-12-11,63.24,OPEN,-5.63,-17.0,65.0,-107.0
-,ASX-SAR,2020-09-18,AUD,5.42,2021-06-01,10.47,93.17,92.0,2020-12-11,4.66,OPEN,-14.02,-42.0,33.0,-15.0
-,ASX-SAR,2020-09-18,AUD,5.42,2021-05-14,7.73,42.62,45.0,2020-12-11,4.66,OPEN,-14.02,-42.0,35.0,-33.0
-,1623.HK,2020-09-18,HKD,0.18,2021-04-26,0.35,94.44,108.0,2020-12-11,0.22,OPEN,22.22,67.0,38.0,24.0
-,3969.HK,2020-09-18,HKD,2.9,2021-08-20,3.23,11.38,9.0,2020-12-11,2.65,OPEN,-8.62,-26.0,25.0,-76.0
-,1623.HK,2020-09-18,HKD,0.18,2021-04-16,0.38,111.11,133.0,2020-12-11,0.22,OPEN,22.22,67.0,40.0,20.0
-,3969.HK,2020-09-18,HKD,2.9,2021-08-31,3.34,15.17,11.0,2020-12-11,2.65,OPEN,-8.62,-26.0,24.0,-57.0
-,3969.HK,2020-09-18,HKD,2.9,2020-12-27,3.19,10.0,25.0,2020-12-11,2.65,OPEN,-8.62,-26.0,84.0,-86.0
-,0066.HK,2020-09-18,HKD,40.35,2021-07-07,47.4,17.47,15.0,2020-12-11,43.35,OPEN,7.43,22.0,29.0,43.0
-,0992.HK,2020-09-18,HKD,5.41,2021-06-01,5.97,10.35,10.0,2020-12-11,5.89,OPEN,8.87,27.0,33.0,86.0
-,2883.HK,2020-09-18,HKD,5.68,2021-08-17,7.54,32.75,25.0,2020-12-11,5.84,OPEN,2.82,8.0,25.0,9.0
-,2328.HK,2020-09-18,HKD,5.83,2021-08-14,7.44,27.62,21.0,2020-12-11,6.01,OPEN,3.09,9.0,25.0,11.0
-,0880.HK,2020-09-18,HKD,10.32,2021-01-29,12.17,17.93,34.0,2020-12-11,9.2,OPEN,-10.85,-33.0,63.0,-61.0
-,1766.HK,2020-09-18,HKD,3.31,2021-08-23,4.1,23.87,18.0,2020-12-11,2.87,OPEN,-13.29,-40.0,25.0,-56.0
-,PYPL,2020-09-18,USD,176.07,2021-06-07,278.28,58.05,56.0,2020-12-11,214.06,OPEN,21.58,65.0,32.0,37.0
-,TSLA,2020-09-18,USD,442.15,2021-05-03,674.68,52.59,58.0,2020-12-11,609.99,OPEN,37.96,114.0,37.0,72.0
-,AAPL,2020-09-18,USD,106.84,2021-04-05,153.69,43.85,56.0,2020-12-11,122.41,OPEN,14.57,44.0,42.0,33.0
-,AAPL,2020-09-18,USD,106.84,2021-08-14,170.1,59.21,45.0,2020-12-11,122.41,OPEN,14.57,44.0,25.0,25.0
-,JNJ,2020-09-18,USD,149.18,2021-06-05,160.46,7.56,7.0,2020-12-11,152.95,OPEN,2.53,8.0,32.0,33.0
-,ASX-QUB,2020-09-21,AUD,2.55,2021-08-10,3.12,22.35,17.0,2020-11-10,3.12,CLOSED,22.35,113.0,15.0,100.0
-,ASX-BKL,2020-09-21,AUD,70.11,2021-04-22,75.96,8.34,10.0,2020-11-11,75.96,CLOSED,8.34,41.0,24.0,100.0
-,ASX-MMS,2020-09-21,AUD,8.62,2021-02-22,9.71,12.65,21.0,2020-11-06,9.71,CLOSED,12.65,69.0,30.0,100.0
-,ASX-QUB,2020-09-21,AUD,2.55,2021-01-16,2.81,10.2,22.0,2020-10-15,2.81,CLOSED,10.2,107.0,21.0,100.0
-,ASX-MYX,2020-09-21,AUD,0.38,2020-12-07,0.43,13.16,43.0,2020-12-07,0.375,CLOSED,-1.32,-4.0,100.0,-10.0
-,87001.HK,2020-09-21,HKD,1.54,2021-02-02,1.58,2.6,5.0,2020-10-12,1.58,CLOSED,2.6,31.0,16.0,100.0
-,87001.HK,2020-09-21,HKD,1.54,2021-03-25,1.6,3.9,5.0,2020-10-12,1.6,CLOSED,3.9,47.0,11.0,100.0
-,0992.HK,2020-09-21,HKD,5.23,2021-06-04,5.77,10.33,10.0,2020-11-23,5.77,CLOSED,10.33,41.0,25.0,100.0
-,0522.HK,2020-09-21,HKD,80.0,2021-01-22,91.34,14.18,29.0,2020-09-22,91.34,CLOSED,14.18,3573.0,1.0,100.0
-,87001.HK,2020-09-21,HKD,1.54,2021-01-05,1.57,1.95,5.0,2020-09-22,1.57,CLOSED,1.95,491.0,1.0,100.0
-,87001.HK,2020-09-21,HKD,1.54,2020-11-25,1.57,1.95,8.0,2020-09-22,1.57,CLOSED,1.95,491.0,2.0,100.0
-,87001.HK,2020-09-21,HKD,1.54,2021-01-26,1.57,1.95,4.0,2020-09-22,1.57,CLOSED,1.95,491.0,1.0,100.0
-,0992.HK,2020-09-21,HKD,5.23,2020-11-16,5.36,2.49,11.0,2020-10-13,5.36,CLOSED,2.49,29.0,39.0,100.0
-,0992.HK,2020-09-21,HKD,5.23,2020-11-25,5.44,4.02,16.0,2020-10-13,5.44,CLOSED,4.02,46.0,34.0,100.0
-,PYPL,2020-09-21,USD,183.21,2021-01-11,209.02,14.09,32.0,2020-10-13,209.02,CLOSED,14.09,161.0,20.0,100.0
-,AAPL,2020-09-21,USD,110.08,2020-11-18,120.56,9.52,41.0,2020-10-12,120.56,CLOSED,9.52,114.0,36.0,100.0
-,TSLA,2020-09-21,USD,449.39,2021-01-04,563.4,25.37,61.0,2020-11-25,563.4,CLOSED,25.37,98.0,62.0,100.0
-,TSLA,2020-09-21,USD,449.39,2021-06-29,641.28,42.7,38.0,2020-12-07,641.28,CLOSED,42.7,140.0,27.0,100.0
-,TSLA,2020-09-21,USD,449.39,2020-11-15,530.46,18.04,83.0,2020-11-13,408.5,CLOSED,-9.1,-43.0,96.0,-50.0
-,PYPL,2020-09-21,USD,183.21,2020-12-06,194.7,6.27,21.0,2020-09-29,194.7,CLOSED,6.27,198.0,11.0,100.0
-,TSLA,2020-09-21,USD,449.39,2020-11-16,554.37,23.36,105.0,2020-11-16,408.09,CLOSED,-9.19,-41.0,100.0,-39.0
-,TSLA,2020-09-21,USD,449.39,2021-02-03,520.71,15.87,30.0,2020-11-23,520.71,CLOSED,15.87,63.0,47.0,100.0
-,GIS,2020-09-21,USD,57.87,2021-08-22,62.93,8.74,7.0,2020-10-02,62.93,CLOSED,8.74,200.0,3.0,100.0
-,AMZN,2020-09-21,USD,2960.47,2021-01-29,3410.46,15.2,29.0,2020-10-12,3410.46,CLOSED,15.2,182.0,16.0,100.0
-,ASX-TWE,2020-09-21,AUD,8.89,2021-04-25,12.05,35.55,41.0,2020-12-11,9.42,OPEN,5.96,19.0,38.0,17.0
-,ASX-TWE,2020-09-21,AUD,8.89,2021-06-02,11.53,29.7,29.0,2020-12-11,9.42,OPEN,5.96,19.0,32.0,20.0
-,ASX-AGL,2020-09-21,AUD,14.13,2021-01-02,15.88,12.38,30.0,2020-12-11,13.33,OPEN,-5.66,-18.0,79.0,-46.0
-,ASX-MYX,2020-09-21,AUD,0.38,2021-04-10,0.53,39.47,49.0,2020-12-11,0.37,OPEN,-2.63,-8.0,40.0,-7.0
-,ASX-MYX,2020-09-21,AUD,0.38,2021-05-04,0.53,39.47,44.0,2020-12-11,0.37,OPEN,-2.63,-8.0,36.0,-7.0
-,ASX-BPT,2020-09-21,AUD,1.39,2021-05-01,2.16,55.4,63.0,2020-12-11,1.885,OPEN,35.61,111.0,36.0,64.0
-,0522.HK,2020-09-21,HKD,80.0,2021-08-19,108.94,36.17,27.0,2020-12-11,97.65,OPEN,22.06,69.0,24.0,61.0
-,0880.HK,2020-09-21,HKD,9.99,2021-02-01,11.78,17.92,34.0,2020-12-11,9.2,OPEN,-7.91,-25.0,61.0,-44.0
-,PYPL,2020-09-21,USD,183.21,2021-06-10,289.56,58.05,56.0,2020-12-11,214.06,OPEN,16.84,52.0,31.0,29.0
-,PYPL,2020-09-21,USD,183.21,2021-02-19,224.07,22.3,37.0,2020-12-11,214.06,OPEN,16.84,52.0,54.0,76.0
-,TSLA,2020-09-21,USD,449.39,2021-05-06,685.72,52.59,58.0,2020-12-11,609.99,OPEN,35.74,111.0,36.0,68.0
-,LULU,2020-09-21,USD,295.56,2021-08-21,441.92,49.52,37.0,2020-12-11,344.32,OPEN,16.5,51.0,24.0,33.0
-,AAPL,2020-09-21,USD,110.08,2021-09-06,163.2,48.26,35.0,2020-12-11,122.41,OPEN,11.2,35.0,23.0,23.0
-,AAPL,2020-09-21,USD,110.08,2021-01-07,127.9,16.19,38.0,2020-12-11,122.41,OPEN,11.2,35.0,75.0,69.0
-,AAPL,2020-09-21,USD,110.08,2021-04-08,158.35,43.85,56.0,2020-12-11,122.41,OPEN,11.2,35.0,41.0,26.0
-,AAPL,2020-09-21,USD,110.08,2021-08-17,175.26,59.21,45.0,2020-12-11,122.41,OPEN,11.2,35.0,25.0,19.0
-,AAPL,2020-09-21,USD,110.08,2021-09-18,145.47,32.15,22.0,2020-12-11,122.41,OPEN,11.2,35.0,22.0,35.0
-,AMZN,2020-09-21,USD,2960.47,2021-08-10,4787.97,61.73,48.0,2020-12-11,3116.42,OPEN,5.27,16.0,25.0,9.0
-,LULU,2020-09-21,USD,295.56,2021-08-28,459.0,55.3,41.0,2020-12-11,344.32,OPEN,16.5,51.0,24.0,30.0
-,AAPL,2020-09-21,USD,110.08,2021-07-04,139.52,26.74,24.0,2020-12-11,122.41,OPEN,11.2,35.0,28.0,42.0
-,AMZN,2020-09-21,USD,2960.47,2021-07-19,4392.75,48.38,41.0,2020-12-11,3116.42,OPEN,5.27,16.0,27.0,11.0
-,AAPL,2020-09-21,USD,110.08,2021-07-22,141.06,28.14,23.0,2020-12-11,122.41,OPEN,11.2,35.0,27.0,40.0
-,AAPL,2020-09-21,USD,110.08,2021-06-15,139.08,26.34,25.0,2020-12-11,122.41,OPEN,11.2,35.0,30.0,43.0
+,0341.HK,2020-09-22,HKD,16.56,2021-01-05,18.13,9.48,23.0,2020-12-11,18.13,CLOSED,9.48,30.0,76.0,100.0
+,0341.HK,2020-09-22,HKD,16.56,2021-02-25,18.23,10.08,16.0,2020-12-11,18.23,CLOSED,10.08,32.0,51.0,100.0
-,ASX-SYD,2020-09-22,AUD,5.53,2021-05-31,6.07,9.76,10.0,2020-10-12,6.07,CLOSED,9.76,123.0,8.0,100.0
-,0992.HK,2020-09-22,HKD,5.14,2021-06-05,5.67,10.31,10.0,2020-11-23,5.67,CLOSED,10.31,42.0,24.0,100.0
-,0939.HK,2020-09-22,HKD,5.26,2020-11-19,5.64,7.22,31.0,2020-10-19,5.64,CLOSED,7.22,67.0,47.0,100.0
-,0341.HK,2020-09-22,HKD,16.56,2020-10-25,17.18,3.74,29.0,2020-10-23,16.24,CLOSED,-1.93,-16.0,94.0,-52.0
-,1623.HK,2020-09-22,HKD,0.17,2021-09-13,0.25,47.06,33.0,2020-11-23,0.25,CLOSED,47.06,191.0,17.0,100.0
-,0992.HK,2020-09-22,HKD,5.14,2020-11-17,5.27,2.53,11.0,2020-09-23,5.27,CLOSED,2.53,638.0,2.0,100.0
-,0992.HK,2020-09-22,HKD,5.14,2020-11-26,5.34,3.89,15.0,2020-09-23,5.34,CLOSED,3.89,980.0,2.0,100.0
-,PSA,2020-09-22,USD,219.37,2020-12-19,234.42,6.86,20.0,2020-10-12,234.42,CLOSED,6.86,86.0,23.0,100.0
-,YUM,2020-09-22,USD,90.59,2021-06-27,107.32,18.47,17.0,2020-11-27,107.32,CLOSED,18.47,71.0,24.0,100.0
-,ZS,2020-09-22,USD,137.99,2020-11-22,166.11,20.38,84.0,2020-11-20,143.01,CLOSED,3.64,16.0,97.0,18.0
-,IBB,2020-09-22,USD,133.84,2021-03-25,146.47,9.44,13.0,2020-12-01,146.47,CLOSED,9.44,34.0,38.0,100.0
-,YUM,2020-09-22,USD,90.59,2021-02-01,100.55,10.99,21.0,2020-10-16,100.55,CLOSED,10.99,115.0,18.0,100.0
-,DHR,2020-09-22,USD,207.15,2021-02-17,223.97,8.12,14.0,2020-10-09,223.97,CLOSED,8.12,120.0,11.0,100.0
-,PEP,2020-09-22,USD,132.15,2021-02-03,139.52,5.58,10.0,2020-09-29,139.52,CLOSED,5.58,201.0,5.0,100.0
-,DHR,2020-09-22,USD,207.15,2021-02-11,219.27,5.85,10.0,2020-10-06,219.27,CLOSED,5.85,105.0,10.0,100.0
-,ZS,2020-09-22,USD,137.99,2020-10-16,145.51,5.45,57.0,2020-10-01,145.51,CLOSED,5.45,153.0,38.0,100.0
-,PX,2020-09-22,USD,0.19,2021-07-15,0.21,10.53,9.0,2020-09-24,0.21,CLOSED,10.53,1327.0,1.0,100.0
-,IBB,2020-09-22,USD,133.84,2021-01-03,140.29,4.82,12.0,2020-10-06,140.29,CLOSED,4.82,87.0,14.0,100.0
-,PSA,2020-09-22,USD,219.37,2021-04-11,235.98,7.57,9.0,2020-10-12,235.98,CLOSED,7.57,95.0,10.0,100.0
-,YUM,2020-09-22,USD,90.59,2020-12-04,95.84,5.8,20.0,2020-10-09,95.84,CLOSED,5.8,86.0,23.0,100.0
-,PEP,2020-09-22,USD,132.15,2020-12-08,136.29,3.13,10.0,2020-09-28,136.29,CLOSED,3.13,131.0,8.0,100.0
-,DIS,2020-09-22,USD,127.21,2021-03-10,136.81,7.55,11.0,2020-11-09,136.81,CLOSED,7.55,40.0,28.0,100.0
-,0861.HK,2020-09-22,HKD,6.55,2020-12-24,8.05,22.9,62.0,2020-12-11,6.5,OPEN,-0.76,-2.0,86.0,-3.0
-,ZS,2020-09-22,USD,137.99,2020-12-29,215.1,55.88,144.0,2020-12-11,181.91,OPEN,31.83,100.0,82.0,57.0
-,YUM,2020-09-22,USD,90.59,2021-09-21,112.75,24.46,17.0,2020-12-11,105.99,OPEN,17.0,54.0,22.0,69.0
-,LULU,2020-09-22,USD,313.6,2021-08-22,468.89,49.52,37.0,2020-12-11,344.32,OPEN,9.8,31.0,24.0,20.0
-,AAPL,2020-09-22,USD,111.81,2021-09-07,165.77,48.26,35.0,2020-12-11,122.41,OPEN,9.48,30.0,23.0,20.0
-,AAPL,2020-09-22,USD,111.81,2021-09-19,147.76,32.15,22.0,2020-12-11,122.41,OPEN,9.48,30.0,22.0,29.0
-,AMZN,2020-09-22,USD,3128.99,2021-08-11,5060.52,61.73,48.0,2020-12-11,3116.42,OPEN,-0.4,-1.0,25.0,-1.0
-,LULU,2020-09-22,USD,313.6,2021-08-29,487.02,55.3,41.0,2020-12-11,344.32,OPEN,9.8,31.0,23.0,18.0
-,AAPL,2020-09-22,USD,111.81,2021-07-05,141.71,26.74,24.0,2020-12-11,122.41,OPEN,9.48,30.0,28.0,35.0
-,PEP,2020-09-22,USD,132.15,2021-06-22,146.96,11.21,10.0,2020-12-11,144.97,OPEN,9.7,31.0,29.0,87.0
-,AMZN,2020-09-22,USD,3128.99,2021-07-20,4642.8,48.38,41.0,2020-12-11,3116.42,OPEN,-0.4,-1.0,27.0,-1.0
-,AAPL,2020-09-22,USD,111.81,2021-07-23,143.27,28.14,23.0,2020-12-11,122.41,OPEN,9.48,30.0,26.0,34.0
-,AAPL,2020-09-22,USD,111.81,2021-06-16,141.26,26.34,25.0,2020-12-11,122.41,OPEN,9.48,30.0,30.0,36.0
-,AMD,2020-09-22,USD,77.7,2021-08-25,125.0,60.88,46.0,2020-12-11,91.65,OPEN,17.95,57.0,24.0,29.0
-,AMZN,2020-09-22,USD,3128.99,2021-01-30,3604.6,15.2,29.0,2020-12-11,3116.42,OPEN,-0.4,-1.0,62.0,-3.0
-,ASX-LNK,2020-09-23,AUD,3.81,2021-08-24,4.67,22.57,17.0,2020-10-12,4.67,CLOSED,22.57,299.0,6.0,100.0
-,ASX-LNK,2020-09-23,AUD,3.81,2021-09-09,4.66,22.31,16.0,2020-10-12,4.66,CLOSED,22.31,296.0,5.0,100.0
-,ASX-CBA,2020-09-23,AUD,64.27,2021-09-10,71.76,11.65,8.0,2020-11-10,71.76,CLOSED,11.65,61.0,14.0,100.0
-,ASX-IVC,2020-09-23,AUD,9.79,2021-04-23,10.7,9.3,11.0,2020-10-21,10.7,CLOSED,9.3,84.0,13.0,100.0
-,ASX-IVC,2020-09-23,AUD,9.79,2021-04-23,10.7,9.3,11.0,2020-10-21,10.7,CLOSED,9.3,84.0,13.0,100.0
-,ASX-QUB,2020-09-23,AUD,2.6,2021-01-18,2.87,10.38,22.0,2020-10-22,2.87,CLOSED,10.38,90.0,25.0,100.0
-,ASX-GMA,2020-09-23,AUD,1.38,2020-12-05,1.5,8.7,30.0,2020-09-25,1.5,CLOSED,8.7,1096.0,3.0,100.0
-,ASX-COH,2020-09-23,AUD,202.24,2021-08-13,231.2,14.32,11.0,2020-11-12,231.2,CLOSED,14.32,72.0,15.0,100.0
-,ASX-IRE,2020-09-23,AUD,9.73,2020-11-15,10.31,5.96,28.0,2020-11-10,10.31,CLOSED,5.96,31.0,91.0,100.0
-,ASX-COH,2020-09-23,AUD,202.24,2021-06-05,215.45,6.53,6.0,2020-10-14,215.45,CLOSED,6.53,78.0,8.0,100.0
-,ASX-GMA,2020-09-23,AUD,1.38,2021-01-26,1.47,6.52,13.0,2020-09-25,1.47,CLOSED,6.52,822.0,2.0,100.0
-,ASX-CSL,2020-09-23,AUD,297.21,2021-06-16,305.32,2.73,3.0,2020-10-14,305.32,CLOSED,2.73,33.0,8.0,100.0
-,ASX-QBE,2020-09-23,AUD,8.87,2020-11-19,9.44,6.43,28.0,2020-10-13,9.44,CLOSED,6.43,81.0,35.0,100.0
-,ASX-QBE,2020-09-23,AUD,8.87,2021-02-13,9.99,12.63,22.0,2020-11-11,9.99,CLOSED,12.63,65.0,34.0,100.0
-,ASX-CBA,2020-09-23,AUD,64.27,2021-03-04,67.12,4.43,7.0,2020-10-07,67.12,CLOSED,4.43,80.0,9.0,100.0
-,ASX-GMA,2020-09-23,AUD,1.38,2021-02-15,1.47,6.52,11.0,2020-09-25,1.47,CLOSED,6.52,822.0,1.0,100.0
-,ASX-CCP,2020-09-23,AUD,16.9,2021-09-07,19.99,18.28,13.0,2020-10-15,19.99,CLOSED,18.28,209.0,6.0,100.0
-,ASX-COH,2020-09-23,AUD,202.24,2020-12-21,211.6,4.63,13.0,2020-10-12,211.6,CLOSED,4.63,61.0,21.0,100.0
-,ASX-CSL,2020-09-23,AUD,297.21,2021-05-26,315.9,6.29,6.0,2020-11-17,315.9,CLOSED,6.29,29.0,22.0,100.0
-,ASX-IRE,2020-09-23,AUD,9.73,2021-02-17,10.6,8.94,15.0,2020-11-26,10.6,CLOSED,8.94,35.0,44.0,100.0
-,3303.HK,2020-09-23,HKD,0.52,2020-10-28,0.65,25.0,180.0,2020-10-28,0.49,CLOSED,-5.77,-42.0,100.0,-23.0
-,0689.HK,2020-09-23,HKD,0.03,2021-08-31,0.05,66.67,49.0,2020-10-16,0.05,CLOSED,66.67,730.0,7.0,100.0
-,0992.HK,2020-09-23,HKD,5.29,2021-06-06,5.84,10.4,10.0,2020-11-26,5.84,CLOSED,10.4,41.0,25.0,100.0
-,2378.HK,2020-09-23,HKD,109.1,2021-07-09,125.08,14.65,13.0,2020-11-11,125.08,CLOSED,14.65,75.0,17.0,100.0
-,0002.HK,2020-09-23,HKD,73.2,2020-11-18,75.24,2.79,13.0,2020-11-18,73.6,CLOSED,0.55,2.0,100.0,20.0
-,2378.HK,2020-09-23,HKD,109.1,2021-06-30,123.33,13.04,12.0,2020-11-10,123.33,CLOSED,13.04,68.0,17.0,100.0
-,2800.HK,2020-09-23,HKD,24.52,2021-02-27,26.34,7.42,12.0,2020-11-09,26.34,CLOSED,7.42,40.0,30.0,100.0
-,0992.HK,2020-09-23,HKD,5.29,2020-11-18,5.43,2.65,12.0,2020-10-13,5.43,CLOSED,2.65,33.0,36.0,100.0
-,0992.HK,2020-09-23,HKD,5.29,2020-11-27,5.5,3.97,15.0,2020-11-06,5.5,CLOSED,3.97,23.0,68.0,100.0
-,3988.HK,2020-09-23,HKD,2.46,2020-11-23,2.67,8.54,35.0,2020-11-09,2.67,CLOSED,8.54,46.0,77.0,100.0
-,3988.HK,2020-09-23,HKD,2.46,2021-01-23,2.7,9.76,20.0,2020-11-10,2.7,CLOSED,9.76,51.0,39.0,100.0
-,ASX-QUB,2020-09-23,AUD,2.6,2021-08-12,3.18,22.31,17.0,2020-12-11,2.89,OPEN,11.15,36.0,24.0,50.0
-,ASX-IRE,2020-09-23,AUD,9.73,2021-06-16,12.5,28.47,27.0,2020-12-11,10.2,OPEN,4.83,15.0,30.0,17.0
-,ASX-AGL,2020-09-23,AUD,14.13,2021-01-15,15.38,8.85,20.0,2020-12-11,13.33,OPEN,-5.66,-18.0,69.0,-64.0
-,ASX-AGL,2020-09-23,AUD,14.13,2021-01-20,15.41,9.06,19.0,2020-12-11,13.33,OPEN,-5.66,-18.0,66.0,-63.0
-,ASX-IRE,2020-09-23,AUD,9.73,2021-08-23,11.74,20.66,16.0,2020-12-11,10.2,OPEN,4.83,15.0,24.0,23.0
-,ASX-IPL,2020-09-23,AUD,2.19,2021-06-29,2.52,15.07,14.0,2020-12-11,2.34,OPEN,6.85,22.0,28.0,45.0
-,ASX-AGL,2020-09-23,AUD,14.13,2021-02-25,15.07,6.65,11.0,2020-12-11,13.33,OPEN,-5.66,-18.0,51.0,-85.0
-,ASX-IRE,2020-09-23,AUD,9.73,2021-02-16,10.77,10.69,18.0,2020-12-11,10.2,OPEN,4.83,15.0,54.0,45.0
-,1310.HK,2020-09-23,HKD,15.14,2021-04-14,16.71,10.37,13.0,2020-12-11,12.44,OPEN,-17.83,-57.0,39.0,-172.0
-,3303.HK,2020-09-23,HKD,0.52,2021-07-13,1.01,94.23,81.0,2020-12-11,0.5,OPEN,-3.85,-12.0,27.0,-4.0
-,0002.HK,2020-09-23,HKD,73.2,2021-09-17,90.93,24.22,17.0,2020-12-11,71.0,OPEN,-3.01,-10.0,22.0,-12.0
-,0002.HK,2020-09-23,HKD,73.2,2021-04-24,81.63,11.52,14.0,2020-12-11,71.0,OPEN,-3.01,-10.0,37.0,-26.0
-,0689.HK,2020-09-23,HKD,0.03,2021-04-09,0.24,700.0,891.0,2020-12-11,0.09,OPEN,200.0,638.0,40.0,29.0
-,3969.HK,2020-09-23,HKD,2.81,2021-01-06,3.45,22.78,55.0,2020-12-11,2.65,OPEN,-5.69,-18.0,75.0,-25.0
-,3988.HK,2020-09-23,HKD,2.46,2021-08-12,3.18,29.27,23.0,2020-12-11,2.66,OPEN,8.13,26.0,24.0,28.0
-,0689.HK,2020-09-23,HKD,0.03,2021-01-09,0.15,400.0,933.0,2020-12-11,0.09,OPEN,200.0,638.0,73.0,50.0
-,0689.HK,2020-09-23,HKD,0.03,2021-03-05,0.16,433.33,670.0,2020-12-11,0.09,OPEN,200.0,638.0,48.0,46.0
-,0808.HK,2020-09-23,HKD,2.29,2021-06-09,2.61,13.97,14.0,2020-12-11,2.45,OPEN,6.99,22.0,31.0,50.0
-,1310.HK,2020-09-23,HKD,15.14,2021-04-26,17.25,13.94,16.0,2020-12-11,12.44,OPEN,-17.83,-57.0,37.0,-128.0
-,2800.HK,2020-09-23,HKD,24.52,2021-07-26,29.13,18.8,15.0,2020-12-11,26.7,OPEN,8.89,28.0,26.0,47.0
-,0002.HK,2020-09-23,HKD,73.2,2021-02-02,77.75,6.22,12.0,2020-12-11,71.0,OPEN,-3.01,-10.0,60.0,-48.0
-,0808.HK,2020-09-23,HKD,2.29,2021-05-22,2.56,11.79,12.0,2020-12-11,2.45,OPEN,6.99,22.0,33.0,59.0
-,0006.HK,2020-09-23,HKD,41.85,2021-09-13,45.72,9.25,7.0,2020-12-11,41.15,OPEN,-1.67,-5.0,22.0,-18.0
-,0006.HK,2020-09-23,HKD,41.85,2021-02-26,43.88,4.85,8.0,2020-12-11,41.15,OPEN,-1.67,-5.0,51.0,-34.0
-,0880.HK,2020-09-23,HKD,9.45,2021-02-03,11.14,17.88,34.0,2020-12-11,9.2,OPEN,-2.65,-8.0,59.0,-15.0
-,3808.HK,2020-09-23,HKD,19.82,2021-04-21,24.34,22.81,27.0,2020-12-11,19.02,OPEN,-4.04,-13.0,38.0,-18.0
-,0861.HK,2020-09-23,HKD,6.54,2021-05-14,7.32,11.93,13.0,2020-12-11,6.5,OPEN,-0.61,-2.0,34.0,-5.0
-,3303.HK,2020-09-24,HKD,0.52,2020-10-29,0.65,25.0,180.0,2020-10-29,0.47,CLOSED,-9.62,-69.0,100.0,-38.0
-,0011.HK,2020-09-24,HKD,111.1,2021-05-10,137.49,23.75,26.0,2020-11-25,137.49,CLOSED,23.75,97.0,27.0,100.0
-,0689.HK,2020-09-24,HKD,0.03,2021-09-01,0.05,66.67,49.0,2020-10-16,0.05,CLOSED,66.67,764.0,6.0,100.0
-,0992.HK,2020-09-24,HKD,5.2,2021-06-07,5.74,10.38,10.0,2020-11-23,5.74,CLOSED,10.38,44.0,23.0,100.0
-,0386.HK,2020-09-24,HKD,3.09,2020-12-05,3.22,4.21,15.0,2020-10-09,3.22,CLOSED,4.21,71.0,21.0,100.0
-,0011.HK,2020-09-24,HKD,111.1,2021-02-11,121.92,9.74,18.0,2020-10-27,121.92,CLOSED,9.74,74.0,24.0,100.0
-,1623.HK,2020-09-24,HKD,0.16,2021-09-15,0.23,43.75,31.0,2020-11-17,0.23,CLOSED,43.75,204.0,15.0,100.0
-,0992.HK,2020-09-24,HKD,5.2,2020-11-19,5.33,2.5,11.0,2020-10-13,5.33,CLOSED,2.5,33.0,34.0,100.0
-,0992.HK,2020-09-24,HKD,5.2,2020-11-28,5.4,3.85,15.0,2020-10-13,5.4,CLOSED,3.85,51.0,29.0,100.0
-,0288.HK,2020-09-24,HKD,6.37,2021-02-15,6.9,8.32,15.0,2020-10-28,6.9,CLOSED,8.32,62.0,24.0,100.0
-,3988.HK,2020-09-24,HKD,2.41,2020-11-24,2.61,8.3,34.0,2020-10-19,2.61,CLOSED,8.3,84.0,41.0,100.0
-,3988.HK,2020-09-24,HKD,2.41,2021-01-24,2.65,9.96,21.0,2020-11-09,2.65,CLOSED,9.96,55.0,38.0,100.0
-,0288.HK,2020-09-24,HKD,6.37,2020-12-15,6.64,4.24,13.0,2020-10-28,6.64,CLOSED,4.24,31.0,41.0,100.0
-,TSLA,2020-09-24,USD,387.79,2021-05-09,591.73,52.59,58.0,2020-11-27,591.73,CLOSED,52.59,207.0,28.0,100.0
-,TSLA,2020-09-24,USD,387.79,2021-01-07,486.17,25.37,61.0,2020-11-18,486.17,CLOSED,25.37,116.0,52.0,100.0
-,TSLA,2020-09-24,USD,387.79,2021-07-02,553.38,42.7,38.0,2020-11-24,553.38,CLOSED,42.7,176.0,22.0,100.0
-,TSLA,2020-09-24,USD,387.79,2020-11-18,457.75,18.04,83.0,2020-10-14,457.75,CLOSED,18.04,227.0,36.0,100.0
-,BXP,2020-09-24,USD,79.38,2021-02-15,85.98,8.31,15.0,2020-10-05,85.98,CLOSED,8.31,190.0,8.0,100.0
-,PX,2020-09-24,USD,0.2,2021-07-17,0.22,10.0,9.0,2020-09-28,0.22,CLOSED,10.0,630.0,1.0,100.0
-,TSLA,2020-09-24,USD,387.79,2021-02-06,449.33,15.87,30.0,2020-10-14,449.33,CLOSED,15.87,200.0,15.0,100.0
-,NDAQ,2020-09-24,USD,121.3,2020-12-02,129.89,7.08,26.0,2020-10-16,129.89,CLOSED,7.08,81.0,32.0,100.0
-,UNH,2020-09-24,USD,292.66,2021-01-09,322.51,10.2,24.0,2020-10-07,322.51,CLOSED,10.2,198.0,12.0,100.0
-,PM,2020-09-24,USD,76.35,2021-08-23,84.82,11.09,8.0,2020-12-09,84.82,CLOSED,11.09,37.0,23.0,100.0
-,MO,2020-09-24,USD,38.33,2021-04-19,43.11,12.47,15.0,2020-12-09,43.11,CLOSED,12.47,41.0,37.0,100.0
-,TRV,2020-09-24,USD,107.82,2021-08-28,118.71,10.1,8.0,2020-10-21,118.71,CLOSED,10.1,94.0,8.0,100.0
-,UNH,2020-09-24,USD,292.66,2020-11-28,300.85,2.8,11.0,2020-09-25,300.85,CLOSED,2.8,706.0,2.0,100.0
-,BAX,2020-09-24,USD,78.7,2021-02-03,81.82,3.96,8.0,2020-10-01,81.82,CLOSED,3.96,143.0,5.0,100.0
-,TRV,2020-09-24,USD,107.82,2021-02-17,115.24,6.88,12.0,2020-10-08,115.24,CLOSED,6.88,124.0,10.0,100.0
-,PNC,2020-09-24,USD,103.45,2020-12-05,107.99,4.39,15.0,2020-09-28,107.99,CLOSED,4.39,277.0,6.0,100.0
-,3303.HK,2020-09-24,HKD,0.52,2021-07-14,1.01,94.23,81.0,2020-12-11,0.5,OPEN,-3.85,-12.0,27.0,-4.0
-,0288.HK,2020-09-24,HKD,6.37,2021-02-21,7.79,22.29,37.0,2020-12-11,6.51,OPEN,2.2,7.0,52.0,10.0
-,0288.HK,2020-09-24,HKD,6.37,2021-04-03,9.7,52.28,69.0,2020-12-11,6.51,OPEN,2.2,7.0,41.0,4.0
-,0689.HK,2020-09-24,HKD,0.03,2021-04-10,0.24,700.0,891.0,2020-12-11,0.09,OPEN,200.0,646.0,39.0,29.0
-,3969.HK,2020-09-24,HKD,2.78,2021-01-07,3.41,22.66,54.0,2020-12-11,2.65,OPEN,-4.68,-15.0,74.0,-21.0
-,3988.HK,2020-09-24,HKD,2.41,2021-08-13,3.12,29.46,23.0,2020-12-11,2.66,OPEN,10.37,34.0,24.0,35.0
-,0689.HK,2020-09-24,HKD,0.03,2021-01-10,0.15,400.0,933.0,2020-12-11,0.09,OPEN,200.0,646.0,72.0,50.0
-,0689.HK,2020-09-24,HKD,0.03,2021-03-06,0.16,433.33,670.0,2020-12-11,0.09,OPEN,200.0,646.0,48.0,46.0
-,2638.HK,2020-09-24,HKD,7.9,2021-06-12,8.57,8.48,8.0,2020-12-11,7.71,OPEN,-2.41,-8.0,30.0,-28.0
-,2638.HK,2020-09-24,HKD,7.9,2021-03-25,8.43,6.71,9.0,2020-12-11,7.71,OPEN,-2.41,-8.0,43.0,-36.0
-,0880.HK,2020-09-24,HKD,9.21,2021-02-04,10.86,17.92,34.0,2020-12-11,9.2,OPEN,-0.11,-0.0,59.0,-1.0
-,0861.HK,2020-09-24,HKD,6.47,2020-12-25,7.94,22.72,62.0,2020-12-11,6.5,OPEN,0.46,1.0,85.0,2.0
-,MO,2020-09-24,USD,38.33,2021-06-11,48.1,25.49,25.0,2020-12-11,43.0,OPEN,12.18,39.0,30.0,48.0
-,AAPL,2020-09-24,USD,108.22,2021-09-09,160.45,48.26,35.0,2020-12-11,122.41,OPEN,13.11,42.0,22.0,27.0
-,MO,2020-09-24,USD,38.33,2021-06-21,45.97,19.93,19.0,2020-12-11,43.0,OPEN,12.18,39.0,29.0,61.0
-,AAPL,2020-09-24,USD,108.22,2021-09-21,143.01,32.15,22.0,2020-12-11,122.41,OPEN,13.11,42.0,22.0,41.0
-,AAPL,2020-09-24,USD,108.22,2021-07-07,137.16,26.74,24.0,2020-12-11,122.41,OPEN,13.11,42.0,27.0,49.0
-,AAPL,2020-09-24,USD,108.22,2021-07-25,138.67,28.14,23.0,2020-12-11,122.41,OPEN,13.11,42.0,26.0,47.0
-,NDAQ,2020-09-24,USD,121.3,2021-07-13,148.08,22.08,19.0,2020-12-11,125.67,OPEN,3.6,12.0,27.0,16.0
-,AAPL,2020-09-24,USD,108.22,2021-06-18,136.73,26.34,25.0,2020-12-11,122.41,OPEN,13.11,42.0,29.0,50.0
-,MO,2020-09-24,USD,38.33,2021-06-17,43.77,14.19,13.0,2020-12-11,43.0,OPEN,12.18,39.0,29.0,86.0
-,ASX-SCG,2020-09-25,AUD,2.2,2021-02-16,2.57,16.82,29.0,2020-11-10,2.57,CLOSED,16.82,92.0,32.0,100.0
-,ASX-SCG,2020-09-25,AUD,2.2,2020-12-04,2.41,9.55,34.0,2020-11-06,2.41,CLOSED,9.55,57.0,60.0,100.0
-,ASX-RWC,2020-09-25,AUD,3.9,2021-03-14,4.72,21.03,31.0,2020-11-09,4.72,CLOSED,21.03,118.0,26.0,100.0
-,ASX-MPL,2020-09-25,AUD,2.56,2021-06-10,2.97,16.02,16.0,2020-11-18,2.97,CLOSED,16.02,75.0,21.0,100.0
-,ASX-DMP,2020-09-25,AUD,81.56,2021-05-18,93.8,15.01,16.0,2020-10-21,93.8,CLOSED,15.01,145.0,11.0,100.0
-,ASX-ABP,2020-09-25,AUD,2.97,2021-08-22,3.16,6.4,5.0,2020-11-10,3.16,CLOSED,6.4,35.0,14.0,100.0
-,ASX-ABP,2020-09-25,AUD,2.97,2021-09-11,3.15,6.06,4.0,2020-11-09,3.15,CLOSED,6.06,34.0,13.0,100.0
-,ASX-CGC,2020-09-25,AUD,3.42,2020-12-05,3.71,8.48,30.0,2020-10-08,3.71,CLOSED,8.48,164.0,18.0,100.0
-,ASX-WOR,2020-09-25,AUD,9.91,2020-12-30,10.33,4.24,11.0,2020-10-07,10.33,CLOSED,4.24,89.0,12.0,100.0
-,0689.HK,2020-09-25,HKD,0.03,2021-09-02,0.05,66.67,49.0,2020-10-16,0.05,CLOSED,66.67,800.0,6.0,100.0
-,2883.HK,2020-09-25,HKD,5.09,2021-06-03,6.7,31.63,32.0,2020-11-24,6.7,CLOSED,31.63,133.0,24.0,100.0
-,1038.HK,2020-09-25,HKD,36.5,2021-02-09,38.83,6.38,12.0,2020-11-10,38.83,CLOSED,6.38,35.0,34.0,100.0
-,0992.HK,2020-09-25,HKD,5.0,2021-06-08,5.52,10.4,10.0,2020-11-06,5.52,CLOSED,10.4,62.0,16.0,100.0
-,0939.HK,2020-09-25,HKD,5.02,2020-11-22,5.38,7.17,31.0,2020-10-15,5.38,CLOSED,7.17,90.0,34.0,100.0
-,0011.HK,2020-09-25,HKD,112.2,2021-09-10,124.14,10.64,8.0,2020-10-27,124.14,CLOSED,10.64,84.0,9.0,100.0
-,1038.HK,2020-09-25,HKD,36.5,2020-11-19,38.04,4.22,19.0,2020-11-03,38.04,CLOSED,4.22,27.0,71.0,100.0
-,0002.HK,2020-09-25,HKD,73.8,2020-11-20,75.86,2.79,13.0,2020-11-20,73.1,CLOSED,-0.95,-4.0,100.0,-34.0
-,1038.HK,2020-09-25,HKD,36.5,2021-02-15,38.82,6.36,11.0,2020-11-10,38.82,CLOSED,6.36,35.0,32.0,100.0
-,2378.HK,2020-09-25,HKD,109.7,2021-07-02,124.0,13.04,12.0,2020-11-10,124.0,CLOSED,13.04,71.0,16.0,100.0
-,1038.HK,2020-09-25,HKD,36.5,2020-11-21,37.79,3.53,16.0,2020-11-03,37.79,CLOSED,3.53,23.0,68.0,100.0
-,2778.HK,2020-09-25,HKD,3.8,2021-05-23,4.34,14.21,15.0,2020-11-11,4.34,CLOSED,14.21,76.0,20.0,100.0
-,0992.HK,2020-09-25,HKD,5.0,2020-11-20,5.13,2.6,12.0,2020-09-30,5.13,CLOSED,2.6,131.0,9.0,100.0
-,0992.HK,2020-09-25,HKD,5.0,2020-11-29,5.2,4.0,16.0,2020-10-05,5.2,CLOSED,4.0,101.0,15.0,100.0
-,3988.HK,2020-09-25,HKD,2.4,2020-11-25,2.6,8.33,34.0,2020-10-19,2.6,CLOSED,8.33,87.0,39.0,100.0
-,3988.HK,2020-09-25,HKD,2.4,2021-01-25,2.64,10.0,21.0,2020-10-23,2.64,CLOSED,10.0,90.0,23.0,100.0
-,2778.HK,2020-09-25,HKD,3.8,2021-04-29,4.37,15.0,18.0,2020-11-16,4.37,CLOSED,15.0,73.0,24.0,100.0
-,0011.HK,2020-09-25,HKD,112.2,2021-09-22,121.16,7.99,6.0,2020-10-23,121.16,CLOSED,7.99,72.0,8.0,100.0
-,1728.HK,2020-09-25,HKD,0.73,2021-07-25,0.9,23.29,19.0,2020-10-08,0.9,CLOSED,23.29,451.0,4.0,100.0
-,TSLA,2020-09-25,USD,407.34,2021-05-10,621.56,52.59,58.0,2020-12-07,621.56,CLOSED,52.59,182.0,32.0,100.0
-,PYPL,2020-09-25,USD,187.25,2020-12-23,210.77,12.56,36.0,2020-10-21,210.77,CLOSED,12.56,122.0,29.0,100.0
-,TSLA,2020-09-25,USD,407.34,2021-01-08,510.68,25.37,61.0,2020-11-23,510.68,CLOSED,25.37,108.0,56.0,100.0
-,PYPL,2020-09-25,USD,187.25,2020-11-29,201.72,7.73,30.0,2020-10-12,201.72,CLOSED,7.73,115.0,26.0,100.0
-,TSLA,2020-09-25,USD,407.34,2021-07-03,581.27,42.7,38.0,2020-11-27,581.27,CLOSED,42.7,171.0,22.0,100.0
-,WMT,2020-09-25,USD,137.27,2021-09-12,153.21,11.61,8.0,2020-11-16,153.21,CLOSED,11.61,56.0,15.0,100.0
-,TSLA,2020-09-25,USD,407.34,2020-11-19,480.82,18.04,83.0,2020-11-18,480.82,CLOSED,18.04,84.0,98.0,100.0
-,ACN,2020-09-25,USD,214.63,2021-03-08,241.44,12.49,19.0,2020-11-09,241.44,CLOSED,12.49,70.0,27.0,100.0
-,VHT,2020-09-25,USD,199.23,2021-05-01,217.92,9.38,11.0,2020-11-09,217.92,CLOSED,9.38,53.0,21.0,100.0
-,PYPL,2020-09-25,USD,187.25,2020-10-25,195.11,4.2,35.0,2020-09-29,195.11,CLOSED,4.2,265.0,13.0,100.0
-,VHT,2020-09-25,USD,199.23,2021-01-29,213.26,7.04,14.0,2020-11-04,213.26,CLOSED,7.04,44.0,32.0,100.0
-,VHT,2020-09-25,USD,199.23,2020-12-16,208.28,4.54,14.0,2020-10-07,208.28,CLOSED,4.54,95.0,15.0,100.0
-,IYH,2020-09-25,USD,222.11,2021-03-15,234.79,5.71,8.0,2020-10-12,234.79,CLOSED,5.71,85.0,10.0,100.0
-,TSLA,2020-09-25,USD,407.34,2021-02-07,471.98,15.87,30.0,2020-11-18,471.98,CLOSED,15.87,74.0,40.0,100.0
-,ACN,2020-09-25,USD,214.63,2020-11-27,226.67,5.61,22.0,2020-09-30,226.67,CLOSED,5.61,283.0,8.0,100.0
-,IYH,2020-09-25,USD,222.11,2021-09-07,242.19,9.04,7.0,2020-11-09,242.19,CLOSED,9.04,51.0,13.0,100.0
-,BEN,2020-09-25,USD,19.64,2021-09-21,24.06,22.51,16.0,2020-12-08,24.06,CLOSED,22.51,77.0,20.0,100.0
-,LULU,2020-09-25,USD,315.35,2021-08-16,382.17,21.19,16.0,2020-12-03,382.17,CLOSED,21.19,77.0,21.0,100.0
-,XLV,2020-09-25,USD,103.02,2021-03-08,109.35,6.14,9.0,2020-10-12,109.35,CLOSED,6.14,91.0,10.0,100.0
-,IYH,2020-09-25,USD,222.11,2020-12-12,228.93,3.07,10.0,2020-09-30,228.93,CLOSED,3.07,155.0,6.0,100.0
-,DIS,2020-09-25,USD,124.0,2021-03-13,133.36,7.55,11.0,2020-11-09,133.36,CLOSED,7.55,42.0,27.0,100.0
-,XLV,2020-09-25,USD,103.02,2020-12-02,106.56,3.44,13.0,2020-10-06,106.56,CLOSED,3.44,79.0,16.0,100.0
-,ASX-CGC,2020-09-25,AUD,3.42,2021-01-01,4.35,27.19,70.0,2020-12-11,4.01,OPEN,17.25,56.0,79.0,63.0
-,ASX-CGC,2020-09-25,AUD,3.42,2021-04-09,4.86,42.11,54.0,2020-12-11,4.01,OPEN,17.25,56.0,39.0,41.0
-,ASX-APA,2020-09-25,AUD,10.92,2021-06-30,11.89,8.88,8.0,2020-12-11,10.24,OPEN,-6.23,-20.0,28.0,-70.0
-,ASX-TCL,2020-09-25,AUD,15.02,2021-05-20,16.17,7.66,8.0,2020-12-11,13.64,OPEN,-9.19,-30.0,32.0,-120.0
-,ASX-DMP,2020-09-25,AUD,81.56,2021-08-07,105.49,29.34,23.0,2020-12-11,85.64,OPEN,5.0,16.0,24.0,17.0
-,0002.HK,2020-09-25,HKD,73.8,2021-09-19,91.67,24.21,17.0,2020-12-11,71.0,OPEN,-3.79,-12.0,21.0,-16.0
-,0002.HK,2020-09-25,HKD,73.8,2021-04-26,82.3,11.52,14.0,2020-12-11,71.0,OPEN,-3.79,-12.0,36.0,-33.0
-,1038.HK,2020-09-25,HKD,36.5,2021-09-24,45.82,25.53,18.0,2020-12-11,39.95,OPEN,9.45,31.0,21.0,37.0
-,0689.HK,2020-09-25,HKD,0.03,2021-04-11,0.24,700.0,891.0,2020-12-11,0.09,OPEN,200.0,655.0,39.0,29.0
-,3969.HK,2020-09-25,HKD,2.68,2021-01-08,3.29,22.76,55.0,2020-12-11,2.65,OPEN,-1.12,-4.0,73.0,-5.0
-,3988.HK,2020-09-25,HKD,2.4,2021-08-14,3.11,29.58,23.0,2020-12-11,2.66,OPEN,10.83,35.0,24.0,37.0
-,1038.HK,2020-09-25,HKD,36.5,2021-09-09,45.29,24.08,17.0,2020-12-11,39.95,OPEN,9.45,31.0,22.0,39.0
-,0689.HK,2020-09-25,HKD,0.03,2021-01-11,0.15,400.0,933.0,2020-12-11,0.09,OPEN,200.0,655.0,71.0,50.0
-,0689.HK,2020-09-25,HKD,0.03,2021-03-07,0.16,433.33,670.0,2020-12-11,0.09,OPEN,200.0,655.0,47.0,46.0
-,2883.HK,2020-09-25,HKD,5.09,2021-09-09,7.77,52.65,38.0,2020-12-11,5.84,OPEN,14.73,48.0,22.0,28.0
-,0002.HK,2020-09-25,HKD,73.8,2021-02-04,78.38,6.21,12.0,2020-12-11,71.0,OPEN,-3.79,-12.0,58.0,-61.0
-,2328.HK,2020-09-25,HKD,5.36,2021-08-21,6.84,27.61,21.0,2020-12-11,6.01,OPEN,12.13,40.0,23.0,44.0
-,0880.HK,2020-09-25,HKD,9.03,2021-02-05,10.65,17.94,34.0,2020-12-11,9.2,OPEN,1.88,6.0,58.0,10.0
-,PYPL,2020-09-25,USD,187.25,2021-04-10,259.81,38.75,50.0,2020-12-11,214.06,OPEN,14.32,47.0,39.0,37.0
-,AAPL,2020-09-25,USD,112.28,2021-09-10,166.47,48.26,35.0,2020-12-11,122.41,OPEN,9.02,30.0,22.0,19.0
-,AAPL,2020-09-25,USD,112.28,2021-09-22,148.38,32.15,22.0,2020-12-11,122.41,OPEN,9.02,30.0,21.0,28.0
-,ACN,2020-09-25,USD,214.63,2021-06-22,261.83,21.99,21.0,2020-12-11,245.83,OPEN,14.54,48.0,29.0,66.0
-,AAPL,2020-09-25,USD,112.28,2021-07-08,142.3,26.74,24.0,2020-12-11,122.41,OPEN,9.02,30.0,27.0,34.0
-,NFLX,2020-09-25,USD,482.88,2021-03-30,669.51,38.65,52.0,2020-12-11,503.22,OPEN,4.21,14.0,41.0,11.0
-,AAPL,2020-09-25,USD,112.28,2021-07-26,143.88,28.14,23.0,2020-12-11,122.41,OPEN,9.02,30.0,25.0,32.0
-,LULU,2020-09-25,USD,315.35,2021-05-28,416.2,31.98,33.0,2020-12-11,344.32,OPEN,9.19,30.0,31.0,29.0
-,GIS,2020-09-25,USD,59.67,2021-04-11,63.43,6.3,8.0,2020-12-11,59.32,OPEN,-0.59,-2.0,39.0,-9.0
-,NFLX,2020-09-25,USD,482.88,2021-03-12,622.09,28.83,43.0,2020-12-11,503.22,OPEN,4.21,14.0,46.0,15.0
-,AAPL,2020-09-25,USD,112.28,2021-06-19,141.85,26.34,25.0,2020-12-11,122.41,OPEN,9.02,30.0,29.0,34.0
-,ASX-VCX,2020-09-28,AUD,1.43,2021-04-22,1.59,11.19,14.0,2020-11-10,1.59,CLOSED,11.19,66.0,21.0,100.0
-,ASX-NSR,2020-09-28,AUD,1.89,2021-09-06,2.01,6.35,5.0,2020-12-09,2.01,CLOSED,6.35,22.0,21.0,100.0
-,ASX-RMD,2020-09-28,AUD,23.9,2021-04-15,27.13,13.51,17.0,2020-10-30,27.13,CLOSED,13.51,106.0,16.0,100.0
-,ASX-SCP,2020-09-28,AUD,2.25,2021-02-27,2.37,5.33,9.0,2020-11-03,2.37,CLOSED,5.33,37.0,24.0,100.0
-,ASX-NSR,2020-09-28,AUD,1.89,2021-01-17,2.02,6.88,16.0,2020-12-09,2.02,CLOSED,6.88,24.0,65.0,100.0
-,ASX-WBC,2020-09-28,AUD,17.38,2021-06-27,19.1,9.9,9.0,2020-11-17,19.1,CLOSED,9.9,50.0,18.0,100.0
-,ASX-GMA,2020-09-28,AUD,1.6,2020-11-25,1.7,6.25,27.0,2020-10-14,1.7,CLOSED,6.25,98.0,28.0,100.0
-,ASX-WBC,2020-09-28,AUD,17.38,2021-08-14,19.18,10.36,8.0,2020-11-17,19.18,CLOSED,10.36,52.0,16.0,100.0
-,ASX-ARB,2020-09-28,AUD,27.12,2021-05-19,30.69,13.16,14.0,2020-10-07,30.69,CLOSED,13.16,368.0,4.0,100.0
-,ASX-SCP,2020-09-28,AUD,2.25,2021-01-25,2.4,6.67,14.0,2020-11-04,2.4,CLOSED,6.67,45.0,31.0,100.0
-,ASX-CPU,2020-09-28,AUD,12.33,2021-08-13,13.74,11.44,9.0,2020-11-10,13.74,CLOSED,11.44,67.0,13.0,100.0
-,ASX-CMW,2020-09-28,AUD,0.92,2021-04-04,1.0,8.7,12.0,2020-11-17,1.0,CLOSED,8.7,44.0,27.0,100.0
-,INDEXASX-XJO,2020-09-28,USD,5952.3,2021-02-19,6149.92,3.32,6.0,2020-10-13,6149.92,CLOSED,3.32,56.0,10.0,100.0
-,ASX-SVW,2020-09-28,AUD,17.91,2021-04-02,21.14,18.03,24.0,2020-10-09,21.14,CLOSED,18.03,413.0,6.0,100.0
-,ASX-SGR,2020-09-28,AUD,3.2,2021-08-19,3.66,14.37,11.0,2020-10-19,3.66,CLOSED,14.37,172.0,6.0,100.0
-,ASX-GMA,2020-09-28,AUD,1.6,2020-10-29,1.67,4.37,36.0,2020-10-13,1.67,CLOSED,4.37,73.0,48.0,100.0
-,ASX-MGR,2020-09-28,AUD,2.25,2021-08-29,2.28,1.33,1.0,2020-10-05,2.28,CLOSED,1.33,48.0,2.0,100.0
-,ASX-ARB,2020-09-28,AUD,27.12,2021-08-04,31.98,17.92,15.0,2020-10-09,31.98,CLOSED,17.92,411.0,4.0,100.0
-,INDEXASX-XJO,2020-09-28,USD,5952.3,2021-04-24,6264.2,5.24,6.0,2020-11-09,6264.2,CLOSED,5.24,31.0,20.0,100.0
-,STW,2020-09-28,USD,55.74,2021-03-14,57.42,3.01,5.0,2020-10-13,57.42,CLOSED,3.01,51.0,9.0,100.0
-,STW,2020-09-28,USD,55.74,2021-04-22,57.49,3.14,4.0,2020-10-13,57.49,CLOSED,3.14,53.0,7.0,100.0
-,ASX-ARB,2020-09-28,AUD,27.12,2020-12-20,28.67,5.72,17.0,2020-10-02,28.67,CLOSED,5.72,360.0,5.0,100.0
-,INDEXASX-XJO,2020-09-28,USD,5952.3,2020-12-01,6033.25,1.36,5.0,2020-10-07,6033.25,CLOSED,1.36,38.0,14.0,100.0
-,ASX-RMD,2020-09-28,AUD,23.9,2020-11-02,24.79,3.72,27.0,2020-10-13,24.79,CLOSED,3.72,62.0,43.0,100.0
-,ASX-IRE,2020-09-28,AUD,9.63,2021-02-22,10.49,8.93,15.0,2020-11-25,10.49,CLOSED,8.93,39.0,39.0,100.0
-,ASX-GPT,2020-09-28,AUD,4.06,2021-02-26,4.19,3.2,5.0,2020-10-05,4.19,CLOSED,3.2,115.0,5.0,100.0
-,1251.HK,2020-09-28,HKD,0.22,2020-11-16,0.34,54.55,281.0,2020-11-16,0.25,CLOSED,13.64,70.0,100.0,25.0
-,3969.HK,2020-09-28,HKD,2.72,2021-08-30,3.03,11.4,9.0,2020-11-11,3.03,CLOSED,11.4,65.0,13.0,100.0
-,1251.HK,2020-09-28,HKD,0.22,2020-11-16,0.34,54.55,281.0,2020-11-16,0.25,CLOSED,13.64,70.0,100.0,25.0
-,3969.HK,2020-09-28,HKD,2.72,2020-10-19,3.01,10.66,128.0,2020-10-19,2.62,CLOSED,-3.68,-44.0,100.0,-34.0
-,3969.HK,2020-09-28,HKD,2.72,2020-12-20,2.76,1.47,4.0,2020-11-03,2.76,CLOSED,1.47,10.0,43.0,100.0
-,3969.HK,2020-09-28,HKD,2.72,2021-03-04,2.76,1.47,2.0,2020-11-03,2.76,CLOSED,1.47,10.0,23.0,100.0
-,0689.HK,2020-09-28,HKD,0.03,2021-09-05,0.05,66.67,49.0,2020-10-16,0.05,CLOSED,66.67,933.0,5.0,100.0
-,3969.HK,2020-09-28,HKD,2.72,2021-01-06,2.99,9.93,25.0,2020-11-11,2.99,CLOSED,9.93,57.0,44.0,100.0
-,0992.HK,2020-09-28,HKD,4.95,2021-06-11,5.46,10.3,10.0,2020-10-15,5.46,CLOSED,10.3,153.0,7.0,100.0
-,0939.HK,2020-09-28,HKD,5.07,2020-11-30,5.44,7.3,29.0,2020-10-16,5.44,CLOSED,7.3,102.0,29.0,100.0
-,2800.HK,2020-09-28,HKD,24.28,2021-03-14,26.22,7.99,12.0,2020-11-09,26.22,CLOSED,7.99,48.0,25.0,100.0
-,0011.HK,2020-09-28,HKD,116.6,2021-09-13,129.01,10.64,8.0,2020-11-10,129.01,CLOSED,10.64,62.0,12.0,100.0
-,2800.HK,2020-09-28,HKD,24.28,2021-03-04,26.08,7.41,12.0,2020-11-09,26.08,CLOSED,7.41,44.0,27.0,100.0
-,0267.HK,2020-09-28,HKD,5.69,2020-11-15,6.16,8.26,43.0,2020-11-09,6.16,CLOSED,8.26,50.0,88.0,100.0
-,2778.HK,2020-09-28,HKD,3.92,2021-05-26,4.48,14.29,15.0,2020-11-19,4.48,CLOSED,14.29,69.0,22.0,100.0
-,0992.HK,2020-09-28,HKD,4.95,2020-11-23,5.08,2.63,12.0,2020-09-29,5.08,CLOSED,2.63,663.0,2.0,100.0
-,0992.HK,2020-09-28,HKD,4.95,2020-12-02,5.15,4.04,16.0,2020-09-30,5.15,CLOSED,4.04,509.0,3.0,100.0
-,3988.HK,2020-09-28,HKD,2.43,2020-11-28,2.64,8.64,36.0,2020-10-23,2.64,CLOSED,8.64,87.0,41.0,100.0
-,3988.HK,2020-09-28,HKD,2.43,2021-01-28,2.67,9.88,20.0,2020-11-09,2.67,CLOSED,9.88,59.0,34.0,100.0
-,2778.HK,2020-09-28,HKD,3.92,2021-05-02,4.51,15.05,18.0,2020-11-25,4.51,CLOSED,15.05,65.0,27.0,100.0
-,0011.HK,2020-09-28,HKD,116.6,2021-09-25,125.92,7.99,6.0,2020-11-03,125.92,CLOSED,7.99,56.0,10.0,100.0
-,TSLA,2020-09-28,USD,421.2,2021-05-13,642.71,52.59,58.0,2020-12-07,642.71,CLOSED,52.59,189.0,31.0,100.0
-,AWK,2020-09-28,USD,144.55,2021-02-02,156.33,8.15,16.0,2020-10-08,156.33,CLOSED,8.15,205.0,8.0,100.0
-,TSLA,2020-09-28,USD,421.2,2021-01-11,528.06,25.37,61.0,2020-11-24,528.06,CLOSED,25.37,112.0,54.0,100.0
-,DE,2020-09-28,USD,221.9,2021-08-23,258.05,16.29,12.0,2020-11-09,258.05,CLOSED,16.29,98.0,13.0,100.0
-,TSLA,2020-09-28,USD,421.2,2021-07-06,601.05,42.7,38.0,2020-11-30,601.05,CLOSED,42.7,171.0,22.0,100.0
-,TSLA,2020-09-28,USD,421.2,2020-11-22,497.18,18.04,83.0,2020-11-19,497.18,CLOSED,18.04,87.0,95.0,100.0
-,ACN,2020-09-28,USD,222.78,2021-03-11,250.61,12.49,19.0,2020-11-27,250.61,CLOSED,12.49,52.0,37.0,100.0
-,AWK,2020-09-28,USD,144.55,2020-12-20,153.44,6.15,19.0,2020-10-06,153.44,CLOSED,6.15,194.0,10.0,100.0
-,DE,2020-09-28,USD,221.9,2021-01-22,238.61,7.53,16.0,2020-10-14,238.61,CLOSED,7.53,119.0,14.0,100.0
-,TSLA,2020-09-28,USD,421.2,2021-02-10,488.04,15.87,30.0,2020-11-18,488.04,CLOSED,15.87,78.0,38.0,100.0
-,ACN,2020-09-28,USD,222.78,2020-11-30,235.28,5.61,22.0,2020-11-05,235.28,CLOSED,5.61,37.0,60.0,100.0
-,PM,2020-09-28,USD,76.31,2021-08-27,84.77,11.09,8.0,2020-12-09,84.77,CLOSED,11.09,39.0,22.0,100.0
-,ASX-NSR,2020-09-28,AUD,1.89,2021-05-01,2.14,13.23,16.0,2020-12-11,2.04,OPEN,7.94,27.0,34.0,60.0
-,ASX-IRE,2020-09-28,AUD,9.63,2021-08-28,11.62,20.66,16.0,2020-12-11,10.2,OPEN,5.92,20.0,22.0,29.0
-,ASX-ALQ,2020-09-28,AUD,9.34,2021-07-21,11.29,20.88,18.0,2020-12-11,10.0,OPEN,7.07,24.0,25.0,34.0
-,ASX-ALQ,2020-09-28,AUD,9.34,2021-05-26,10.53,12.74,13.0,2020-12-11,10.0,OPEN,7.07,24.0,31.0,55.0
-,3969.HK,2020-09-28,HKD,2.72,2020-12-17,3.07,12.87,41.0,2020-12-11,2.65,OPEN,-2.57,-9.0,92.0,-20.0
-,3969.HK,2020-09-28,HKD,2.72,2021-09-10,3.14,15.44,11.0,2020-12-11,2.65,OPEN,-2.57,-9.0,21.0,-17.0
-,0689.HK,2020-09-28,HKD,0.03,2021-04-14,0.24,700.0,891.0,2020-12-11,0.09,OPEN,200.0,681.0,37.0,29.0
-,3969.HK,2020-09-28,HKD,2.72,2021-01-11,3.33,22.43,54.0,2020-12-11,2.65,OPEN,-2.57,-9.0,70.0,-11.0
-,3988.HK,2020-09-28,HKD,2.43,2021-08-17,3.15,29.63,23.0,2020-12-11,2.66,OPEN,9.47,32.0,23.0,32.0
-,0689.HK,2020-09-28,HKD,0.03,2021-01-14,0.15,400.0,933.0,2020-12-11,0.09,OPEN,200.0,681.0,69.0,50.0
-,0689.HK,2020-09-28,HKD,0.03,2021-03-10,0.16,433.33,670.0,2020-12-11,0.09,OPEN,200.0,681.0,45.0,46.0
-,2800.HK,2020-09-28,HKD,24.28,2021-07-31,28.84,18.78,15.0,2020-12-11,26.7,OPEN,9.97,34.0,24.0,53.0
-,2800.HK,2020-09-28,HKD,24.28,2021-09-06,28.11,15.77,12.0,2020-12-11,26.7,OPEN,9.97,34.0,22.0,63.0
-,2328.HK,2020-09-28,HKD,5.39,2021-08-24,6.88,27.64,21.0,2020-12-11,6.01,OPEN,11.5,39.0,22.0,42.0
-,0880.HK,2020-09-28,HKD,9.02,2021-02-08,10.64,17.96,34.0,2020-12-11,9.2,OPEN,2.0,7.0,56.0,11.0
-,0267.HK,2020-09-28,HKD,5.69,2021-01-21,7.16,25.83,57.0,2020-12-11,5.61,OPEN,-1.41,-5.0,64.0,-5.0
-,AWK,2020-09-28,USD,144.55,2021-09-16,182.36,26.16,19.0,2020-12-11,148.28,OPEN,2.58,9.0,21.0,10.0
-,MO,2020-09-28,USD,38.95,2021-06-15,48.88,25.49,25.0,2020-12-11,43.0,OPEN,10.4,35.0,28.0,41.0
-,AAPL,2020-09-28,USD,114.96,2021-09-13,170.44,48.26,35.0,2020-12-11,122.41,OPEN,6.48,22.0,21.0,13.0
-,MO,2020-09-28,USD,38.95,2021-06-25,46.71,19.92,19.0,2020-12-11,43.0,OPEN,10.4,35.0,27.0,52.0
-,AAPL,2020-09-28,USD,114.96,2021-09-25,151.92,32.15,22.0,2020-12-11,122.41,OPEN,6.48,22.0,20.0,20.0
-,ACN,2020-09-28,USD,222.78,2021-06-25,271.77,21.99,21.0,2020-12-11,245.83,OPEN,10.35,35.0,27.0,47.0
-,BRKb,2020-09-28,USD,4793.85,2021-05-11,5981.77,24.78,28.0,2020-12-11,4555.2,OPEN,-4.98,-17.0,33.0,-20.0
-,AAPL,2020-09-28,USD,114.96,2021-07-11,145.7,26.74,24.0,2020-12-11,122.41,OPEN,6.48,22.0,26.0,24.0
-,AMZN,2020-09-28,USD,3174.05,2021-04-05,4182.13,31.76,42.0,2020-12-11,3116.42,OPEN,-1.82,-6.0,39.0,-6.0
-,AMZN,2020-09-28,USD,3174.05,2021-05-19,4044.06,27.41,30.0,2020-12-11,3116.42,OPEN,-1.82,-6.0,32.0,-7.0
-,BRKb,2020-09-28,USD,4793.85,2021-01-12,5206.12,8.6,20.0,2020-12-11,4555.2,OPEN,-4.98,-17.0,70.0,-58.0
-,AAPL,2020-09-28,USD,114.96,2021-07-29,147.31,28.14,23.0,2020-12-11,122.41,OPEN,6.48,22.0,24.0,23.0
-,BRKb,2020-09-28,USD,4793.85,2021-02-08,5219.06,8.87,17.0,2020-12-11,4555.2,OPEN,-4.98,-17.0,56.0,-56.0
-,AAPL,2020-09-28,USD,114.96,2021-06-22,145.24,26.34,25.0,2020-12-11,122.41,OPEN,6.48,22.0,28.0,25.0
-,MO,2020-09-28,USD,38.95,2021-06-21,44.48,14.2,13.0,2020-12-11,43.0,OPEN,10.4,35.0,28.0,73.0
-,MO,2020-09-28,USD,38.95,2021-04-23,43.81,12.48,15.0,2020-12-11,43.0,OPEN,10.4,35.0,36.0,83.0
+,0341.HK,2020-09-29,HKD,15.82,2021-08-20,18.11,14.48,11.0,2020-12-11,18.11,CLOSED,14.48,50.0,22.0,100.0
-,ASX-SDF,2020-09-29,AUD,3.28,2021-04-02,3.65,11.28,15.0,2020-11-04,3.65,CLOSED,11.28,79.0,19.0,100.0
-,ASX-JHG,2020-09-29,AUD,29.93,2021-04-28,35.22,17.67,21.0,2020-10-09,35.22,CLOSED,17.67,445.0,5.0,100.0
-,ASX-TWE,2020-09-29,AUD,9.05,2021-01-27,10.2,12.71,27.0,2020-11-24,10.2,CLOSED,12.71,57.0,47.0,100.0
-,ASX-SDF,2020-09-29,AUD,3.28,2020-12-07,3.47,5.79,21.0,2020-10-13,3.47,CLOSED,5.79,104.0,20.0,100.0
-,ASX-SYD,2020-09-29,AUD,5.97,2021-06-06,6.56,9.88,10.0,2020-11-10,6.56,CLOSED,9.88,59.0,17.0,100.0
-,ASX-RWC,2020-09-29,AUD,3.97,2020-11-29,4.41,11.08,46.0,2020-10-07,4.41,CLOSED,11.08,349.0,13.0,100.0
-,ASX-DXS,2020-09-29,AUD,8.98,2021-08-18,9.24,2.9,2.0,2020-10-05,9.24,CLOSED,2.9,122.0,2.0,100.0
-,ASX-DXS,2020-09-29,AUD,8.98,2021-06-25,9.24,2.9,3.0,2020-10-05,9.24,CLOSED,2.9,122.0,2.0,100.0
-,ASX-RWC,2020-09-29,AUD,3.97,2020-11-04,4.15,4.53,32.0,2020-10-01,4.15,CLOSED,4.53,571.0,6.0,100.0
-,ASX-TWE,2020-09-29,AUD,9.05,2020-11-30,9.43,4.2,17.0,2020-10-15,9.43,CLOSED,4.2,66.0,26.0,100.0
-,ASX-CAR,2020-09-29,AUD,21.09,2021-01-19,22.61,7.21,16.0,2020-10-12,22.61,CLOSED,7.21,140.0,12.0,100.0
-,ASX-QBE,2020-09-29,AUD,8.79,2020-11-25,9.36,6.48,29.0,2020-10-09,9.36,CLOSED,6.48,163.0,18.0,100.0
-,ASX-QBE,2020-09-29,AUD,8.79,2021-02-19,9.9,12.63,22.0,2020-11-10,9.9,CLOSED,12.63,76.0,29.0,100.0
-,ASX-SYD,2020-09-29,AUD,5.97,2021-01-01,6.13,2.68,7.0,2020-10-13,6.13,CLOSED,2.68,48.0,15.0,100.0
-,3303.HK,2020-09-29,HKD,0.52,2020-11-03,0.65,25.0,180.0,2020-11-03,0.48,CLOSED,-7.69,-55.0,100.0,-31.0
-,2588.HK,2020-09-29,HKD,52.65,2021-02-13,63.11,19.87,37.0,2020-11-10,63.11,CLOSED,19.87,119.0,31.0,100.0
-,2588.HK,2020-09-29,HKD,52.65,2021-03-09,61.85,17.47,27.0,2020-11-10,61.85,CLOSED,17.47,105.0,26.0,100.0
-,0689.HK,2020-09-29,HKD,0.03,2021-09-06,0.05,66.67,49.0,2020-10-16,0.05,CLOSED,66.67,988.0,5.0,100.0
-,1881.HK,2020-09-29,HKD,1.14,2021-08-28,1.32,15.79,12.0,2020-11-11,1.32,CLOSED,15.79,93.0,13.0,100.0
-,1881.HK,2020-09-29,HKD,1.14,2021-07-25,1.32,15.79,13.0,2020-11-11,1.32,CLOSED,15.79,93.0,14.0,100.0
-,1881.HK,2020-09-29,HKD,1.14,2021-08-13,1.3,14.04,11.0,2020-11-11,1.3,CLOSED,14.04,82.0,14.0,100.0
-,0992.HK,2020-09-29,HKD,4.96,2021-06-12,5.48,10.48,10.0,2020-10-15,5.48,CLOSED,10.48,165.0,6.0,100.0
-,1881.HK,2020-09-29,HKD,1.14,2021-08-13,1.28,12.28,10.0,2020-11-10,1.28,CLOSED,12.28,74.0,13.0,100.0
-,0992.HK,2020-09-29,HKD,4.96,2020-11-24,5.09,2.62,12.0,2020-09-30,5.09,CLOSED,2.62,660.0,2.0,100.0
-,0992.HK,2020-09-29,HKD,4.96,2020-12-03,5.16,4.03,16.0,2020-09-30,5.16,CLOSED,4.03,1016.0,2.0,100.0
-,0288.HK,2020-09-29,HKD,6.29,2021-02-20,6.81,8.27,14.0,2020-10-28,6.81,CLOSED,8.27,72.0,20.0,100.0
-,0288.HK,2020-09-29,HKD,6.29,2020-12-20,6.56,4.29,13.0,2020-10-06,6.56,CLOSED,4.29,154.0,9.0,100.0
-,ASX-RWC,2020-09-29,AUD,3.97,2021-01-14,5.0,25.94,61.0,2020-12-11,4.29,OPEN,8.06,28.0,68.0,31.0
-,ASX-SDF,2020-09-29,AUD,3.28,2021-07-19,4.31,31.4,27.0,2020-12-11,3.89,OPEN,18.6,64.0,25.0,59.0
-,ASX-CAR,2020-09-29,AUD,21.09,2021-07-17,24.47,16.03,14.0,2020-12-11,19.17,OPEN,-9.1,-31.0,25.0,-57.0
-,ASX-TWE,2020-09-29,AUD,9.05,2021-03-25,11.25,24.31,35.0,2020-12-11,9.42,OPEN,4.09,14.0,41.0,17.0
-,3303.HK,2020-09-29,HKD,0.52,2021-07-19,1.01,94.23,81.0,2020-12-11,0.5,OPEN,-3.85,-13.0,25.0,-4.0
-,0288.HK,2020-09-29,HKD,6.29,2021-02-26,7.69,22.26,37.0,2020-12-11,6.51,OPEN,3.5,12.0,49.0,16.0
-,0288.HK,2020-09-29,HKD,6.29,2021-04-08,9.58,52.31,69.0,2020-12-11,6.51,OPEN,3.5,12.0,38.0,7.0
-,0689.HK,2020-09-29,HKD,0.03,2021-04-15,0.24,700.0,891.0,2020-12-11,0.09,OPEN,200.0,690.0,37.0,29.0
-,0689.HK,2020-09-29,HKD,0.03,2021-01-15,0.15,400.0,933.0,2020-12-11,0.09,OPEN,200.0,690.0,68.0,50.0
-,0689.HK,2020-09-29,HKD,0.03,2021-03-11,0.16,433.33,670.0,2020-12-11,0.09,OPEN,200.0,690.0,45.0,46.0
-,0696.HK,2020-09-29,HKD,16.32,2021-04-11,20.79,27.39,36.0,2020-12-11,18.58,OPEN,13.85,48.0,38.0,51.0
-,0880.HK,2020-09-29,HKD,9.13,2021-02-09,10.77,17.96,34.0,2020-12-11,9.2,OPEN,0.77,3.0,55.0,4.0
-,8206.HK,2020-09-29,HKD,0.1,2021-08-15,0.23,130.0,102.0,2020-12-11,0.08,OPEN,-20.0,-69.0,23.0,-15.0
-,ASX-WEB,2020-09-30,AUD,3.89,2021-07-04,5.36,37.79,34.0,2020-11-23,5.36,CLOSED,37.79,176.0,19.0,100.0
-,ASX-NAB,2020-09-30,AUD,17.75,2021-08-22,19.15,7.89,6.0,2020-10-13,19.15,CLOSED,7.89,153.0,4.0,100.0
-,1623.HK,2020-09-30,HKD,0.17,2021-03-02,0.27,58.82,97.0,2020-11-24,0.27,CLOSED,58.82,270.0,36.0,100.0
-,3303.HK,2020-09-30,HKD,0.51,2020-11-04,0.63,23.53,169.0,2020-11-04,0.47,CLOSED,-7.84,-56.0,100.0,-33.0
-,1113.HK,2020-09-30,HKD,37.75,2021-05-28,43.9,16.29,17.0,2020-11-19,43.9,CLOSED,16.29,82.0,21.0,100.0
-,2588.HK,2020-09-30,HKD,52.7,2021-02-14,63.17,19.87,37.0,2020-11-10,63.17,CLOSED,19.87,122.0,30.0,100.0
-,2588.HK,2020-09-30,HKD,52.7,2021-03-10,61.91,17.48,27.0,2020-11-10,61.91,CLOSED,17.48,107.0,25.0,100.0
-,1113.HK,2020-09-30,HKD,37.75,2020-10-06,38.88,2.99,126.0,2020-10-06,38.3,CLOSED,1.46,61.0,100.0,49.0
-,0689.HK,2020-09-30,HKD,0.03,2021-09-07,0.05,66.67,49.0,2020-10-16,0.05,CLOSED,66.67,1050.0,5.0,100.0
-,0992.HK,2020-09-30,HKD,5.11,2021-06-13,5.64,10.37,10.0,2020-11-23,5.64,CLOSED,10.37,48.0,21.0,100.0
-,0778.HK,2020-09-30,HKD,6.49,2021-05-25,7.06,8.78,9.0,2020-11-11,7.06,CLOSED,8.78,53.0,18.0,100.0
-,0868.HK,2020-09-30,HKD,15.62,2021-04-19,18.2,16.52,21.0,2020-11-23,18.2,CLOSED,16.52,77.0,27.0,100.0
-,1113.HK,2020-09-30,HKD,37.75,2021-03-26,40.29,6.73,10.0,2020-11-10,40.29,CLOSED,6.73,41.0,23.0,100.0
-,0435.HK,2020-09-30,HKD,3.48,2021-01-28,3.69,6.03,13.0,2020-11-11,3.69,CLOSED,6.03,36.0,35.0,100.0
-,0196.HK,2020-09-30,HKD,0.21,2021-01-02,0.23,9.52,26.0,2020-11-23,0.23,CLOSED,9.52,44.0,57.0,100.0
-,2800.HK,2020-09-30,HKD,24.28,2021-03-06,26.08,7.41,12.0,2020-11-09,26.08,CLOSED,7.41,47.0,25.0,100.0
-,0267.HK,2020-09-30,HKD,5.69,2020-11-17,6.16,8.26,43.0,2020-11-09,6.16,CLOSED,8.26,52.0,83.0,100.0
-,0992.HK,2020-09-30,HKD,5.11,2020-11-25,5.24,2.54,11.0,2020-10-05,5.24,CLOSED,2.54,128.0,9.0,100.0
-,0992.HK,2020-09-30,HKD,5.11,2020-12-04,5.31,3.91,15.0,2020-10-13,5.31,CLOSED,3.91,76.0,20.0,100.0
-,0435.HK,2020-09-30,HKD,3.48,2021-02-12,3.64,4.6,9.0,2020-11-10,3.64,CLOSED,4.6,28.0,30.0,100.0
-,0196.HK,2020-09-30,HKD,0.21,2020-11-17,0.22,4.76,25.0,2020-10-05,0.22,CLOSED,4.76,240.0,10.0,100.0
-,YUMC,2020-09-30,USD,52.95,2021-02-05,59.42,12.22,24.0,2020-11-18,59.42,CLOSED,12.22,63.0,38.0,100.0
-,ROBO,2020-09-30,USD,48.15,2021-07-22,54.85,13.91,12.0,2020-11-23,54.85,CLOSED,13.91,65.0,18.0,100.0
-,YUMC,2020-09-30,USD,52.95,2020-11-12,55.81,5.4,32.0,2020-11-04,55.81,CLOSED,5.4,39.0,81.0,100.0
-,YUMC,2020-09-30,USD,52.95,2021-01-26,59.22,11.84,25.0,2020-11-18,59.22,CLOSED,11.84,61.0,42.0,100.0
-,PLD,2020-09-30,USD,100.62,2021-02-02,103.65,3.01,6.0,2020-10-02,103.65,CLOSED,3.01,379.0,2.0,100.0
-,PLD,2020-09-30,USD,100.62,2021-04-15,106.77,6.11,8.0,2020-10-08,106.77,CLOSED,6.11,192.0,4.0,100.0
-,CL,2020-09-30,USD,77.15,2021-06-14,82.22,6.57,6.0,2020-11-03,82.22,CLOSED,6.57,49.0,13.0,100.0
-,UNH,2020-09-30,USD,311.77,2021-05-29,326.11,4.6,5.0,2020-10-09,326.11,CLOSED,4.6,129.0,4.0,100.0
-,MA,2020-09-30,USD,338.17,2020-11-06,351.9,4.06,28.0,2020-10-09,351.9,CLOSED,4.06,114.0,24.0,100.0
-,UNH,2020-09-30,USD,311.77,2020-12-24,328.42,5.34,16.0,2020-10-12,328.42,CLOSED,5.34,112.0,14.0,100.0
-,DUK,2020-09-30,USD,88.56,2021-06-07,92.6,4.56,5.0,2020-10-08,92.6,CLOSED,4.56,144.0,3.0,100.0
-,PM,2020-09-30,USD,74.99,2021-08-29,83.31,11.09,8.0,2020-12-09,83.31,CLOSED,11.09,40.0,21.0,100.0
-,CCI,2020-09-30,USD,166.5,2020-11-06,170.66,2.5,17.0,2020-11-06,164.07,CLOSED,-1.46,-10.0,100.0,-58.0
-,DLR,2020-09-30,USD,146.76,2021-01-11,155.89,6.22,15.0,2020-10-08,155.89,CLOSED,6.22,196.0,8.0,100.0
-,PLD,2020-09-30,USD,100.62,2020-12-02,102.98,2.35,9.0,2020-10-02,102.98,CLOSED,2.35,296.0,3.0,100.0
-,ASX-WEB,2020-09-30,AUD,3.89,2021-07-23,8.63,121.85,104.0,2020-12-11,5.23,OPEN,34.45,121.0,24.0,28.0
-,ASX-ABC,2020-09-30,AUD,2.85,2021-09-13,3.38,18.6,13.0,2020-12-11,3.23,OPEN,13.33,47.0,21.0,72.0
-,3303.HK,2020-09-30,HKD,0.51,2021-07-20,0.99,94.12,81.0,2020-12-11,0.5,OPEN,-1.96,-7.0,25.0,-2.0
-,0778.HK,2020-09-30,HKD,6.49,2021-08-19,7.46,14.95,12.0,2020-12-11,7.24,OPEN,11.56,40.0,22.0,77.0
-,1113.HK,2020-09-30,HKD,37.75,2021-03-25,44.92,18.99,27.0,2020-12-11,43.25,OPEN,14.57,51.0,41.0,77.0
-,0435.HK,2020-09-30,HKD,3.48,2021-05-12,4.08,17.24,19.0,2020-12-11,3.81,OPEN,9.48,33.0,32.0,55.0
-,0435.HK,2020-09-30,HKD,3.48,2021-06-06,4.16,19.54,20.0,2020-12-11,3.81,OPEN,9.48,33.0,29.0,49.0
-,1113.HK,2020-09-30,HKD,37.75,2021-03-29,48.75,29.14,41.0,2020-12-11,43.25,OPEN,14.57,51.0,40.0,50.0
-,1113.HK,2020-09-30,HKD,37.75,2021-06-10,44.6,18.15,18.0,2020-12-11,43.25,OPEN,14.57,51.0,28.0,80.0
-,0689.HK,2020-09-30,HKD,0.03,2021-04-16,0.24,700.0,891.0,2020-12-11,0.09,OPEN,200.0,700.0,36.0,29.0
-,3969.HK,2020-09-30,HKD,2.54,2021-01-13,3.11,22.44,54.0,2020-12-11,2.65,OPEN,4.33,15.0,69.0,19.0
-,0689.HK,2020-09-30,HKD,0.03,2021-01-16,0.15,400.0,933.0,2020-12-11,0.09,OPEN,200.0,700.0,67.0,50.0
-,0689.HK,2020-09-30,HKD,0.03,2021-03-12,0.16,433.33,670.0,2020-12-11,0.09,OPEN,200.0,700.0,44.0,46.0
-,0435.HK,2020-09-30,HKD,3.48,2021-07-10,4.03,15.8,14.0,2020-12-11,3.81,OPEN,9.48,33.0,25.0,60.0
-,0435.HK,2020-09-30,HKD,3.48,2021-05-26,3.98,14.37,15.0,2020-12-11,3.81,OPEN,9.48,33.0,30.0,66.0
-,2638.HK,2020-09-30,HKD,8.0,2021-07-15,8.52,6.5,6.0,2020-12-11,7.71,OPEN,-3.63,-13.0,25.0,-56.0
-,2800.HK,2020-09-30,HKD,24.28,2021-08-02,28.84,18.78,15.0,2020-12-11,26.7,OPEN,9.97,35.0,24.0,53.0
-,2638.HK,2020-09-30,HKD,8.0,2021-03-08,8.57,7.13,11.0,2020-12-11,7.71,OPEN,-3.63,-13.0,45.0,-51.0
-,0868.HK,2020-09-30,HKD,15.62,2021-06-29,20.54,31.5,29.0,2020-12-11,19.1,OPEN,22.28,78.0,26.0,71.0
-,0006.HK,2020-09-30,HKD,40.6,2021-09-20,44.35,9.24,7.0,2020-12-11,41.15,OPEN,1.35,5.0,20.0,15.0
-,0006.HK,2020-09-30,HKD,40.6,2021-03-05,42.57,4.85,8.0,2020-12-11,41.15,OPEN,1.35,5.0,46.0,28.0
-,0880.HK,2020-09-30,HKD,9.2,2021-02-10,10.85,17.93,34.0,2020-12-11,9.2,OPEN,0.0,0.0,54.0,0.0
-,0196.HK,2020-09-30,HKD,0.21,2021-06-13,0.31,47.62,47.0,2020-12-11,0.27,OPEN,28.57,100.0,28.0,60.0
-,3808.HK,2020-09-30,HKD,19.86,2021-04-28,24.39,22.81,27.0,2020-12-11,19.02,OPEN,-4.23,-15.0,34.0,-19.0
-,0267.HK,2020-09-30,HKD,5.69,2021-01-23,7.16,25.83,57.0,2020-12-11,5.61,OPEN,-1.41,-5.0,63.0,-5.0
-,AAPL,2020-09-30,USD,115.81,2021-09-15,171.7,48.26,35.0,2020-12-11,122.41,OPEN,5.7,20.0,21.0,12.0
-,MO,2020-09-30,USD,38.64,2021-06-27,46.34,19.93,19.0,2020-12-11,43.0,OPEN,11.28,39.0,27.0,57.0
-,AAPL,2020-09-30,USD,115.81,2021-09-27,153.04,32.15,22.0,2020-12-11,122.41,OPEN,5.7,20.0,20.0,18.0
-,MA,2020-09-30,USD,338.17,2021-07-06,441.08,30.43,27.0,2020-12-11,327.42,OPEN,-3.18,-11.0,26.0,-10.0
-,MA,2020-09-30,USD,338.17,2021-01-22,391.5,15.77,35.0,2020-12-11,327.42,OPEN,-3.18,-11.0,63.0,-20.0
-,AAPL,2020-09-30,USD,115.81,2021-07-13,146.78,26.74,24.0,2020-12-11,122.41,OPEN,5.7,20.0,25.0,21.0
-,PSA,2020-09-30,USD,222.72,2021-02-15,245.15,10.07,18.0,2020-12-11,220.06,OPEN,-1.19,-4.0,52.0,-12.0
-,DLR,2020-09-30,USD,146.76,2021-04-29,164.12,11.83,14.0,2020-12-11,130.27,OPEN,-11.24,-39.0,34.0,-95.0
-,JNJ,2020-09-30,USD,148.88,2021-06-17,160.14,7.56,7.0,2020-12-11,152.95,OPEN,2.73,10.0,28.0,36.0
-,CCI,2020-09-30,USD,166.5,2021-04-03,187.65,12.7,17.0,2020-12-11,157.68,OPEN,-5.3,-19.0,39.0,-42.0
-,MA,2020-09-30,USD,338.17,2020-12-15,364.45,7.77,26.0,2020-12-11,327.42,OPEN,-3.18,-11.0,95.0,-41.0
-,AAPL,2020-09-30,USD,115.81,2021-07-31,148.4,28.14,23.0,2020-12-11,122.41,OPEN,5.7,20.0,24.0,20.0
-,PG,2020-09-30,USD,138.99,2021-04-02,147.38,6.04,8.0,2020-12-11,136.51,OPEN,-1.78,-6.0,39.0,-30.0
-,LOW,2020-09-30,USD,165.86,2021-07-18,187.6,13.11,11.0,2020-12-11,157.82,OPEN,-4.85,-17.0,25.0,-37.0
-,CCI,2020-09-30,USD,166.5,2021-01-30,172.34,3.51,7.0,2020-12-11,157.68,OPEN,-5.3,-19.0,59.0,-151.0
-,KMB,2020-09-30,USD,147.66,2021-07-13,159.16,7.79,7.0,2020-12-11,136.0,OPEN,-7.9,-28.0,25.0,-101.0
-,AAPL,2020-09-30,USD,115.81,2021-06-24,146.31,26.34,25.0,2020-12-11,122.41,OPEN,5.7,20.0,27.0,22.0
-,VZ,2020-09-30,USD,59.49,2021-04-06,64.58,8.56,11.0,2020-12-11,60.35,OPEN,1.45,5.0,38.0,17.0
-,MO,2020-09-30,USD,38.64,2021-06-23,44.13,14.21,13.0,2020-12-11,43.0,OPEN,11.28,39.0,27.0,79.0
-,ASX-CTD,2020-10-01,AUD,17.3,2020-11-30,17.64,1.97,8.0,2020-10-02,17.64,CLOSED,1.97,496.0,2.0,100.0
-,ASX-CTD,2020-10-01,AUD,17.3,2020-11-02,17.82,3.01,24.0,2020-10-08,17.82,CLOSED,3.01,108.0,22.0,100.0
-,ASX-CTD,2020-10-01,AUD,17.3,2020-11-02,17.82,3.01,24.0,2020-10-08,17.82,CLOSED,3.01,108.0,22.0,100.0
-,ASX-CTD,2020-10-01,AUD,17.3,2021-04-03,21.68,25.32,35.0,2020-11-26,21.68,CLOSED,25.32,114.0,30.0,100.0
-,ASX-CTD,2020-10-01,AUD,17.3,2021-03-28,18.72,8.21,12.0,2020-11-10,18.72,CLOSED,8.21,52.0,22.0,100.0
-,ASX-VCX,2020-10-01,AUD,1.43,2021-04-09,1.59,11.19,15.0,2020-11-10,1.59,CLOSED,11.19,70.0,21.0,100.0
-,ASX-REA,2020-10-01,AUD,112.46,2021-04-12,148.36,31.92,42.0,2020-12-09,148.36,CLOSED,31.92,117.0,36.0,100.0
-,ASX-REA,2020-10-01,AUD,112.46,2021-04-10,139.3,23.87,31.0,2020-11-09,139.3,CLOSED,23.87,154.0,20.0,100.0
-,ASX-TLS,2020-10-01,AUD,2.8,2020-12-01,2.97,6.07,25.0,2020-11-11,2.97,CLOSED,6.07,37.0,67.0,100.0
-,ASX-CCP,2020-10-01,AUD,17.5,2021-05-17,21.49,22.8,25.0,2020-11-10,21.49,CLOSED,22.8,144.0,18.0,100.0
-,ASX-CCP,2020-10-01,AUD,17.5,2020-12-30,18.9,8.0,22.0,2020-10-08,18.9,CLOSED,8.0,288.0,8.0,100.0
-,ASX-CCP,2020-10-01,AUD,17.5,2021-04-11,20.96,19.77,26.0,2020-10-22,20.96,CLOSED,19.77,237.0,11.0,100.0
-,ASX-ARB,2020-10-01,AUD,28.35,2021-06-03,31.8,12.17,13.0,2020-10-09,31.8,CLOSED,12.17,383.0,3.0,100.0
-,ASX-SVW,2020-10-01,AUD,18.3,2021-03-07,21.04,14.97,24.0,2020-10-09,21.04,CLOSED,14.97,472.0,5.0,100.0
-,ASX-REA,2020-10-01,AUD,112.46,2021-01-02,125.43,11.53,31.0,2020-10-22,125.43,CLOSED,11.53,138.0,23.0,100.0
-,ASX-GEM,2020-10-01,AUD,0.99,2021-07-03,1.26,27.27,25.0,2020-11-10,1.26,CLOSED,27.27,172.0,15.0,100.0
-,ASX-ARB,2020-10-01,AUD,28.35,2021-07-20,33.14,16.9,15.0,2020-10-26,33.14,CLOSED,16.9,170.0,9.0,100.0
-,ASX-TLS,2020-10-01,AUD,2.8,2021-03-09,2.94,5.0,8.0,2020-11-10,2.94,CLOSED,5.0,32.0,25.0,100.0
-,ASX-GEM,2020-10-01,AUD,0.99,2021-07-09,1.3,31.31,28.0,2020-11-10,1.3,CLOSED,31.31,197.0,14.0,100.0
-,ASX-ORA,2020-10-01,AUD,2.45,2021-01-19,2.55,4.08,9.0,2020-10-09,2.55,CLOSED,4.08,129.0,7.0,100.0
-,ASX-SVW,2020-10-01,AUD,18.3,2020-12-26,19.51,6.61,19.0,2020-10-07,19.51,CLOSED,6.61,278.0,7.0,100.0
-,ASX-FMG,2020-10-01,AUD,16.68,2021-07-21,22.34,33.93,29.0,2020-12-10,22.34,CLOSED,33.93,122.0,24.0,100.0
-,SHOP,2020-10-01,USD,1054.43,2020-11-14,1215.86,15.31,88.0,2020-11-13,918.3,CLOSED,-12.91,-76.0,98.0,-84.0
-,TSLA,2020-10-01,USD,448.16,2021-07-17,603.67,34.7,30.0,2020-11-30,603.67,CLOSED,34.7,146.0,21.0,100.0
-,AWK,2020-10-01,USD,148.57,2021-02-15,161.61,8.78,16.0,2020-11-05,161.61,CLOSED,8.78,63.0,26.0,100.0
-,IBB,2020-10-01,USD,136.67,2021-04-03,150.73,10.29,14.0,2020-12-09,150.73,CLOSED,10.29,38.0,38.0,100.0
-,AWK,2020-10-01,USD,148.57,2020-12-19,157.41,5.95,19.0,2020-10-12,157.41,CLOSED,5.95,136.0,14.0,100.0
-,VHT,2020-10-01,USD,203.45,2021-02-10,211.4,3.91,7.0,2020-10-09,211.4,CLOSED,3.91,123.0,6.0,100.0
-,XLV,2020-10-01,USD,105.12,2021-06-11,111.63,6.19,6.0,2020-11-09,111.63,CLOSED,6.19,40.0,15.0,100.0
-,HON,2020-10-01,USD,163.68,2021-05-30,178.26,8.91,9.0,2020-10-23,178.26,CLOSED,8.91,102.0,9.0,100.0
-,D,2020-10-01,USD,78.59,2021-07-13,82.96,5.56,5.0,2020-10-08,82.96,CLOSED,5.56,200.0,2.0,100.0
-,XLV,2020-10-01,USD,105.12,2021-01-27,109.09,3.78,8.0,2020-10-12,109.09,CLOSED,3.78,87.0,9.0,100.0
-,IYH,2020-10-01,USD,226.87,2021-01-16,234.22,3.24,8.0,2020-10-09,234.22,CLOSED,3.24,102.0,7.0,100.0
-,VHT,2020-10-01,USD,203.45,2020-12-26,210.27,3.35,10.0,2020-10-09,210.27,CLOSED,3.35,106.0,9.0,100.0
-,IYH,2020-10-01,USD,226.87,2021-04-25,236.99,4.46,5.0,2020-11-04,236.99,CLOSED,4.46,33.0,17.0,100.0
-,SHOP,2020-10-01,USD,1054.43,2020-10-24,1110.95,5.36,59.0,2020-10-12,1110.95,CLOSED,5.36,123.0,48.0,100.0
-,AVB,2020-10-01,USD,155.6,2021-04-19,165.08,6.09,8.0,2020-11-09,165.08,CLOSED,6.09,39.0,20.0,100.0
-,HON,2020-10-01,USD,163.68,2021-03-15,171.52,4.79,7.0,2020-10-07,171.52,CLOSED,4.79,201.0,4.0,100.0
-,TSLA,2020-10-01,USD,448.16,2021-05-18,575.48,28.41,31.0,2020-11-27,575.48,CLOSED,28.41,126.0,25.0,100.0
-,PNC,2020-10-01,USD,109.43,2021-07-06,117.58,7.45,7.0,2020-11-03,117.58,CLOSED,7.45,57.0,12.0,100.0
-,IBB,2020-10-01,USD,136.67,2021-01-30,144.06,5.41,11.0,2020-10-12,144.06,CLOSED,5.41,124.0,9.0,100.0
-,CCI,2020-10-01,USD,168.01,2021-02-07,170.08,1.23,2.0,2020-11-18,170.08,CLOSED,1.23,6.0,37.0,100.0
-,IBM,2020-10-01,USD,121.09,2021-07-19,130.87,8.08,7.0,2020-10-08,130.87,CLOSED,8.08,291.0,2.0,100.0
-,ASX-ORA,2020-10-01,AUD,2.45,2021-09-06,3.25,32.65,24.0,2020-12-11,2.67,OPEN,8.98,32.0,21.0,27.0
-,ASX-AGL,2020-10-01,AUD,13.67,2021-01-12,15.36,12.36,30.0,2020-12-11,13.33,OPEN,-2.49,-9.0,69.0,-20.0
-,ASX-AGL,2020-10-01,AUD,13.67,2021-01-23,14.88,8.85,20.0,2020-12-11,13.33,OPEN,-2.49,-9.0,62.0,-28.0
-,ASX-AGL,2020-10-01,AUD,13.67,2021-03-05,14.58,6.66,11.0,2020-12-11,13.33,OPEN,-2.49,-9.0,46.0,-37.0
-,ASX-SAR,2020-10-01,AUD,5.16,2021-07-01,8.55,65.7,61.0,2020-12-11,4.66,OPEN,-9.69,-34.0,26.0,-15.0
-,BRKb,2020-10-01,USD,4924.5,2021-04-16,6048.76,22.83,29.0,2020-12-11,4555.2,OPEN,-7.5,-27.0,36.0,-33.0
-,SHOP,2020-10-01,USD,1054.43,2020-12-20,1338.07,26.9,85.0,2020-12-11,1057.87,OPEN,0.33,1.0,89.0,1.0
-,SHOP,2020-10-01,USD,1054.43,2021-01-14,1493.71,41.66,100.0,2020-12-11,1057.87,OPEN,0.33,1.0,68.0,1.0
-,AAPL,2020-10-01,USD,116.79,2021-09-16,173.15,48.26,35.0,2020-12-11,122.41,OPEN,4.81,17.0,20.0,10.0
-,AAPL,2020-10-01,USD,116.79,2021-09-28,154.34,32.15,22.0,2020-12-11,122.41,OPEN,4.81,17.0,20.0,15.0
-,BRKb,2020-10-01,USD,4924.5,2021-01-22,5363.77,8.92,20.0,2020-12-11,4555.2,OPEN,-7.5,-27.0,63.0,-84.0
-,AAPL,2020-10-01,USD,116.79,2021-07-14,148.02,26.74,24.0,2020-12-11,122.41,OPEN,4.81,17.0,25.0,18.0
-,BRKb,2020-10-01,USD,4924.5,2021-01-01,5315.01,7.93,22.0,2020-12-11,4555.2,OPEN,-7.5,-27.0,77.0,-95.0
-,AAPL,2020-10-01,USD,116.79,2021-08-01,149.65,28.14,23.0,2020-12-11,122.41,OPEN,4.81,17.0,23.0,17.0
-,CCI,2020-10-01,USD,168.01,2021-05-04,187.55,11.63,14.0,2020-12-11,157.68,OPEN,-6.15,-22.0,33.0,-53.0
-,AAPL,2020-10-01,USD,116.79,2021-06-25,147.55,26.34,25.0,2020-12-11,122.41,OPEN,4.81,17.0,27.0,18.0
-,VZ,2020-10-01,USD,59.45,2021-04-07,64.54,8.56,11.0,2020-12-11,60.35,OPEN,1.51,5.0,38.0,18.0
-,GLW,2020-10-01,USD,32.53,2021-09-15,42.41,30.37,22.0,2020-12-11,35.64,OPEN,9.56,34.0,20.0,31.0
-,ASX-CTD,2020-10-02,AUD,17.04,2021-02-03,20.18,18.43,37.0,2020-11-10,20.18,CLOSED,18.43,119.0,31.0,100.0
-,ASX-BAP,2020-10-02,AUD,6.87,2021-05-20,7.73,12.52,14.0,2020-10-12,7.73,CLOSED,12.52,316.0,4.0,100.0
-,ASX-CTD,2020-10-02,AUD,17.04,2021-02-28,20.22,18.66,32.0,2020-11-10,20.22,CLOSED,18.66,121.0,26.0,100.0
-,ASX-CTD,2020-10-02,AUD,17.04,2021-01-05,18.45,8.27,22.0,2020-11-10,18.45,CLOSED,8.27,53.0,41.0,100.0
-,ASX-GMA,2020-10-02,AUD,1.52,2020-12-02,1.59,4.61,19.0,2020-10-08,1.59,CLOSED,4.61,194.0,10.0,100.0
-,ASX-CTD,2020-10-02,AUD,17.04,2020-11-01,18.21,6.87,58.0,2020-10-19,18.21,CLOSED,6.87,102.0,57.0,100.0
-,ESS,2020-10-02,USD,212.1,2021-03-23,227.71,7.36,11.0,2020-11-05,227.71,CLOSED,7.36,55.0,20.0,100.0
-,PG,2020-10-02,USD,138.12,2021-03-08,145.85,5.6,9.0,2020-10-16,145.85,CLOSED,5.6,101.0,9.0,100.0
-,SCCO,2020-10-02,USD,45.63,2021-06-24,55.66,21.98,21.0,2020-11-09,55.66,CLOSED,21.98,146.0,14.0,100.0
-,EQR,2020-10-02,USD,55.09,2021-06-15,60.25,9.37,9.0,2020-11-09,60.25,CLOSED,9.37,62.0,15.0,100.0
-,ESS,2020-10-02,USD,212.1,2021-09-13,240.27,13.28,10.0,2020-11-09,240.27,CLOSED,13.28,88.0,11.0,100.0
-,ESS,2020-10-02,USD,212.1,2021-02-05,220.05,3.75,8.0,2020-11-03,220.05,CLOSED,3.75,30.0,25.0,100.0
-,SCCO,2020-10-02,USD,45.63,2021-01-29,49.43,8.33,18.0,2020-10-20,49.43,CLOSED,8.33,117.0,15.0,100.0
-,ASX-BAP,2020-10-02,AUD,6.87,2021-07-17,8.57,24.75,22.0,2020-12-11,7.04,OPEN,2.47,9.0,24.0,10.0
-,ASX-CHC,2020-10-02,AUD,12.88,2021-07-01,15.09,17.16,16.0,2020-12-11,14.32,OPEN,11.18,40.0,26.0,65.0
-,WMT,2020-10-02,USD,140.5,2021-08-20,156.14,11.13,9.0,2020-12-11,147.0,OPEN,4.63,17.0,22.0,42.0
-,SCCO,2020-10-02,USD,45.63,2021-09-30,61.37,34.49,24.0,2020-12-11,59.76,OPEN,30.97,111.0,19.0,90.0
-,NFLX,2020-10-02,USD,503.06,2021-03-28,655.64,30.33,43.0,2020-12-11,503.22,OPEN,0.03,0.0,40.0,0.0
-,GIS,2020-10-02,USD,62.52,2021-05-08,66.35,6.13,7.0,2020-12-11,59.32,OPEN,-5.12,-18.0,32.0,-84.0
-,VZ,2020-10-02,USD,59.24,2021-04-08,64.31,8.56,11.0,2020-12-11,60.35,OPEN,1.87,7.0,37.0,22.0
-,LOW,2020-10-02,USD,166.49,2021-08-26,186.98,12.31,9.0,2020-12-11,157.82,OPEN,-5.21,-19.0,21.0,-42.0
-,NFLX,2020-10-02,USD,503.06,2021-03-15,616.05,22.46,35.0,2020-12-11,503.22,OPEN,0.03,0.0,43.0,0.0
-,ASX-REA,2020-10-05,AUD,114.26,2021-03-24,147.36,28.97,43.0,2020-12-03,147.36,CLOSED,28.97,124.0,35.0,100.0
-,ASX-REA,2020-10-05,AUD,114.26,2021-03-04,137.93,20.72,35.0,2020-11-09,137.93,CLOSED,20.72,149.0,23.0,100.0
-,ASX-CGC,2020-10-05,AUD,3.47,2020-11-26,3.79,9.22,45.0,2020-10-09,3.79,CLOSED,9.22,581.0,8.0,100.0
-,ASX-REA,2020-10-05,AUD,114.26,2020-12-19,127.95,11.98,40.0,2020-11-05,127.95,CLOSED,11.98,97.0,41.0,100.0
-,ASX-MMS,2020-10-05,AUD,8.8,2021-03-08,9.91,12.61,21.0,2020-11-09,9.91,CLOSED,12.61,91.0,23.0,100.0
-,ASX-BKL,2020-10-05,AUD,62.42,2021-08-25,71.66,14.8,12.0,2020-10-28,71.66,CLOSED,14.8,162.0,7.0,100.0
-,ASX-QBE,2020-10-05,AUD,8.9,2020-12-01,9.47,6.4,28.0,2020-11-10,9.47,CLOSED,6.4,45.0,63.0,100.0
-,ASX-QBE,2020-10-05,AUD,8.9,2021-02-25,10.03,12.7,22.0,2020-11-11,10.03,CLOSED,12.7,86.0,26.0,100.0
-,ASX-DMP,2020-10-05,AUD,81.51,2021-06-12,92.75,13.79,14.0,2020-10-21,92.75,CLOSED,13.79,217.0,6.0,100.0
-,1623.HK,2020-10-05,HKD,0.16,2021-03-07,0.26,62.5,103.0,2020-11-23,0.26,CLOSED,62.5,321.0,32.0,100.0
-,3303.HK,2020-10-05,HKD,0.52,2020-11-09,0.65,25.0,180.0,2020-11-09,0.49,CLOSED,-5.77,-42.0,100.0,-23.0
-,1113.HK,2020-10-05,HKD,38.05,2021-06-02,44.24,16.27,17.0,2020-11-25,44.24,CLOSED,16.27,80.0,21.0,100.0
-,1113.HK,2020-10-05,HKD,38.05,2020-10-11,39.19,3.0,126.0,2020-10-09,38.4,CLOSED,0.92,58.0,67.0,31.0
-,2386.HK,2020-10-05,HKD,2.89,2021-03-29,3.46,19.72,28.0,2020-11-24,3.46,CLOSED,19.72,99.0,29.0,100.0
-,2386.HK,2020-10-05,HKD,2.89,2021-06-05,3.53,22.15,23.0,2020-11-25,3.53,CLOSED,22.15,109.0,21.0,100.0
-,1038.HK,2020-10-05,HKD,36.3,2021-02-19,38.62,6.39,12.0,2020-11-05,38.62,CLOSED,6.39,52.0,23.0,100.0
-,0992.HK,2020-10-05,HKD,5.0,2021-06-18,5.52,10.4,10.0,2020-11-06,5.52,CLOSED,10.4,82.0,12.0,100.0
-,1038.HK,2020-10-05,HKD,36.3,2020-11-29,37.83,4.21,19.0,2020-11-03,37.83,CLOSED,4.21,37.0,53.0,100.0
-,1038.HK,2020-10-05,HKD,36.3,2021-02-25,38.61,6.36,11.0,2020-11-05,38.61,CLOSED,6.36,52.0,22.0,100.0
-,0166.HK,2020-10-05,HKD,0.04,2021-03-23,0.05,25.0,37.0,2020-10-06,0.05,CLOSED,25.0,6300.0,1.0,100.0
-,1113.HK,2020-10-05,HKD,38.05,2021-03-31,40.61,6.73,10.0,2020-11-10,40.61,CLOSED,6.73,47.0,20.0,100.0
-,1038.HK,2020-10-05,HKD,36.3,2020-12-01,37.58,3.53,16.0,2020-11-03,37.58,CLOSED,3.53,31.0,51.0,100.0
-,0992.HK,2020-10-05,HKD,5.0,2020-11-30,5.13,2.6,12.0,2020-10-07,5.13,CLOSED,2.6,328.0,4.0,100.0
-,0992.HK,2020-10-05,HKD,5.0,2020-12-09,5.2,4.0,16.0,2020-10-08,5.2,CLOSED,4.0,336.0,5.0,100.0
-,0288.HK,2020-10-05,HKD,6.37,2021-02-26,6.9,8.32,15.0,2020-10-28,6.9,CLOSED,8.32,91.0,16.0,100.0
-,0288.HK,2020-10-05,HKD,6.37,2020-12-26,6.64,4.24,13.0,2020-10-28,6.64,CLOSED,4.24,46.0,28.0,100.0
-,YUMC,2020-10-05,USD,53.55,2021-02-13,59.84,11.75,23.0,2020-11-18,59.84,CLOSED,11.75,67.0,34.0,100.0
-,EOG,2020-10-05,USD,36.46,2021-08-21,45.37,24.44,19.0,2020-11-16,45.37,CLOSED,24.44,147.0,13.0,100.0
-,PEP,2020-10-05,USD,137.93,2021-05-04,145.96,5.82,7.0,2020-11-16,145.96,CLOSED,5.82,35.0,20.0,100.0
-,CL,2020-10-05,USD,78.42,2021-07-02,84.52,7.78,7.0,2020-11-04,84.52,CLOSED,7.78,65.0,11.0,100.0
-,VTR,2020-10-05,USD,44.11,2020-11-16,45.08,2.2,13.0,2020-10-06,45.08,CLOSED,2.2,554.0,2.0,100.0
-,VTR,2020-10-05,USD,44.11,2021-02-15,46.42,5.24,10.0,2020-11-09,46.42,CLOSED,5.24,38.0,26.0,100.0
-,YUMC,2020-10-05,USD,53.55,2020-11-20,56.11,4.78,26.0,2020-11-05,56.11,CLOSED,4.78,39.0,67.0,100.0
-,YUMC,2020-10-05,USD,53.55,2021-01-09,58.58,9.39,25.0,2020-11-09,58.58,CLOSED,9.39,68.0,36.0,100.0
-,QQQ,2020-10-05,USD,280.16,2021-01-03,286.1,2.12,6.0,2020-10-12,286.1,CLOSED,2.12,76.0,8.0,100.0
-,QQQ,2020-10-05,USD,280.16,2021-03-11,297.08,6.04,10.0,2020-10-12,297.08,CLOSED,6.04,217.0,4.0,100.0
-,PEP,2020-10-05,USD,137.93,2021-02-01,141.1,2.3,5.0,2020-10-12,141.1,CLOSED,2.3,83.0,6.0,100.0
-,AMZN,2020-10-05,USD,3199.2,2020-12-18,3424.74,7.05,24.0,2020-10-12,3424.74,CLOSED,7.05,254.0,9.0,100.0
-,ASX-CGC,2020-10-05,AUD,3.47,2020-12-19,4.21,21.33,72.0,2020-12-11,4.01,OPEN,15.56,59.0,89.0,73.0
-,ASX-AGL,2020-10-05,AUD,13.85,2021-01-16,15.57,12.42,30.0,2020-12-11,13.33,OPEN,-3.75,-14.0,65.0,-30.0
-,ASX-AGL,2020-10-05,AUD,13.85,2021-01-27,15.08,8.88,20.0,2020-12-11,13.33,OPEN,-3.75,-14.0,59.0,-42.0
-,ASX-CGC,2020-10-05,AUD,3.47,2021-02-20,4.43,27.67,51.0,2020-12-11,4.01,OPEN,15.56,59.0,49.0,56.0
-,ASX-AGL,2020-10-05,AUD,13.85,2021-03-09,14.77,6.64,11.0,2020-12-11,13.33,OPEN,-3.75,-14.0,43.0,-57.0
-,ASX-BRG,2020-10-05,AUD,26.2,2021-06-18,30.3,15.65,15.0,2020-12-11,23.89,OPEN,-8.82,-33.0,26.0,-56.0
-,ASX-DMP,2020-10-05,AUD,81.51,2021-08-01,99.03,21.49,18.0,2020-12-11,85.64,OPEN,5.07,19.0,22.0,24.0
-,3303.HK,2020-10-05,HKD,0.52,2021-07-25,1.01,94.23,81.0,2020-12-11,0.5,OPEN,-3.85,-14.0,23.0,-4.0
-,1113.HK,2020-10-05,HKD,38.05,2021-03-30,45.28,19.0,27.0,2020-12-11,43.25,OPEN,13.67,51.0,38.0,72.0
-,0288.HK,2020-10-05,HKD,6.37,2021-03-04,7.79,22.29,37.0,2020-12-11,6.51,OPEN,2.2,8.0,45.0,10.0
-,0288.HK,2020-10-05,HKD,6.37,2021-04-14,9.7,52.28,69.0,2020-12-11,6.51,OPEN,2.2,8.0,35.0,4.0
-,1038.HK,2020-10-05,HKD,36.3,2021-10-04,45.57,25.54,18.0,2020-12-11,39.95,OPEN,10.06,38.0,18.0,39.0
-,1113.HK,2020-10-05,HKD,38.05,2021-04-03,49.13,29.12,41.0,2020-12-11,43.25,OPEN,13.67,51.0,37.0,47.0
-,1113.HK,2020-10-05,HKD,38.05,2021-06-15,44.96,18.16,18.0,2020-12-11,43.25,OPEN,13.67,51.0,26.0,75.0
-,3969.HK,2020-10-05,HKD,2.5,2021-01-18,3.06,22.4,54.0,2020-12-11,2.65,OPEN,6.0,23.0,64.0,27.0
-,1038.HK,2020-10-05,HKD,36.3,2021-09-19,45.04,24.08,17.0,2020-12-11,39.95,OPEN,10.06,38.0,19.0,42.0
-,0345.HK,2020-10-05,HKD,30.8,2021-04-20,36.21,17.56,22.0,2020-12-11,31.05,OPEN,0.81,3.0,34.0,5.0
-,1200.HK,2020-10-05,HKD,0.71,2021-07-19,1.09,53.52,47.0,2020-12-11,0.71,OPEN,0.0,0.0,23.0,0.0
-,0345.HK,2020-10-05,HKD,30.8,2021-05-21,37.35,21.27,24.0,2020-12-11,31.05,OPEN,0.81,3.0,29.0,4.0
-,0006.HK,2020-10-05,HKD,41.05,2021-09-25,44.84,9.23,7.0,2020-12-11,41.15,OPEN,0.24,1.0,19.0,3.0
-,2328.HK,2020-10-05,HKD,5.5,2021-08-31,7.02,27.64,21.0,2020-12-11,6.01,OPEN,9.27,35.0,20.0,34.0
-,0006.HK,2020-10-05,HKD,41.05,2021-03-10,43.05,4.87,8.0,2020-12-11,41.15,OPEN,0.24,1.0,43.0,5.0
-,0880.HK,2020-10-05,HKD,8.95,2021-02-15,10.55,17.88,34.0,2020-12-11,9.2,OPEN,2.79,10.0,50.0,16.0
-,AAPL,2020-10-05,USD,116.5,2021-09-20,172.72,48.26,35.0,2020-12-11,122.41,OPEN,5.07,19.0,19.0,11.0
-,AAPL,2020-10-05,USD,116.5,2021-10-02,153.95,32.15,22.0,2020-12-11,122.41,OPEN,5.07,19.0,19.0,16.0
-,MA,2020-10-05,USD,343.25,2021-07-05,450.41,31.22,29.0,2020-12-11,327.42,OPEN,-4.61,-17.0,25.0,-15.0
-,AMZN,2020-10-05,USD,3199.2,2021-04-14,4216.55,31.8,42.0,2020-12-11,3116.42,OPEN,-2.59,-10.0,35.0,-8.0
-,AAPL,2020-10-05,USD,116.5,2021-07-18,147.65,26.74,24.0,2020-12-11,122.41,OPEN,5.07,19.0,23.0,19.0
-,AMZN,2020-10-05,USD,3199.2,2021-05-15,4080.26,27.54,31.0,2020-12-11,3116.42,OPEN,-2.59,-10.0,30.0,-9.0
-,MA,2020-10-05,USD,343.25,2021-02-10,403.08,17.43,34.0,2020-12-11,327.42,OPEN,-4.61,-17.0,52.0,-26.0
-,UNP,2020-10-05,USD,201.32,2021-04-02,221.92,10.23,14.0,2020-12-11,203.06,OPEN,0.86,3.0,37.0,8.0
-,AAPL,2020-10-05,USD,116.5,2021-08-05,149.28,28.14,23.0,2020-12-11,122.41,OPEN,5.07,19.0,22.0,18.0
-,MA,2020-10-05,USD,343.25,2021-01-03,369.13,7.54,21.0,2020-12-11,327.42,OPEN,-4.61,-17.0,74.0,-61.0
-,UNP,2020-10-05,USD,201.32,2021-01-24,212.73,5.67,13.0,2020-12-11,203.06,OPEN,0.86,3.0,60.0,15.0
-,AAPL,2020-10-05,USD,116.5,2021-04-30,131.34,12.74,16.0,2020-12-11,122.41,OPEN,5.07,19.0,32.0,40.0
-,AAPL,2020-10-05,USD,116.5,2021-06-29,147.19,26.34,25.0,2020-12-11,122.41,OPEN,5.07,19.0,25.0,19.0
-,VZ,2020-10-05,USD,59.66,2021-04-11,64.77,8.57,11.0,2020-12-11,60.35,OPEN,1.16,4.0,36.0,14.0
-,AAPL,2020-10-05,USD,116.5,2021-05-24,137.04,17.63,19.0,2020-12-11,122.41,OPEN,5.07,19.0,29.0,29.0
+,0341.HK,2020-10-06,HKD,16.62,2021-06-25,18.16,9.27,9.0,2020-12-11,18.16,CLOSED,9.27,35.0,25.0,100.0
-,ASX-SCP,2020-10-06,AUD,2.25,2020-12-24,2.38,5.78,18.0,2020-11-03,2.38,CLOSED,5.78,52.0,35.0,100.0
-,ASX-MMS,2020-10-06,AUD,8.77,2021-05-19,10.36,18.13,20.0,2020-11-10,10.36,CLOSED,18.13,131.0,16.0,100.0
-,ASX-SCP,2020-10-06,AUD,2.25,2021-02-16,2.39,6.22,12.0,2020-11-03,2.39,CLOSED,6.22,56.0,21.0,100.0
-,ASX-SCP,2020-10-06,AUD,2.25,2021-02-14,2.4,6.67,13.0,2020-11-04,2.4,CLOSED,6.67,58.0,22.0,100.0
-,ASX-SCP,2020-10-06,AUD,2.25,2020-12-24,2.37,5.33,17.0,2020-11-03,2.37,CLOSED,5.33,48.0,35.0,100.0
-,ASX-WBC,2020-10-06,AUD,17.41,2021-06-02,19.09,9.65,10.0,2020-11-17,19.09,CLOSED,9.65,58.0,18.0,100.0
-,ASX-BAP,2020-10-06,AUD,7.3,2021-04-28,8.16,11.78,15.0,2020-10-14,8.16,CLOSED,11.78,371.0,4.0,100.0
-,INDEXASX-XJO,2020-10-06,USD,5962.1,2021-02-10,6130.23,2.82,6.0,2020-10-12,6130.23,CLOSED,2.82,118.0,5.0,100.0
-,ASX-BEN,2020-10-06,AUD,6.3,2021-07-26,6.95,10.32,9.0,2020-10-19,6.95,CLOSED,10.32,200.0,4.0,100.0
-,ASX-ANZ,2020-10-06,AUD,17.89,2021-05-15,19.47,8.83,10.0,2020-10-26,19.47,CLOSED,8.83,111.0,9.0,100.0
-,ASX-WBC,2020-10-06,AUD,17.41,2021-06-11,19.38,11.32,12.0,2020-11-18,19.38,CLOSED,11.32,66.0,17.0,100.0
-,ASX-CQR,2020-10-06,AUD,3.57,2021-09-15,3.8,6.44,5.0,2020-10-16,3.8,CLOSED,6.44,162.0,3.0,100.0
-,ASX-ANZ,2020-10-06,AUD,17.89,2021-04-21,19.76,10.45,13.0,2020-11-10,19.76,CLOSED,10.45,75.0,18.0,100.0
-,ASX-BEN,2020-10-06,AUD,6.3,2021-06-05,6.77,7.46,8.0,2020-10-16,6.77,CLOSED,7.46,188.0,4.0,100.0
-,INDEXASX-XJO,2020-10-06,USD,5962.1,2021-05-03,6254.84,4.91,6.0,2020-11-09,6254.84,CLOSED,4.91,36.0,16.0,100.0
-,ASX-BAP,2020-10-06,AUD,7.3,2021-01-01,7.69,5.34,15.0,2020-10-12,7.69,CLOSED,5.34,224.0,7.0,100.0
-,ASX-WEB,2020-10-06,AUD,4.24,2021-03-06,5.24,23.58,39.0,2020-11-17,5.24,CLOSED,23.58,141.0,28.0,100.0
-,ASX-WBC,2020-10-06,AUD,17.41,2021-01-09,17.83,2.41,6.0,2020-10-08,17.83,CLOSED,2.41,304.0,2.0,100.0
-,ASX-DXS,2020-10-06,AUD,9.15,2021-06-01,9.27,1.31,1.0,2020-10-07,9.27,CLOSED,1.31,330.0,0.0,100.0
-,3969.HK,2020-10-06,HKD,2.55,2021-09-07,2.84,11.37,9.0,2020-11-04,2.84,CLOSED,11.37,99.0,9.0,100.0
-,1113.HK,2020-10-06,HKD,38.3,2020-10-12,39.45,3.0,126.0,2020-10-12,38.5,CLOSED,0.52,22.0,100.0,17.0
-,3969.HK,2020-10-06,HKD,2.55,2020-12-25,2.87,12.55,40.0,2020-11-10,2.87,CLOSED,12.55,90.0,44.0,100.0
-,3969.HK,2020-10-06,HKD,2.55,2021-09-18,2.94,15.29,11.0,2020-11-10,2.94,CLOSED,15.29,110.0,10.0,100.0
-,3969.HK,2020-10-06,HKD,2.55,2020-10-27,2.82,10.59,127.0,2020-10-27,2.64,CLOSED,3.53,42.0,100.0,33.0
-,3969.HK,2020-10-06,HKD,2.55,2020-12-28,2.58,1.18,4.0,2020-10-07,2.58,CLOSED,1.18,297.0,1.0,100.0
-,3969.HK,2020-10-06,HKD,2.55,2021-03-12,2.58,1.18,2.0,2020-10-07,2.58,CLOSED,1.18,297.0,1.0,100.0
-,0689.HK,2020-10-06,HKD,0.04,2021-09-13,0.06,50.0,37.0,2020-11-27,0.06,CLOSED,50.0,242.0,15.0,100.0
-,3969.HK,2020-10-06,HKD,2.55,2021-01-14,2.81,10.2,26.0,2020-11-04,2.81,CLOSED,10.2,89.0,29.0,100.0
-,0019.HK,2020-10-06,HKD,38.0,2021-09-02,44.76,17.79,14.0,2020-11-12,44.76,CLOSED,17.79,121.0,11.0,100.0
-,1038.HK,2020-10-06,HKD,37.2,2021-02-20,39.57,6.37,12.0,2020-11-11,39.57,CLOSED,6.37,45.0,26.0,100.0
-,0992.HK,2020-10-06,HKD,5.1,2021-06-19,5.63,10.39,10.0,2020-11-23,5.63,CLOSED,10.39,55.0,19.0,100.0
-,2208.HK,2020-10-06,HKD,7.37,2021-07-18,9.5,28.9,26.0,2020-10-15,9.5,CLOSED,28.9,809.0,3.0,100.0
-,1038.HK,2020-10-06,HKD,37.2,2020-11-30,38.77,4.22,19.0,2020-11-09,38.77,CLOSED,4.22,31.0,62.0,100.0
-,1881.HK,2020-10-06,HKD,1.15,2021-04-27,1.25,8.7,11.0,2020-11-04,1.25,CLOSED,8.7,76.0,14.0,100.0
-,1428.HK,2020-10-06,HKD,1.84,2021-03-08,2.35,27.72,46.0,2020-11-20,2.35,CLOSED,27.72,155.0,29.0,100.0
-,1038.HK,2020-10-06,HKD,37.2,2021-02-26,39.56,6.34,11.0,2020-11-11,39.56,CLOSED,6.34,44.0,25.0,100.0
-,0689.HK,2020-10-06,HKD,0.04,2021-02-17,0.07,75.0,141.0,2020-12-01,0.07,CLOSED,75.0,338.0,42.0,100.0
-,0166.HK,2020-10-06,HKD,0.04,2021-03-24,0.05,25.0,37.0,2020-10-21,0.05,CLOSED,25.0,420.0,9.0,100.0
-,1113.HK,2020-10-06,HKD,38.3,2021-04-01,40.88,6.74,10.0,2020-11-11,40.88,CLOSED,6.74,47.0,20.0,100.0
-,1038.HK,2020-10-06,HKD,37.2,2020-12-02,38.51,3.52,16.0,2020-11-05,38.51,CLOSED,3.52,30.0,53.0,100.0
-,0066.HK,2020-10-06,HKD,38.8,2021-03-28,41.12,5.98,9.0,2020-11-11,41.12,CLOSED,5.98,42.0,21.0,100.0
-,0267.HK,2020-10-06,HKD,5.71,2020-11-23,6.18,8.23,43.0,2020-11-09,6.18,CLOSED,8.23,61.0,71.0,100.0
-,0354.HK,2020-10-06,HKD,6.12,2021-09-03,8.14,33.01,25.0,2020-11-26,8.14,CLOSED,33.01,163.0,15.0,100.0
-,0354.HK,2020-10-06,HKD,6.12,2021-06-28,6.97,13.89,13.0,2020-11-09,6.97,CLOSED,13.89,103.0,13.0,100.0
-,0992.HK,2020-10-06,HKD,5.1,2020-12-01,5.23,2.55,11.0,2020-10-08,5.23,CLOSED,2.55,321.0,4.0,100.0
-,0992.HK,2020-10-06,HKD,5.1,2020-12-10,5.3,3.92,15.0,2020-10-13,5.3,CLOSED,3.92,141.0,11.0,100.0
-,1881.HK,2020-10-06,HKD,1.15,2021-06-20,1.24,7.83,8.0,2020-11-04,1.24,CLOSED,7.83,68.0,11.0,100.0
-,ROBO,2020-10-06,USD,48.76,2021-09-27,56.33,15.53,11.0,2020-11-27,56.33,CLOSED,15.53,75.0,15.0,100.0
-,MMM,2020-10-06,USD,162.23,2021-03-19,175.39,8.11,12.0,2020-11-09,175.39,CLOSED,8.11,60.0,21.0,100.0
-,PLD,2020-10-06,USD,104.48,2021-04-13,111.82,7.03,9.0,2020-11-09,111.82,CLOSED,7.03,52.0,18.0,100.0
-,SNP,2020-10-06,USD,40.85,2021-09-21,47.62,16.57,12.0,2020-11-27,47.62,CLOSED,16.57,80.0,15.0,100.0
-,SNP,2020-10-06,USD,40.85,2021-09-02,47.52,16.33,12.0,2020-11-25,47.52,CLOSED,16.33,82.0,15.0,100.0
-,AVB,2020-10-06,USD,158.6,2021-04-17,169.56,6.91,9.0,2020-11-09,169.56,CLOSED,6.91,51.0,18.0,100.0
-,UNH,2020-10-06,USD,314.45,2021-03-30,336.18,6.91,10.0,2020-11-04,336.18,CLOSED,6.91,60.0,17.0,100.0
-,UNH,2020-10-06,USD,314.45,2020-12-26,332.09,5.61,17.0,2020-10-12,332.09,CLOSED,5.61,236.0,7.0,100.0
-,PLD,2020-10-06,USD,104.48,2021-01-29,108.31,3.67,8.0,2020-10-08,108.31,CLOSED,3.67,462.0,2.0,100.0
-,ASX-BAP,2020-10-06,AUD,7.3,2021-06-09,8.82,20.82,21.0,2020-12-11,7.04,OPEN,-3.56,-14.0,27.0,-17.0
-,ASX-MFG,2020-10-06,AUD,58.98,2021-03-11,68.56,16.24,26.0,2020-12-11,54.8,OPEN,-7.09,-27.0,42.0,-44.0
-,ASX-MFG,2020-10-06,AUD,58.98,2021-05-14,74.17,25.75,29.0,2020-12-11,54.8,OPEN,-7.09,-27.0,30.0,-28.0
-,ASX-WEB,2020-10-06,AUD,4.24,2021-05-27,7.24,70.75,77.0,2020-12-11,5.23,OPEN,23.35,89.0,28.0,33.0
-,ASX-MFG,2020-10-06,AUD,58.98,2020-12-14,64.88,10.0,37.0,2020-12-11,54.8,OPEN,-7.09,-27.0,96.0,-71.0
-,ASX-AST,2020-10-06,AUD,1.98,2021-05-29,2.13,7.58,8.0,2020-12-11,1.85,OPEN,-6.57,-25.0,28.0,-87.0
-,2208.HK,2020-10-06,HKD,7.37,2021-08-25,15.45,109.63,86.0,2020-12-11,11.96,OPEN,62.28,238.0,20.0,57.0
-,3898.HK,2020-10-06,HKD,29.35,2021-03-26,39.05,33.05,49.0,2020-12-11,24.6,OPEN,-16.18,-62.0,39.0,-49.0
-,3898.HK,2020-10-06,HKD,29.35,2021-03-16,42.47,44.7,70.0,2020-12-11,24.6,OPEN,-16.18,-62.0,41.0,-36.0
-,1113.HK,2020-10-06,HKD,38.3,2021-03-31,45.58,19.01,27.0,2020-12-11,43.25,OPEN,12.92,49.0,38.0,68.0
-,1113.HK,2020-10-06,HKD,38.3,2021-06-03,44.54,16.29,17.0,2020-12-11,43.25,OPEN,12.92,49.0,28.0,79.0
-,0066.HK,2020-10-06,HKD,38.8,2021-09-20,48.71,25.54,18.0,2020-12-11,43.35,OPEN,11.73,45.0,19.0,46.0
-,1038.HK,2020-10-06,HKD,37.2,2021-10-05,46.7,25.54,18.0,2020-12-11,39.95,OPEN,7.39,28.0,18.0,29.0
-,1113.HK,2020-10-06,HKD,38.3,2021-04-04,49.46,29.14,41.0,2020-12-11,43.25,OPEN,12.92,49.0,37.0,44.0
-,1113.HK,2020-10-06,HKD,38.3,2021-06-16,45.25,18.15,18.0,2020-12-11,43.25,OPEN,12.92,49.0,26.0,71.0
-,2386.HK,2020-10-06,HKD,3.0,2021-03-30,3.59,19.67,28.0,2020-12-11,3.36,OPEN,12.0,46.0,38.0,61.0
-,0689.HK,2020-10-06,HKD,0.04,2021-04-22,0.32,700.0,891.0,2020-12-11,0.09,OPEN,125.0,477.0,33.0,18.0
-,3969.HK,2020-10-06,HKD,2.55,2021-01-19,3.13,22.75,55.0,2020-12-11,2.65,OPEN,3.92,15.0,63.0,17.0
-,1038.HK,2020-10-06,HKD,37.2,2021-09-20,46.16,24.09,17.0,2020-12-11,39.95,OPEN,7.39,28.0,19.0,31.0
-,0689.HK,2020-10-06,HKD,0.04,2021-01-22,0.2,400.0,933.0,2020-12-11,0.09,OPEN,125.0,477.0,61.0,31.0
-,0689.HK,2020-10-06,HKD,0.04,2021-03-18,0.21,425.0,657.0,2020-12-11,0.09,OPEN,125.0,477.0,40.0,29.0
-,0066.HK,2020-10-06,HKD,38.8,2021-09-13,47.49,22.4,17.0,2020-12-11,43.35,OPEN,11.73,45.0,19.0,52.0
-,0689.HK,2020-10-06,HKD,0.04,2021-05-04,0.11,175.0,210.0,2020-12-11,0.09,OPEN,125.0,477.0,31.0,71.0
-,2386.HK,2020-10-06,HKD,3.0,2021-06-06,3.67,22.33,23.0,2020-12-11,3.36,OPEN,12.0,46.0,27.0,54.0
-,3898.HK,2020-10-06,HKD,29.35,2021-04-09,40.39,37.61,51.0,2020-12-11,24.6,OPEN,-16.18,-62.0,36.0,-43.0
-,0388.HK,2020-10-06,HKD,375.0,2021-08-20,459.08,22.42,18.0,2020-12-11,386.0,OPEN,2.93,11.0,21.0,13.0
-,0700.HK,2020-10-06,HKD,527.5,2021-03-15,648.46,22.93,36.0,2020-12-11,588.0,OPEN,11.47,44.0,41.0,50.0
-,0388.HK,2020-10-06,HKD,375.0,2021-04-18,433.61,15.63,20.0,2020-12-11,386.0,OPEN,2.93,11.0,34.0,19.0
-,0700.HK,2020-10-06,HKD,527.5,2021-04-23,658.53,24.84,31.0,2020-12-11,588.0,OPEN,11.47,44.0,33.0,46.0
-,3898.HK,2020-10-06,HKD,29.35,2021-06-24,39.59,34.89,34.0,2020-12-11,24.6,OPEN,-16.18,-62.0,25.0,-46.0
-,2883.HK,2020-10-06,HKD,5.67,2021-09-04,7.53,32.8,25.0,2020-12-11,5.84,OPEN,3.0,11.0,20.0,9.0
-,8206.HK,2020-10-06,HKD,0.1,2021-07-15,0.22,120.0,107.0,2020-12-11,0.08,OPEN,-20.0,-76.0,23.0,-17.0
-,3808.HK,2020-10-06,HKD,20.45,2021-03-18,24.9,21.76,34.0,2020-12-11,19.02,OPEN,-6.99,-27.0,40.0,-32.0
-,0173.HK,2020-10-06,HKD,3.72,2021-08-29,4.98,33.87,26.0,2020-12-11,3.85,OPEN,3.49,13.0,20.0,10.0
-,0880.HK,2020-10-06,HKD,9.14,2021-02-16,10.78,17.94,34.0,2020-12-11,9.2,OPEN,0.66,3.0,50.0,4.0
-,0267.HK,2020-10-06,HKD,5.71,2021-01-29,7.19,25.92,57.0,2020-12-11,5.61,OPEN,-1.75,-7.0,57.0,-7.0
-,0861.HK,2020-10-06,HKD,6.66,2021-01-06,8.16,22.52,62.0,2020-12-11,6.5,OPEN,-2.4,-9.0,72.0,-11.0
-,UNH,2020-10-06,USD,314.45,2021-09-29,392.53,24.83,17.0,2020-12-11,337.07,OPEN,7.19,27.0,18.0,29.0
-,DLR,2020-10-06,USD,153.03,2021-06-03,169.65,10.86,11.0,2020-12-11,130.27,OPEN,-14.87,-57.0,28.0,-137.0
-,VZ,2020-10-06,USD,59.46,2021-04-12,64.55,8.56,11.0,2020-12-11,60.35,OPEN,1.5,6.0,35.0,17.0
+,ASX-IGO,2020-10-07,AUD,4.39,2021-05-28,5.82,32.57,35.0,2020-12-11,5.82,CLOSED,32.57,126.0,28.0,100.0
-,ASX-QUB,2020-10-07,AUD,2.6,2021-06-01,3.08,18.46,20.0,2020-11-10,3.08,CLOSED,18.46,137.0,14.0,100.0
-,ASX-ORA,2020-10-07,AUD,2.44,2021-03-08,2.75,12.7,21.0,2020-10-23,2.75,CLOSED,12.7,200.0,11.0,100.0
-,ASX-SCP,2020-10-07,AUD,2.28,2020-12-25,2.41,5.7,18.0,2020-11-04,2.41,CLOSED,5.7,51.0,35.0,100.0
-,ASX-SCP,2020-10-07,AUD,2.28,2021-02-17,2.43,6.58,12.0,2020-11-04,2.43,CLOSED,6.58,59.0,21.0,100.0
-,ASX-SCP,2020-10-07,AUD,2.28,2021-02-15,2.43,6.58,13.0,2020-11-04,2.43,CLOSED,6.58,59.0,21.0,100.0
-,ASX-SCP,2020-10-07,AUD,2.28,2020-12-25,2.41,5.7,18.0,2020-11-04,2.41,CLOSED,5.7,51.0,35.0,100.0
-,ASX-BEN,2020-10-07,AUD,6.37,2021-08-21,7.13,11.93,9.0,2020-11-10,7.13,CLOSED,11.93,88.0,11.0,100.0
-,ASX-SGR,2020-10-07,AUD,3.26,2021-08-24,3.79,16.26,13.0,2020-11-10,3.79,CLOSED,16.26,121.0,11.0,100.0
-,ASX-A2M,2020-10-07,AUD,14.34,2020-12-09,16.25,13.32,53.0,2020-12-09,13.18,CLOSED,-8.09,-32.0,100.0,-61.0
-,ASX-IAG,2020-10-07,AUD,4.69,2021-07-19,5.21,11.09,10.0,2020-11-10,5.21,CLOSED,11.09,82.0,12.0,100.0
-,ASX-NSR,2020-10-07,AUD,1.87,2021-01-09,2.02,8.02,22.0,2020-12-09,2.02,CLOSED,8.02,32.0,67.0,100.0
-,ASX-TAH,2020-10-07,AUD,3.49,2021-09-26,4.07,16.62,12.0,2020-11-06,4.07,CLOSED,16.62,140.0,8.0,100.0
-,ASX-CBA,2020-10-07,AUD,67.57,2021-04-27,73.33,8.52,11.0,2020-11-11,73.33,CLOSED,8.52,61.0,17.0,100.0
-,ASX-BEN,2020-10-07,AUD,6.37,2021-06-22,6.94,8.95,9.0,2020-10-19,6.94,CLOSED,8.95,188.0,5.0,100.0
-,STW,2020-10-07,USD,56.14,2021-03-23,57.93,3.19,5.0,2020-10-19,57.93,CLOSED,3.19,67.0,7.0,100.0
-,INDEXASX-XJO,2020-10-07,USD,6036.4,2021-02-28,6236.81,3.32,6.0,2020-10-19,6236.81,CLOSED,3.32,70.0,8.0,100.0
-,ASX-CCL,2020-10-07,AUD,9.86,2021-08-11,11.15,13.08,11.0,2020-10-26,11.15,CLOSED,13.08,173.0,6.0,100.0
-,ASX-CQR,2020-10-07,AUD,3.62,2021-09-16,3.86,6.63,5.0,2020-10-16,3.86,CLOSED,6.63,186.0,3.0,100.0
-,STW,2020-10-07,USD,56.14,2021-02-27,57.64,2.67,5.0,2020-10-13,57.64,CLOSED,2.67,112.0,4.0,100.0
-,ASX-CNU,2020-10-07,AUD,8.19,2020-12-09,8.8,7.45,30.0,2020-12-09,7.54,CLOSED,-7.94,-32.0,100.0,-107.0
-,ASX-CBA,2020-10-07,AUD,67.57,2021-04-09,73.44,8.69,12.0,2020-11-11,73.44,CLOSED,8.69,63.0,19.0,100.0
-,ASX-NSR,2020-10-07,AUD,1.87,2020-11-16,1.92,2.67,17.0,2020-11-16,1.88,CLOSED,0.53,3.0,100.0,20.0
-,ASX-CGC,2020-10-07,AUD,3.67,2020-12-16,4.01,9.26,33.0,2020-11-17,4.01,CLOSED,9.26,57.0,59.0,100.0
-,INDEXASX-XJO,2020-10-07,USD,6036.4,2021-05-03,6352.71,5.24,6.0,2020-11-10,6352.71,CLOSED,5.24,39.0,16.0,100.0
-,ASX-SUN,2020-10-07,AUD,8.82,2021-09-23,9.67,9.64,7.0,2020-11-17,9.67,CLOSED,9.64,59.0,12.0,100.0
-,ASX-QUB,2020-10-07,AUD,2.6,2020-12-29,2.78,6.92,21.0,2020-10-12,2.78,CLOSED,6.92,349.0,6.0,100.0
-,ASX-ORA,2020-10-07,AUD,2.44,2021-01-13,2.6,6.56,17.0,2020-10-21,2.6,CLOSED,6.56,118.0,14.0,100.0
-,ASX-TAH,2020-10-07,AUD,3.49,2021-07-25,3.81,9.17,8.0,2020-11-06,3.81,CLOSED,9.17,77.0,10.0,100.0
-,ASX-ORA,2020-10-07,AUD,2.44,2020-11-24,2.57,5.33,28.0,2020-10-15,2.57,CLOSED,5.33,168.0,17.0,100.0
-,INDEXASX-XJO,2020-10-07,USD,6036.4,2020-12-10,6118.5,1.36,5.0,2020-10-08,6118.5,CLOSED,1.36,343.0,2.0,100.0
-,ASX-RHC,2020-10-07,AUD,68.0,2020-11-19,70.05,3.01,18.0,2020-11-10,70.05,CLOSED,3.01,22.0,79.0,100.0
-,ASX-BWP,2020-10-07,AUD,4.15,2021-02-17,4.35,4.82,9.0,2020-11-30,4.35,CLOSED,4.82,22.0,41.0,100.0
-,ASX-CBA,2020-10-07,AUD,67.57,2021-01-12,69.0,2.12,6.0,2020-10-13,69.0,CLOSED,2.12,89.0,6.0,100.0
-,ASX-MQG,2020-10-07,AUD,126.92,2021-06-14,139.1,9.6,10.0,2020-11-10,139.1,CLOSED,9.6,71.0,14.0,100.0
-,ASX-CBA,2020-10-07,AUD,67.57,2021-01-17,69.65,3.08,8.0,2020-10-13,69.65,CLOSED,3.08,129.0,6.0,100.0
-,ASX-CIM,2020-10-07,AUD,20.18,2021-08-29,23.23,15.11,12.0,2020-11-11,23.23,CLOSED,15.11,109.0,11.0,100.0
-,ASX-MQG,2020-10-07,AUD,126.92,2021-06-30,138.62,9.22,9.0,2020-11-10,138.62,CLOSED,9.22,68.0,13.0,100.0
-,1623.HK,2020-10-07,HKD,0.17,2021-03-09,0.27,58.82,97.0,2020-11-24,0.27,CLOSED,58.82,309.0,31.0,100.0
-,3303.HK,2020-10-07,HKD,0.52,2020-11-11,0.65,25.0,180.0,2020-11-11,0.48,CLOSED,-7.69,-55.0,100.0,-31.0
-,1299.HK,2020-10-07,HKD,79.95,2021-04-05,89.01,11.33,16.0,2020-11-11,89.01,CLOSED,11.33,82.0,19.0,100.0
-,0992.HK,2020-10-07,HKD,5.12,2021-06-20,5.65,10.35,10.0,2020-11-23,5.65,CLOSED,10.35,55.0,18.0,100.0
-,0778.HK,2020-10-07,HKD,6.49,2021-06-01,7.06,8.78,9.0,2020-11-11,7.06,CLOSED,8.78,63.0,15.0,100.0
-,0939.HK,2020-10-07,HKD,5.01,2020-12-09,5.37,7.19,29.0,2020-10-15,5.37,CLOSED,7.19,226.0,13.0,100.0
-,1299.HK,2020-10-07,HKD,79.95,2021-01-20,84.3,5.44,13.0,2020-11-10,84.3,CLOSED,5.44,40.0,32.0,100.0
-,0808.HK,2020-10-07,HKD,2.28,2021-03-11,2.46,7.89,13.0,2020-11-30,2.46,CLOSED,7.89,37.0,35.0,100.0
-,2388.HK,2020-10-07,HKD,21.15,2021-08-04,24.68,16.69,14.0,2020-11-11,24.68,CLOSED,16.69,120.0,12.0,100.0
-,0267.HK,2020-10-07,HKD,5.8,2020-11-24,6.28,8.28,43.0,2020-11-10,6.28,CLOSED,8.28,61.0,71.0,100.0
-,0992.HK,2020-10-07,HKD,5.12,2020-12-02,5.25,2.54,11.0,2020-10-13,5.25,CLOSED,2.54,107.0,11.0,100.0
-,0992.HK,2020-10-07,HKD,5.12,2020-12-11,5.32,3.91,15.0,2020-10-13,5.32,CLOSED,3.91,164.0,9.0,100.0
-,2338.HK,2020-10-07,HKD,16.3,2020-12-25,17.84,9.45,30.0,2020-11-24,17.84,CLOSED,9.45,50.0,61.0,100.0
-,3988.HK,2020-10-07,HKD,2.39,2020-12-07,2.59,8.37,35.0,2020-10-19,2.59,CLOSED,8.37,176.0,20.0,100.0
-,3988.HK,2020-10-07,HKD,2.39,2021-02-06,2.63,10.04,21.0,2020-10-19,2.63,CLOSED,10.04,211.0,10.0,100.0
-,TSLA,2020-10-07,USD,425.3,2021-08-23,579.81,36.33,29.0,2020-11-27,579.81,CLOSED,36.33,180.0,16.0,100.0
-,YUM,2020-10-07,USD,93.88,2021-05-05,104.14,10.93,13.0,2020-11-09,104.14,CLOSED,10.93,83.0,16.0,100.0
-,IYH,2020-10-07,USD,231.25,2021-01-05,238.6,3.18,9.0,2020-11-04,238.6,CLOSED,3.18,29.0,31.0,100.0
-,VHT,2020-10-07,USD,208.25,2021-01-01,214.33,2.92,9.0,2020-11-04,214.33,CLOSED,2.92,26.0,33.0,100.0
-,SBUX,2020-10-07,USD,88.45,2021-05-22,99.79,12.82,14.0,2020-12-03,99.79,CLOSED,12.82,57.0,25.0,100.0
-,YUM,2020-10-07,USD,93.88,2021-01-18,99.62,6.11,15.0,2020-10-15,99.62,CLOSED,6.11,192.0,8.0,100.0
-,IYH,2020-10-07,USD,231.25,2021-05-17,241.36,4.37,5.0,2020-11-09,241.36,CLOSED,4.37,33.0,15.0,100.0
-,VHT,2020-10-07,USD,208.25,2021-02-16,216.39,3.91,7.0,2020-11-04,216.39,CLOSED,3.91,35.0,21.0,100.0
-,TSLA,2020-10-07,USD,425.3,2021-06-26,549.32,29.16,28.0,2020-11-24,549.32,CLOSED,29.16,153.0,18.0,100.0
-,ASX-CGC,2020-10-07,AUD,3.67,2021-01-01,4.57,24.52,72.0,2020-12-11,4.01,OPEN,9.26,36.0,76.0,38.0
-,ASX-CGC,2020-10-07,AUD,3.67,2021-04-11,5.24,42.78,58.0,2020-12-11,4.01,OPEN,9.26,36.0,35.0,22.0
-,ASX-A2M,2020-10-07,AUD,14.34,2021-06-26,24.53,71.06,68.0,2020-12-11,13.06,OPEN,-8.93,-35.0,25.0,-13.0
-,ASX-A2M,2020-10-07,AUD,14.34,2020-12-12,16.83,17.36,66.0,2020-12-11,13.06,OPEN,-8.93,-35.0,98.0,-51.0
-,ASX-A2M,2020-10-07,AUD,14.34,2020-12-18,17.25,20.29,71.0,2020-12-11,13.06,OPEN,-8.93,-35.0,90.0,-44.0
-,ASX-A2M,2020-10-07,AUD,14.34,2021-02-09,18.29,27.55,56.0,2020-12-11,13.06,OPEN,-8.93,-35.0,52.0,-32.0
-,ASX-A2M,2020-10-07,AUD,14.34,2021-06-23,25.41,77.2,75.0,2020-12-11,13.06,OPEN,-8.93,-35.0,25.0,-12.0
-,ASX-CNU,2020-10-07,AUD,8.19,2021-06-23,10.37,26.62,26.0,2020-12-11,7.37,OPEN,-10.01,-39.0,25.0,-38.0
-,ASX-QUB,2020-10-07,AUD,2.6,2021-08-07,3.26,25.38,21.0,2020-12-11,2.89,OPEN,11.15,43.0,21.0,44.0
-,ASX-NSR,2020-10-07,AUD,1.87,2021-03-28,2.1,12.3,18.0,2020-12-11,2.04,OPEN,9.09,35.0,38.0,74.0
-,ASX-SYR,2020-10-07,AUD,0.47,2021-06-09,1.11,136.17,140.0,2020-12-11,0.905,OPEN,92.55,359.0,27.0,68.0
-,ASX-A2M,2020-10-07,AUD,14.34,2020-12-14,16.64,16.04,59.0,2020-12-11,13.06,OPEN,-8.93,-35.0,96.0,-56.0
-,ASX-A2M,2020-10-07,AUD,14.34,2021-02-26,18.05,25.87,46.0,2020-12-11,13.06,OPEN,-8.93,-35.0,46.0,-35.0
-,ASX-RHC,2020-10-07,AUD,68.0,2021-05-03,75.91,11.63,14.0,2020-12-11,63.24,OPEN,-7.0,-27.0,31.0,-60.0
-,ASX-DMP,2020-10-07,AUD,83.9,2021-06-28,102.14,21.74,21.0,2020-12-11,85.64,OPEN,2.07,8.0,25.0,10.0
-,ASX-CNU,2020-10-07,AUD,8.19,2021-03-27,9.42,15.02,22.0,2020-12-11,7.37,OPEN,-10.01,-39.0,38.0,-67.0
-,ASX-SAR,2020-10-07,AUD,5.94,2021-08-20,9.65,62.46,50.0,2020-12-11,4.66,OPEN,-21.55,-84.0,21.0,-35.0
-,ASX-GEM,2020-10-07,AUD,1.03,2021-03-21,1.56,51.46,79.0,2020-12-11,1.2,OPEN,16.5,64.0,39.0,32.0
-,ASX-BWP,2020-10-07,AUD,4.15,2021-04-06,4.46,7.47,10.0,2020-12-11,4.36,OPEN,5.06,20.0,36.0,68.0
-,ASX-DMP,2020-10-07,AUD,83.9,2021-07-28,107.45,28.07,24.0,2020-12-11,85.64,OPEN,2.07,8.0,22.0,7.0
-,ASX-GEM,2020-10-07,AUD,1.03,2021-03-08,1.35,31.07,52.0,2020-12-11,1.2,OPEN,16.5,64.0,43.0,53.0
-,ASX-MQG,2020-10-07,AUD,126.92,2021-06-29,145.31,14.49,14.0,2020-12-11,138.08,OPEN,8.79,34.0,25.0,61.0
-,ASX-RHC,2020-10-07,AUD,68.0,2021-02-09,72.15,6.1,12.0,2020-12-11,63.24,OPEN,-7.0,-27.0,52.0,-115.0
-,ASX-MQG,2020-10-07,AUD,126.92,2021-07-19,147.21,15.99,14.0,2020-12-11,138.08,OPEN,8.79,34.0,23.0,55.0
-,ASX-MYX,2020-10-07,AUD,0.32,2021-09-09,0.43,34.37,26.0,2020-12-11,0.37,OPEN,15.62,61.0,19.0,45.0
-,ASX-SHL,2020-10-07,AUD,34.02,2021-06-20,38.58,13.4,13.0,2020-12-11,32.72,OPEN,-3.82,-15.0,25.0,-29.0
-,0288.HK,2020-10-07,HKD,6.55,2021-03-26,7.57,15.57,23.0,2020-12-11,6.51,OPEN,-0.61,-2.0,38.0,-4.0
-,0288.HK,2020-10-07,HKD,6.55,2021-01-19,7.95,21.37,52.0,2020-12-11,6.51,OPEN,-0.61,-2.0,62.0,-3.0
-,3303.HK,2020-10-07,HKD,0.52,2021-07-27,1.01,94.23,81.0,2020-12-11,0.5,OPEN,-3.85,-15.0,22.0,-4.0
-,3898.HK,2020-10-07,HKD,29.25,2021-03-27,38.92,33.06,49.0,2020-12-11,24.6,OPEN,-15.9,-62.0,38.0,-48.0
-,3898.HK,2020-10-07,HKD,29.25,2021-03-17,42.32,44.68,70.0,2020-12-11,24.6,OPEN,-15.9,-62.0,40.0,-36.0
-,0778.HK,2020-10-07,HKD,6.49,2021-08-26,7.46,14.95,12.0,2020-12-11,7.24,OPEN,11.56,45.0,20.0,77.0
-,3988.HK,2020-10-07,HKD,2.39,2021-08-26,3.09,29.29,23.0,2020-12-11,2.66,OPEN,11.3,44.0,20.0,39.0
-,0808.HK,2020-10-07,HKD,2.28,2021-03-22,2.48,8.77,13.0,2020-12-11,2.45,OPEN,7.46,29.0,39.0,85.0
-,1038.HK,2020-10-07,HKD,37.15,2021-08-16,43.56,17.25,14.0,2020-12-11,39.95,OPEN,7.54,29.0,21.0,44.0
-,8206.HK,2020-10-07,HKD,0.1,2021-07-16,0.22,120.0,107.0,2020-12-11,0.08,OPEN,-20.0,-78.0,23.0,-17.0
-,0012.HK,2020-10-07,HKD,29.2,2021-09-26,34.25,17.29,12.0,2020-12-11,31.2,OPEN,6.85,27.0,18.0,40.0
-,0288.HK,2020-10-07,HKD,6.55,2021-01-06,6.91,5.5,15.0,2020-12-11,6.51,OPEN,-0.61,-2.0,71.0,-11.0
-,0880.HK,2020-10-07,HKD,9.06,2021-02-17,10.68,17.88,34.0,2020-12-11,9.2,OPEN,1.55,6.0,49.0,9.0
-,0696.HK,2020-10-07,HKD,17.12,2021-08-01,21.4,25.0,21.0,2020-12-11,18.58,OPEN,8.53,33.0,22.0,34.0
-,2018.HK,2020-10-07,HKD,44.95,2021-02-04,47.7,6.12,13.0,2020-12-11,41.2,OPEN,-8.34,-32.0,54.0,-136.0
-,0267.HK,2020-10-07,HKD,5.8,2021-01-30,7.3,25.86,57.0,2020-12-11,5.61,OPEN,-3.28,-13.0,57.0,-13.0
-,0861.HK,2020-10-07,HKD,6.5,2021-01-07,7.96,22.46,62.0,2020-12-11,6.5,OPEN,0.0,0.0,71.0,0.0
-,AAPL,2020-10-07,USD,115.08,2021-09-22,170.62,48.26,35.0,2020-12-11,122.41,OPEN,6.37,25.0,19.0,13.0
-,AAPL,2020-10-07,USD,115.08,2021-10-04,152.08,32.15,22.0,2020-12-11,122.41,OPEN,6.37,25.0,18.0,20.0
-,YUM,2020-10-07,USD,93.88,2021-07-30,109.59,16.73,14.0,2020-12-11,105.99,OPEN,12.9,50.0,22.0,77.0
-,PM,2020-10-07,USD,79.05,2021-07-09,87.68,10.92,10.0,2020-12-11,85.0,OPEN,7.53,29.0,24.0,69.0
-,AAPL,2020-10-07,USD,115.08,2021-07-20,145.85,26.74,24.0,2020-12-11,122.41,OPEN,6.37,25.0,23.0,24.0
-,UNP,2020-10-07,USD,204.62,2021-04-04,225.55,10.23,14.0,2020-12-11,203.06,OPEN,-0.76,-3.0,36.0,-7.0
-,KMB,2020-10-07,USD,150.85,2021-08-14,163.51,8.39,7.0,2020-12-11,136.0,OPEN,-9.84,-38.0,21.0,-117.0
-,AAPL,2020-10-07,USD,115.08,2021-08-07,147.46,28.14,23.0,2020-12-11,122.41,OPEN,6.37,25.0,21.0,23.0
-,SBUX,2020-10-07,USD,88.45,2021-09-28,107.6,21.65,15.0,2020-12-11,103.0,OPEN,16.45,64.0,18.0,76.0
-,UNP,2020-10-07,USD,204.62,2021-01-26,216.22,5.67,13.0,2020-12-11,203.06,OPEN,-0.76,-3.0,59.0,-13.0
-,AAPL,2020-10-07,USD,115.08,2021-07-01,145.39,26.34,25.0,2020-12-11,122.41,OPEN,6.37,25.0,24.0,24.0
-,VZ,2020-10-07,USD,59.61,2021-04-13,64.71,8.56,11.0,2020-12-11,60.35,OPEN,1.24,5.0,35.0,15.0
-,WY,2020-10-07,USD,29.52,2021-09-08,32.12,8.81,7.0,2020-12-11,32.0,OPEN,8.4,33.0,19.0,95.0
-,PM,2020-10-07,USD,79.05,2021-08-16,87.89,11.18,9.0,2020-12-11,85.0,OPEN,7.53,29.0,21.0,67.0
+,ASX-IGO,2020-10-08,AUD,4.43,2021-05-29,5.88,32.73,35.0,2020-12-11,5.88,CLOSED,32.73,129.0,27.0,100.0
-,ASX-SDF,2020-10-08,AUD,3.36,2021-02-17,3.7,10.12,19.0,2020-11-05,3.7,CLOSED,10.12,91.0,21.0,100.0
-,ASX-LNK,2020-10-08,AUD,4.01,2021-03-12,4.63,15.46,25.0,2020-10-12,4.63,CLOSED,15.46,974.0,3.0,100.0
-,ASX-LNK,2020-10-08,AUD,4.01,2021-03-28,4.62,15.21,22.0,2020-10-12,4.62,CLOSED,15.21,958.0,2.0,100.0
-,ASX-PGH,2020-10-08,AUD,2.33,2021-03-02,2.56,9.87,17.0,2020-11-10,2.56,CLOSED,9.87,75.0,23.0,100.0
-,ASX-TWE,2020-10-08,AUD,9.19,2021-01-30,10.42,13.38,30.0,2020-11-25,10.42,CLOSED,13.38,70.0,42.0,100.0
-,ASX-SDF,2020-10-08,AUD,3.36,2020-12-07,3.56,5.95,25.0,2020-10-14,3.56,CLOSED,5.95,250.0,10.0,100.0
-,ASX-TWE,2020-10-08,AUD,9.19,2021-02-23,10.42,13.38,24.0,2020-11-25,10.42,CLOSED,13.38,70.0,35.0,100.0
-,ASX-RMD,2020-10-08,AUD,24.32,2021-05-25,28.05,15.34,17.0,2020-10-30,28.05,CLOSED,15.34,176.0,10.0,100.0
-,ASX-S32,2020-10-08,AUD,2.18,2020-12-29,2.37,8.72,27.0,2020-11-23,2.37,CLOSED,8.72,48.0,56.0,100.0
-,ASX-CCP,2020-10-08,AUD,19.11,2021-03-11,22.2,16.17,26.0,2020-11-10,22.2,CLOSED,16.17,123.0,21.0,100.0
-,ASX-CCP,2020-10-08,AUD,19.11,2021-04-15,23.35,22.19,30.0,2020-11-17,23.35,CLOSED,22.19,140.0,21.0,100.0
-,ASX-S32,2020-10-08,AUD,2.18,2021-02-10,2.37,8.72,18.0,2020-11-23,2.37,CLOSED,8.72,48.0,37.0,100.0
-,STW,2020-10-08,USD,56.65,2021-03-24,58.36,3.02,5.0,2020-11-09,58.36,CLOSED,3.02,24.0,19.0,100.0
-,STW,2020-10-08,USD,56.65,2021-05-02,58.43,3.14,4.0,2020-11-09,58.43,CLOSED,3.14,25.0,16.0,100.0
-,ASX-TWE,2020-10-08,AUD,9.19,2020-12-09,9.61,4.57,19.0,2020-11-17,9.61,CLOSED,4.57,29.0,65.0,100.0
-,ASX-TWE,2020-10-08,AUD,9.19,2020-12-09,9.46,2.94,12.0,2020-10-15,9.46,CLOSED,2.94,106.0,11.0,100.0
-,ASX-IRE,2020-10-08,AUD,9.78,2021-01-03,10.29,5.21,15.0,2020-11-10,10.29,CLOSED,5.21,40.0,38.0,100.0
-,ASX-LLC,2020-10-08,AUD,11.95,2021-09-14,13.55,13.39,10.0,2020-11-10,13.55,CLOSED,13.39,102.0,10.0,100.0
-,1113.HK,2020-10-08,HKD,38.65,2021-04-13,43.94,13.69,18.0,2020-11-19,43.94,CLOSED,13.69,82.0,22.0,100.0
-,1113.HK,2020-10-08,HKD,38.65,2021-04-07,43.71,13.09,18.0,2020-11-18,43.71,CLOSED,13.09,80.0,23.0,100.0
-,3303.HK,2020-10-08,HKD,0.51,2020-11-12,0.63,23.53,169.0,2020-11-12,0.48,CLOSED,-5.88,-42.0,100.0,-25.0
-,3969.HK,2020-10-08,HKD,2.53,2021-09-09,2.82,11.46,9.0,2020-11-04,2.82,CLOSED,11.46,107.0,8.0,100.0
-,3969.HK,2020-10-08,HKD,2.53,2020-12-27,2.85,12.65,40.0,2020-11-04,2.85,CLOSED,12.65,118.0,34.0,100.0
-,3969.HK,2020-10-08,HKD,2.53,2021-09-20,2.92,15.42,11.0,2020-11-10,2.92,CLOSED,15.42,118.0,10.0,100.0
-,3969.HK,2020-10-08,HKD,2.53,2020-10-29,2.8,10.67,128.0,2020-10-29,2.52,CLOSED,-0.4,-5.0,100.0,-4.0
-,3969.HK,2020-10-08,HKD,2.53,2020-12-30,2.56,1.19,4.0,2020-10-09,2.56,CLOSED,1.19,300.0,1.0,100.0
-,3969.HK,2020-10-08,HKD,2.53,2021-03-14,2.56,1.19,2.0,2020-10-09,2.56,CLOSED,1.19,300.0,1.0,100.0
-,3969.HK,2020-10-08,HKD,2.53,2021-01-16,2.78,9.88,25.0,2020-11-03,2.78,CLOSED,9.88,96.0,26.0,100.0
-,0992.HK,2020-10-08,HKD,5.22,2021-06-21,5.76,10.34,10.0,2020-11-23,5.76,CLOSED,10.34,57.0,18.0,100.0
-,0386.HK,2020-10-08,HKD,3.17,2021-09-21,3.65,15.14,11.0,2020-11-11,3.65,CLOSED,15.14,112.0,10.0,100.0
-,2238.HK,2020-10-08,HKD,6.7,2021-08-04,8.85,32.09,27.0,2020-11-06,8.85,CLOSED,32.09,279.0,10.0,100.0
-,0166.HK,2020-10-08,HKD,0.04,2021-03-26,0.05,25.0,37.0,2020-10-21,0.05,CLOSED,25.0,485.0,8.0,100.0
-,0135.HK,2020-10-08,HKD,5.23,2021-03-26,6.05,15.68,23.0,2020-11-11,6.05,CLOSED,15.68,116.0,20.0,100.0
-,0992.HK,2020-10-08,HKD,5.22,2020-12-03,5.35,2.49,11.0,2020-10-13,5.35,CLOSED,2.49,125.0,9.0,100.0
-,0992.HK,2020-10-08,HKD,5.22,2020-12-12,5.43,4.02,16.0,2020-10-13,5.43,CLOSED,4.02,203.0,8.0,100.0
-,2382.HK,2020-10-08,HKD,129.2,2020-12-18,140.19,8.51,30.0,2020-11-03,140.19,CLOSED,8.51,82.0,37.0,100.0
-,1428.HK,2020-10-08,HKD,2.0,2020-12-20,2.23,11.5,40.0,2020-11-18,2.23,CLOSED,11.5,71.0,56.0,100.0
-,XAR,2020-10-08,USD,92.72,2021-08-26,105.2,13.46,11.0,2020-11-17,105.2,CLOSED,13.46,85.0,12.0,100.0
-,VTR,2020-10-08,USD,45.05,2021-04-06,49.86,10.68,15.0,2020-11-09,49.86,CLOSED,10.68,84.0,18.0,100.0
-,XAR,2020-10-08,USD,92.72,2021-01-03,97.43,5.08,15.0,2020-11-09,97.43,CLOSED,5.08,40.0,37.0,100.0
-,D,2020-10-08,USD,82.06,2021-06-15,86.39,5.28,5.0,2020-11-09,86.39,CLOSED,5.28,42.0,13.0,100.0
-,RIO,2020-10-08,USD,61.52,2021-06-19,72.48,17.82,18.0,2020-12-03,72.48,CLOSED,17.82,80.0,22.0,100.0
-,XLV,2020-10-08,USD,107.39,2021-07-21,113.83,6.0,5.0,2020-11-09,113.83,CLOSED,6.0,47.0,11.0,100.0
-,USB,2020-10-08,USD,39.5,2021-09-12,43.1,9.11,7.0,2020-11-09,43.1,CLOSED,9.11,72.0,9.0,100.0
-,HON,2020-10-08,USD,173.78,2021-03-31,183.46,5.57,8.0,2020-11-05,183.46,CLOSED,5.57,50.0,16.0,100.0
-,VTR,2020-10-08,USD,45.05,2021-02-08,47.61,5.68,12.0,2020-11-09,47.61,CLOSED,5.68,45.0,26.0,100.0
-,XAR,2020-10-08,USD,92.72,2021-01-29,97.88,5.57,12.0,2020-11-09,97.88,CLOSED,5.57,44.0,28.0,100.0
-,HON,2020-10-08,USD,173.78,2021-05-20,190.22,9.46,11.0,2020-11-09,190.22,CLOSED,9.46,74.0,14.0,100.0
-,XLV,2020-10-08,USD,107.39,2021-02-15,110.96,3.32,6.0,2020-11-04,110.96,CLOSED,3.32,31.0,21.0,100.0
-,XAR,2020-10-08,USD,92.72,2020-11-11,94.21,1.61,12.0,2020-11-09,94.21,CLOSED,1.61,13.0,94.0,100.0
-,OXY,2020-10-08,USD,11.18,2021-08-03,12.41,11.0,9.0,2020-11-09,12.41,CLOSED,11.0,87.0,11.0,100.0
-,CAT,2020-10-08,USD,156.66,2021-06-28,175.13,11.79,11.0,2020-11-09,175.13,CLOSED,11.79,93.0,12.0,100.0
-,D,2020-10-08,USD,82.06,2021-02-24,84.98,3.56,6.0,2020-11-04,84.98,CLOSED,3.56,33.0,19.0,100.0
-,HPQ,2020-10-08,USD,19.4,2021-08-17,21.26,9.59,8.0,2020-11-23,21.26,CLOSED,9.59,53.0,15.0,100.0
-,SLB,2020-10-08,USD,16.43,2021-08-20,18.14,10.41,8.0,2020-11-09,18.14,CLOSED,10.41,82.0,10.0,100.0
-,ASX-S32,2020-10-08,AUD,2.18,2021-05-19,2.98,36.7,41.0,2020-12-11,2.57,OPEN,17.89,70.0,29.0,49.0
-,ASX-SDF,2020-10-08,AUD,3.36,2021-06-06,4.15,23.51,25.0,2020-12-11,3.89,OPEN,15.77,62.0,27.0,67.0
-,ASX-TWE,2020-10-08,AUD,9.19,2021-02-17,10.95,19.15,37.0,2020-12-11,9.42,OPEN,2.5,10.0,48.0,13.0
-,ASX-MIN,2020-10-08,AUD,25.43,2021-08-28,37.37,46.95,37.0,2020-12-11,35.26,OPEN,38.66,152.0,20.0,82.0
-,ASX-NXT,2020-10-08,AUD,12.89,2021-06-23,15.62,21.18,21.0,2020-12-11,11.85,OPEN,-8.07,-32.0,25.0,-38.0
-,ASX-NXT,2020-10-08,AUD,12.89,2021-05-11,15.93,23.58,28.0,2020-12-11,11.85,OPEN,-8.07,-32.0,30.0,-34.0
-,ASX-IRE,2020-10-08,AUD,9.78,2021-07-10,11.85,21.17,19.0,2020-12-11,10.2,OPEN,4.29,17.0,23.0,20.0
-,ASX-IRE,2020-10-08,AUD,9.78,2021-07-12,11.21,14.62,13.0,2020-12-11,10.2,OPEN,4.29,17.0,23.0,29.0
-,ASX-TWE,2020-10-08,AUD,9.19,2021-01-24,10.75,16.97,40.0,2020-12-11,9.42,OPEN,2.5,10.0,59.0,15.0
-,ASX-JBH,2020-10-08,AUD,49.6,2021-07-09,63.92,28.87,27.0,2020-12-11,44.02,OPEN,-11.25,-44.0,23.0,-39.0
-,ASX-BGA,2020-10-08,AUD,5.36,2021-03-30,6.1,13.81,20.0,2020-12-11,5.32,OPEN,-0.75,-3.0,37.0,-5.0
-,ASX-WOW,2020-10-08,AUD,37.92,2021-10-05,41.72,10.02,7.0,2020-12-11,38.91,OPEN,2.61,10.0,18.0,26.0
-,ASX-WES,2020-10-08,AUD,46.75,2021-04-09,51.36,9.86,14.0,2020-12-11,49.59,OPEN,6.07,24.0,35.0,62.0
-,ASX-JBH,2020-10-08,AUD,49.6,2021-09-17,61.57,24.13,18.0,2020-12-11,44.02,OPEN,-11.25,-44.0,19.0,-47.0
-,ASX-WOW,2020-10-08,AUD,37.92,2021-09-28,41.32,8.97,6.0,2020-12-11,38.91,OPEN,2.61,10.0,18.0,29.0
-,0002.HK,2020-10-08,HKD,73.3,2021-07-12,86.09,17.45,16.0,2020-12-11,71.0,OPEN,-3.14,-12.0,23.0,-18.0
-,3303.HK,2020-10-08,HKD,0.51,2021-07-28,0.99,94.12,81.0,2020-12-11,0.5,OPEN,-1.96,-8.0,22.0,-2.0
-,3898.HK,2020-10-08,HKD,30.35,2021-03-28,40.38,33.05,49.0,2020-12-11,24.6,OPEN,-18.95,-75.0,37.0,-57.0
-,3898.HK,2020-10-08,HKD,30.35,2021-03-18,43.92,44.71,70.0,2020-12-11,24.6,OPEN,-18.95,-75.0,40.0,-42.0
-,2382.HK,2020-10-08,HKD,129.2,2021-06-24,188.5,45.9,45.0,2020-12-11,144.8,OPEN,12.07,48.0,25.0,26.0
-,0002.HK,2020-10-08,HKD,73.3,2021-03-04,77.7,6.0,10.0,2020-12-11,71.0,OPEN,-3.14,-12.0,44.0,-52.0
-,1428.HK,2020-10-08,HKD,2.0,2021-02-18,2.53,26.5,50.0,2020-12-11,1.97,OPEN,-1.5,-6.0,48.0,-6.0
-,2382.HK,2020-10-08,HKD,129.2,2021-04-05,177.17,37.13,52.0,2020-12-11,144.8,OPEN,12.07,48.0,36.0,33.0
-,0753.HK,2020-10-08,HKD,5.27,2021-09-30,7.01,33.02,23.0,2020-12-11,6.6,OPEN,25.24,99.0,18.0,76.0
-,8206.HK,2020-10-08,HKD,0.1,2021-07-17,0.22,120.0,107.0,2020-12-11,0.08,OPEN,-20.0,-79.0,23.0,-17.0
-,2238.HK,2020-10-08,HKD,6.7,2021-08-02,10.39,55.07,47.0,2020-12-11,7.99,OPEN,19.25,76.0,21.0,35.0
-,0880.HK,2020-10-08,HKD,8.79,2021-02-18,10.37,17.97,34.0,2020-12-11,9.2,OPEN,4.66,18.0,48.0,26.0
-,0002.HK,2020-10-08,HKD,73.3,2021-01-14,75.3,2.73,7.0,2020-12-11,71.0,OPEN,-3.14,-12.0,65.0,-115.0
-,0861.HK,2020-10-08,HKD,6.59,2021-06-19,7.57,14.87,15.0,2020-12-11,6.5,OPEN,-1.37,-5.0,25.0,-9.0
-,0861.HK,2020-10-08,HKD,6.59,2021-01-08,8.07,22.46,62.0,2020-12-11,6.5,OPEN,-1.37,-5.0,70.0,-6.0
-,JNJ,2020-10-08,USD,148.89,2021-06-05,160.52,7.81,8.0,2020-12-11,152.95,OPEN,2.73,11.0,27.0,35.0
-,IBM,2020-10-08,USD,131.49,2021-07-06,142.9,8.68,8.0,2020-12-11,124.27,OPEN,-5.49,-22.0,24.0,-63.0
-,VZ,2020-10-08,USD,59.19,2021-04-14,64.26,8.57,11.0,2020-12-11,60.35,OPEN,1.96,8.0,34.0,23.0
+,ASX-NSR,2020-10-09,AUD,1.86,2021-01-23,2.07,11.29,27.0,2020-12-11,2.07,CLOSED,11.29,45.0,59.0,100.0
-,ASX-NSR,2020-10-09,AUD,1.86,2020-11-14,2.04,9.68,68.0,2020-11-13,1.845,CLOSED,-0.81,-6.0,97.0,-8.0
-,ASX-SYR,2020-10-09,AUD,0.51,2021-06-01,1.05,105.88,114.0,2020-12-02,1.05,CLOSED,105.88,494.0,23.0,100.0
-,ASX-ABP,2020-10-09,AUD,2.94,2021-09-07,3.09,5.1,4.0,2020-11-06,3.09,CLOSED,5.1,46.0,8.0,100.0
-,ASX-ORG,2020-10-09,AUD,4.44,2021-08-12,5.05,13.74,11.0,2020-11-24,5.05,CLOSED,13.74,75.0,15.0,100.0
-,ASX-BOQ,2020-10-09,AUD,6.29,2021-07-13,6.95,10.49,10.0,2020-11-17,6.95,CLOSED,10.49,68.0,14.0,100.0
-,ASX-COH,2020-10-09,AUD,209.89,2021-06-20,229.22,9.21,9.0,2020-10-26,229.22,CLOSED,9.21,137.0,7.0,100.0
-,ASX-CSL,2020-10-09,AUD,295.32,2020-12-21,308.11,4.33,15.0,2020-11-10,308.11,CLOSED,4.33,34.0,44.0,100.0
-,ASX-WPL,2020-10-09,AUD,18.38,2021-09-20,20.6,12.08,9.0,2020-11-11,20.6,CLOSED,12.08,92.0,10.0,100.0
-,ASX-RIO,2020-10-09,AUD,97.5,2021-06-25,107.98,10.75,10.0,2020-12-03,107.98,CLOSED,10.75,49.0,21.0,100.0
-,ASX-COH,2020-10-09,AUD,209.89,2020-12-31,221.22,5.4,16.0,2020-10-20,221.22,CLOSED,5.4,124.0,13.0,100.0
-,ASX-WPL,2020-10-09,AUD,18.38,2021-10-06,20.35,10.72,7.0,2020-11-11,20.35,CLOSED,10.72,82.0,9.0,100.0
-,ASX-OZL,2020-10-09,AUD,14.56,2021-09-23,19.19,31.8,23.0,2020-12-07,19.19,CLOSED,31.8,136.0,17.0,100.0
-,ASX-CIM,2020-10-09,AUD,22.17,2021-08-12,25.38,14.48,12.0,2020-11-26,25.38,CLOSED,14.48,76.0,16.0,100.0
-,ASX-OZL,2020-10-09,AUD,14.56,2021-01-05,15.61,7.21,21.0,2020-10-22,15.61,CLOSED,7.21,140.0,15.0,100.0
-,ASX-CIM,2020-10-09,AUD,22.17,2021-05-08,25.47,14.88,18.0,2020-11-26,25.47,CLOSED,14.88,78.0,23.0,100.0
-,3303.HK,2020-10-09,HKD,0.5,2020-11-13,0.62,24.0,173.0,2020-11-13,0.48,CLOSED,-4.0,-29.0,100.0,-17.0
-,3969.HK,2020-10-09,HKD,2.56,2021-09-10,2.86,11.72,9.0,2020-11-10,2.86,CLOSED,11.72,92.0,10.0,100.0
-,3969.HK,2020-10-09,HKD,2.56,2020-12-28,2.89,12.89,41.0,2020-11-10,2.89,CLOSED,12.89,102.0,40.0,100.0
-,3969.HK,2020-10-09,HKD,2.56,2021-09-21,2.95,15.23,11.0,2020-11-10,2.95,CLOSED,15.23,120.0,9.0,100.0
-,3969.HK,2020-10-09,HKD,2.56,2020-10-30,2.83,10.55,127.0,2020-10-30,2.55,CLOSED,-0.39,-5.0,100.0,-4.0
-,3969.HK,2020-10-09,HKD,2.56,2020-12-31,2.59,1.17,4.0,2020-10-12,2.59,CLOSED,1.17,98.0,4.0,100.0
-,3969.HK,2020-10-09,HKD,2.56,2021-03-15,2.59,1.17,2.0,2020-10-12,2.59,CLOSED,1.17,98.0,2.0,100.0
-,0689.HK,2020-10-09,HKD,0.04,2021-09-16,0.06,50.0,37.0,2020-11-27,0.06,CLOSED,50.0,257.0,14.0,100.0
-,3969.HK,2020-10-09,HKD,2.56,2021-01-17,2.82,10.16,26.0,2020-11-04,2.82,CLOSED,10.16,98.0,26.0,100.0
-,2318.HK,2020-10-09,HKD,80.8,2021-04-23,94.28,16.68,21.0,2020-12-01,94.28,CLOSED,16.68,79.0,27.0,100.0
-,0992.HK,2020-10-09,HKD,5.12,2021-06-22,5.65,10.35,10.0,2020-11-23,5.65,CLOSED,10.35,58.0,18.0,100.0
-,0166.HK,2020-10-09,HKD,0.04,2021-03-27,0.05,25.0,37.0,2020-10-21,0.05,CLOSED,25.0,525.0,7.0,100.0
-,2328.HK,2020-10-09,HKD,5.29,2021-09-04,6.75,27.6,21.0,2020-11-30,6.75,CLOSED,27.6,134.0,16.0,100.0
-,0992.HK,2020-10-09,HKD,5.12,2020-12-04,5.25,2.54,11.0,2020-10-13,5.25,CLOSED,2.54,160.0,7.0,100.0
-,0992.HK,2020-10-09,HKD,5.12,2020-12-13,5.32,3.91,15.0,2020-10-13,5.32,CLOSED,3.91,246.0,6.0,100.0
-,2318.HK,2020-10-09,HKD,80.8,2020-12-31,87.22,7.95,24.0,2020-11-11,87.22,CLOSED,7.95,61.0,40.0,100.0
-,O,2020-10-09,USD,63.19,2020-10-23,64.09,1.42,26.0,2020-10-23,60.75,CLOSED,-3.86,-69.0,100.0,-271.0
-,GOOG,2020-10-09,USD,1515.22,2021-03-18,1752.96,15.69,25.0,2020-11-04,1752.96,CLOSED,15.69,152.0,16.0,100.0
-,GOOG,2020-10-09,USD,1515.22,2021-05-25,1780.99,17.54,19.0,2020-11-05,1780.99,CLOSED,17.54,164.0,12.0,100.0
-,TRV,2020-10-09,USD,115.83,2021-10-08,132.66,14.53,10.0,2020-11-09,132.66,CLOSED,14.53,118.0,9.0,100.0
-,SCCO,2020-10-09,USD,48.08,2021-06-30,58.83,22.36,21.0,2020-11-24,58.83,CLOSED,22.36,122.0,17.0,100.0
-,EOG,2020-10-09,USD,37.56,2021-05-25,42.68,13.63,15.0,2020-11-11,42.68,CLOSED,13.63,104.0,14.0,100.0
-,TRV,2020-10-09,USD,115.83,2021-05-27,124.42,7.42,8.0,2020-10-21,124.42,CLOSED,7.42,156.0,5.0,100.0
-,GOOG,2020-10-09,USD,1515.22,2020-12-14,1604.16,5.87,22.0,2020-10-21,1604.16,CLOSED,5.87,123.0,18.0,100.0
-,HAL,2020-10-09,USD,12.58,2021-07-11,15.1,20.03,18.0,2020-11-09,15.1,CLOSED,20.03,163.0,11.0,100.0
-,ITW,2020-10-09,USD,205.71,2021-01-14,214.88,4.46,12.0,2020-11-09,214.88,CLOSED,4.46,36.0,32.0,100.0
-,EQR,2020-10-09,USD,55.66,2021-05-21,60.73,9.11,10.0,2020-11-09,60.73,CLOSED,9.11,74.0,14.0,100.0
-,SPG,2020-10-09,USD,67.72,2021-04-21,73.98,9.24,12.0,2020-11-09,73.98,CLOSED,9.24,75.0,16.0,100.0
-,SPG,2020-10-09,USD,67.72,2021-04-21,73.98,9.24,12.0,2020-11-09,73.98,CLOSED,9.24,75.0,16.0,100.0
-,SCCO,2020-10-09,USD,48.08,2021-01-20,52.3,8.78,21.0,2020-10-27,52.3,CLOSED,8.78,123.0,17.0,100.0
-,AAPL,2020-10-09,USD,116.97,2020-12-18,123.94,5.96,21.0,2020-10-12,123.94,CLOSED,5.96,501.0,4.0,100.0
-,EMR,2020-10-09,USD,69.95,2021-09-01,75.13,7.41,6.0,2020-11-09,75.13,CLOSED,7.41,60.0,9.0,100.0
-,ASX-PGH,2020-10-09,AUD,2.39,2021-05-11,2.75,15.06,18.0,2020-12-11,2.53,OPEN,5.86,23.0,29.0,39.0
-,ASX-QUB,2020-10-09,AUD,2.75,2021-07-10,3.43,24.73,23.0,2020-12-11,2.89,OPEN,5.09,20.0,23.0,21.0
-,ASX-SYR,2020-10-09,AUD,0.51,2021-06-11,1.2,135.29,139.0,2020-12-11,0.905,OPEN,77.45,310.0,26.0,57.0
-,ASX-QUB,2020-10-09,AUD,2.75,2021-05-13,3.22,17.09,20.0,2020-12-11,2.89,OPEN,5.09,20.0,29.0,30.0
-,ASX-CSL,2020-10-09,AUD,295.32,2021-04-18,325.27,10.14,13.0,2020-12-11,291.53,OPEN,-1.28,-5.0,33.0,-13.0
-,ASX-CSL,2020-10-09,AUD,295.32,2021-06-12,323.61,9.58,10.0,2020-12-11,291.53,OPEN,-1.28,-5.0,26.0,-13.0
-,ASX-COH,2020-10-09,AUD,209.89,2021-08-16,252.29,20.2,16.0,2020-12-11,199.52,OPEN,-4.94,-20.0,20.0,-24.0
-,ASX-NWS,2020-10-09,AUD,19.96,2021-09-22,30.04,50.5,37.0,2020-12-11,24.05,OPEN,20.49,82.0,18.0,41.0
-,ASX-CMW,2020-10-09,AUD,0.89,2021-07-13,1.24,39.33,36.0,2020-12-11,0.905,OPEN,1.69,7.0,23.0,4.0
-,ASX-NUF,2020-10-09,AUD,4.01,2021-09-19,4.64,15.71,11.0,2020-12-11,4.25,OPEN,5.99,24.0,18.0,38.0
-,ASX-BRG,2020-10-09,AUD,27.19,2021-07-05,31.6,16.22,15.0,2020-12-11,23.89,OPEN,-12.14,-49.0,23.0,-75.0
-,ASX-BRG,2020-10-09,AUD,27.19,2021-06-13,31.91,17.36,18.0,2020-12-11,23.89,OPEN,-12.14,-49.0,26.0,-70.0
-,3303.HK,2020-10-09,HKD,0.5,2021-07-29,0.97,94.0,81.0,2020-12-11,0.5,OPEN,0.0,0.0,22.0,0.0
-,3898.HK,2020-10-09,HKD,27.75,2021-03-29,36.92,33.05,49.0,2020-12-11,24.6,OPEN,-11.35,-45.0,37.0,-34.0
-,3898.HK,2020-10-09,HKD,27.75,2021-03-19,40.15,44.68,70.0,2020-12-11,24.6,OPEN,-11.35,-45.0,39.0,-25.0
-,0689.HK,2020-10-09,HKD,0.04,2021-04-25,0.32,700.0,891.0,2020-12-11,0.09,OPEN,125.0,500.0,32.0,18.0
-,0689.HK,2020-10-09,HKD,0.04,2021-01-25,0.2,400.0,933.0,2020-12-11,0.09,OPEN,125.0,500.0,58.0,31.0
-,0689.HK,2020-10-09,HKD,0.04,2021-03-21,0.21,425.0,657.0,2020-12-11,0.09,OPEN,125.0,500.0,39.0,29.0
-,2318.HK,2020-10-09,HKD,80.8,2021-05-08,105.92,31.09,37.0,2020-12-11,92.7,OPEN,14.73,59.0,30.0,47.0
-,2007.HK,2020-10-09,HKD,9.96,2021-07-16,12.11,21.59,19.0,2020-12-11,10.08,OPEN,1.2,5.0,22.0,6.0
-,2386.HK,2020-10-09,HKD,3.09,2021-07-12,3.57,15.53,14.0,2020-12-11,3.36,OPEN,8.74,35.0,23.0,56.0
-,8206.HK,2020-10-09,HKD,0.1,2021-07-18,0.22,120.0,107.0,2020-12-11,0.08,OPEN,-20.0,-80.0,22.0,-17.0
-,0880.HK,2020-10-09,HKD,8.66,2021-02-19,10.21,17.9,34.0,2020-12-11,9.2,OPEN,6.24,25.0,47.0,35.0
-,0861.HK,2020-10-09,HKD,6.5,2021-01-09,7.96,22.46,62.0,2020-12-11,6.5,OPEN,0.0,0.0,68.0,0.0
-,V,2020-10-09,USD,206.64,2021-08-20,279.48,35.25,28.0,2020-12-11,206.24,OPEN,-0.19,-1.0,20.0,-1.0
-,AAPL,2020-10-09,USD,116.97,2021-09-24,173.42,48.26,35.0,2020-12-11,122.41,OPEN,4.65,19.0,18.0,10.0
-,V,2020-10-09,USD,206.64,2020-12-19,224.23,8.51,30.0,2020-12-11,206.24,OPEN,-0.19,-1.0,89.0,-2.0
-,V,2020-10-09,USD,206.64,2020-12-17,226.17,9.45,35.0,2020-12-11,206.24,OPEN,-0.19,-1.0,91.0,-2.0
-,AAPL,2020-10-09,USD,116.97,2021-10-06,154.58,32.15,22.0,2020-12-11,122.41,OPEN,4.65,19.0,17.0,14.0
-,ITW,2020-10-09,USD,205.71,2021-04-13,230.19,11.9,16.0,2020-12-11,203.56,OPEN,-1.05,-4.0,34.0,-9.0
-,AAPL,2020-10-09,USD,116.97,2021-03-27,134.52,15.0,22.0,2020-12-11,122.41,OPEN,4.65,19.0,37.0,31.0
-,ITW,2020-10-09,USD,205.71,2021-08-28,237.9,15.65,12.0,2020-12-11,203.56,OPEN,-1.05,-4.0,20.0,-7.0
-,AAPL,2020-10-09,USD,116.97,2021-08-09,149.89,28.14,23.0,2020-12-11,122.41,OPEN,4.65,19.0,21.0,17.0
-,AAPL,2020-10-09,USD,116.97,2021-04-27,141.1,20.63,26.0,2020-12-11,122.41,OPEN,4.65,19.0,32.0,23.0
-,VZ,2020-10-09,USD,59.33,2021-04-15,64.41,8.56,11.0,2020-12-11,60.35,OPEN,1.72,7.0,34.0,20.0
-,MSFT,2020-10-09,USD,215.81,2021-08-02,231.72,7.37,6.0,2020-12-11,213.26,OPEN,-1.18,-5.0,21.0,-16.0
-,ASX-RMD,2020-10-12,AUD,24.63,2021-05-10,28.15,14.29,17.0,2020-11-04,28.15,CLOSED,14.29,157.0,11.0,100.0
-,ASX-IAG,2020-10-12,AUD,4.79,2021-07-30,5.34,11.48,10.0,2020-11-11,5.34,CLOSED,11.48,96.0,10.0,100.0
-,ASX-ORE,2020-10-12,AUD,2.88,2020-12-24,3.16,9.72,34.0,2020-11-17,3.16,CLOSED,9.72,68.0,49.0,100.0
-,1623.HK,2020-10-12,HKD,0.17,2021-03-04,0.27,58.82,104.0,2020-11-24,0.27,CLOSED,58.82,345.0,30.0,100.0
-,3969.HK,2020-10-12,HKD,2.65,2020-12-31,2.99,12.83,40.0,2020-11-11,2.99,CLOSED,12.83,108.0,38.0,100.0
-,3969.HK,2020-10-12,HKD,2.65,2020-11-02,2.93,10.57,127.0,2020-11-02,2.64,CLOSED,-0.38,-5.0,100.0,-4.0
-,3969.HK,2020-10-12,HKD,2.65,2021-01-03,2.68,1.13,3.0,2020-10-19,2.68,CLOSED,1.13,41.0,8.0,100.0
-,3969.HK,2020-10-12,HKD,2.65,2021-03-18,2.68,1.13,2.0,2020-10-19,2.68,CLOSED,1.13,41.0,4.0,100.0
-,0992.HK,2020-10-12,HKD,5.17,2021-06-25,5.71,10.44,10.0,2020-11-23,5.71,CLOSED,10.44,63.0,16.0,100.0
-,0808.HK,2020-10-12,HKD,2.29,2021-03-16,2.47,7.86,13.0,2020-12-02,2.47,CLOSED,7.86,39.0,33.0,100.0
-,0166.HK,2020-10-12,HKD,0.04,2021-03-30,0.05,25.0,37.0,2020-10-21,0.05,CLOSED,25.0,700.0,5.0,100.0
-,0267.HK,2020-10-12,HKD,5.86,2020-11-29,6.34,8.19,43.0,2020-11-11,6.34,CLOSED,8.19,69.0,62.0,100.0
-,0992.HK,2020-10-12,HKD,5.17,2020-12-07,5.3,2.51,11.0,2020-10-13,5.3,CLOSED,2.51,633.0,2.0,100.0
-,0992.HK,2020-10-12,HKD,5.17,2020-12-16,5.37,3.87,15.0,2020-10-13,5.37,CLOSED,3.87,975.0,2.0,100.0
-,2883.HK,2020-10-12,HKD,5.69,2021-01-03,6.13,7.73,23.0,2020-11-23,6.13,CLOSED,7.73,46.0,51.0,100.0
-,0700.HK,2020-10-12,HKD,557.0,2020-12-13,592.43,6.36,26.0,2020-10-28,592.43,CLOSED,6.36,100.0,26.0,100.0
-,0435.HK,2020-10-12,HKD,3.49,2021-02-24,3.66,4.87,9.0,2020-11-10,3.66,CLOSED,4.87,42.0,21.0,100.0
-,TSLA,2020-10-12,USD,442.3,2021-07-28,595.78,34.7,30.0,2020-11-27,595.78,CLOSED,34.7,190.0,16.0,100.0
-,ESS,2020-10-12,USD,216.95,2021-03-17,232.38,7.11,11.0,2020-11-09,232.38,CLOSED,7.11,64.0,18.0,100.0
-,PRU,2020-10-12,USD,69.19,2021-08-18,80.41,16.22,13.0,2020-12-04,80.41,CLOSED,16.22,77.0,17.0,100.0
-,ESS,2020-10-12,USD,216.95,2021-08-11,243.96,12.45,10.0,2020-11-09,243.96,CLOSED,12.45,112.0,9.0,100.0
-,BAC,2020-10-12,USD,25.68,2021-08-30,28.42,10.67,8.0,2020-11-24,28.42,CLOSED,10.67,63.0,13.0,100.0
-,ESS,2020-10-12,USD,216.95,2021-02-21,225.15,3.78,7.0,2020-11-03,225.15,CLOSED,3.78,43.0,17.0,100.0
-,TSLA,2020-10-12,USD,442.3,2021-05-29,567.96,28.41,31.0,2020-11-25,567.96,CLOSED,28.41,163.0,19.0,100.0
-,PRU,2020-10-12,USD,69.19,2021-02-13,73.38,6.06,12.0,2020-11-09,73.38,CLOSED,6.06,55.0,23.0,100.0
-,CHU,2020-10-12,USD,6.98,2021-09-21,7.71,10.46,8.0,2020-10-21,7.71,CLOSED,10.46,293.0,3.0,100.0
-,C,2020-10-12,USD,45.88,2021-09-12,48.44,5.58,4.0,2020-11-09,48.44,CLOSED,5.58,50.0,8.0,100.0
-,ASX-IRE,2020-10-12,AUD,10.09,2021-07-16,12.21,21.01,19.0,2020-12-11,10.2,OPEN,1.09,5.0,22.0,5.0
-,ASX-IRE,2020-10-12,AUD,10.09,2021-08-08,11.51,14.07,12.0,2020-12-11,10.2,OPEN,1.09,5.0,20.0,8.0
-,3898.HK,2020-10-12,HKD,27.2,2021-04-01,36.19,33.05,49.0,2020-12-11,24.6,OPEN,-9.56,-40.0,35.0,-29.0
-,3898.HK,2020-10-12,HKD,27.2,2021-03-22,39.36,44.71,70.0,2020-12-11,24.6,OPEN,-9.56,-40.0,37.0,-21.0
-,3969.HK,2020-10-12,HKD,2.65,2021-09-24,3.06,15.47,11.0,2020-12-11,2.65,OPEN,0.0,0.0,17.0,0.0
-,0435.HK,2020-10-12,HKD,3.49,2021-07-22,4.04,15.76,14.0,2020-12-11,3.81,OPEN,9.17,39.0,21.0,58.0
-,0435.HK,2020-10-12,HKD,3.49,2021-06-07,3.99,14.33,15.0,2020-12-11,3.81,OPEN,9.17,39.0,25.0,64.0
-,0700.HK,2020-10-12,HKD,557.0,2021-04-02,704.22,26.43,39.0,2020-12-11,588.0,OPEN,5.57,23.0,35.0,21.0
-,0700.HK,2020-10-12,HKD,557.0,2021-03-05,697.03,25.14,44.0,2020-12-11,588.0,OPEN,5.57,23.0,42.0,22.0
-,0066.HK,2020-10-12,HKD,39.1,2021-07-31,45.93,17.47,15.0,2020-12-11,43.35,OPEN,10.87,46.0,21.0,62.0
-,0808.HK,2020-10-12,HKD,2.29,2021-03-27,2.49,8.73,13.0,2020-12-11,2.45,OPEN,6.99,29.0,36.0,80.0
-,2883.HK,2020-10-12,HKD,5.69,2021-07-02,7.52,32.16,31.0,2020-12-11,5.84,OPEN,2.64,11.0,23.0,8.0
-,0083.HK,2020-10-12,HKD,9.95,2021-08-22,11.17,12.26,10.0,2020-12-11,10.56,OPEN,6.13,26.0,19.0,50.0
-,8206.HK,2020-10-12,HKD,0.1,2021-07-21,0.22,120.0,107.0,2020-12-11,0.08,OPEN,-20.0,-84.0,21.0,-17.0
-,2328.HK,2020-10-12,HKD,5.38,2021-09-07,6.86,27.51,21.0,2020-12-11,6.01,OPEN,11.71,49.0,18.0,43.0
-,0173.HK,2020-10-12,HKD,3.84,2021-09-06,4.87,26.82,21.0,2020-12-11,3.85,OPEN,0.26,1.0,18.0,1.0
-,0880.HK,2020-10-12,HKD,8.72,2021-02-22,10.28,17.89,34.0,2020-12-11,9.2,OPEN,5.5,23.0,45.0,31.0
-,0267.HK,2020-10-12,HKD,5.86,2021-02-04,7.38,25.94,57.0,2020-12-11,5.61,OPEN,-4.27,-18.0,52.0,-16.0
-,AAPL,2020-10-12,USD,124.4,2021-09-27,184.44,48.26,35.0,2020-12-11,122.41,OPEN,-1.6,-7.0,17.0,-3.0
-,AAPL,2020-10-12,USD,124.4,2021-10-09,164.39,32.15,22.0,2020-12-11,122.41,OPEN,-1.6,-7.0,17.0,-5.0
-,ORCL,2020-10-12,USD,61.46,2021-09-09,70.88,15.33,12.0,2020-12-11,60.61,OPEN,-1.38,-6.0,18.0,-9.0
-,NDAQ,2020-10-12,USD,126.38,2021-07-21,149.87,18.59,17.0,2020-12-11,125.67,OPEN,-0.56,-2.0,21.0,-3.0
-,AAPL,2020-10-12,USD,124.4,2021-08-12,159.41,28.14,23.0,2020-12-11,122.41,OPEN,-1.6,-7.0,20.0,-6.0
-,KO,2020-10-12,USD,51.09,2021-09-29,56.11,9.83,7.0,2020-12-11,53.35,OPEN,4.42,19.0,17.0,45.0
-,KO,2020-10-12,USD,51.09,2021-06-13,54.66,6.99,7.0,2020-12-11,53.35,OPEN,4.42,19.0,25.0,63.0
-,VZ,2020-10-12,USD,59.55,2021-04-18,64.65,8.56,11.0,2020-12-11,60.35,OPEN,1.34,6.0,32.0,16.0
-,ASX-SDF,2020-10-13,AUD,3.5,2021-02-06,3.85,10.0,22.0,2020-11-10,3.85,CLOSED,10.0,90.0,24.0,100.0
-,ASX-SDF,2020-10-13,AUD,3.5,2020-12-10,3.73,6.57,29.0,2020-11-05,3.73,CLOSED,6.57,72.0,40.0,100.0
-,ASX-BOQ,2020-10-13,AUD,6.4,2021-06-22,7.07,10.47,10.0,2020-11-17,7.07,CLOSED,10.47,75.0,14.0,100.0
-,ASX-ABP,2020-10-13,AUD,2.94,2021-09-11,3.09,5.1,4.0,2020-11-06,3.09,CLOSED,5.1,54.0,7.0,100.0
-,ASX-BOQ,2020-10-13,AUD,6.4,2020-12-29,6.65,3.91,13.0,2020-10-15,6.65,CLOSED,3.91,493.0,3.0,100.0
-,ASX-SDF,2020-10-13,AUD,3.5,2021-07-02,4.38,25.14,24.0,2020-12-11,3.89,OPEN,11.14,48.0,23.0,44.0
-,ASX-IPH,2020-10-13,AUD,7.33,2021-08-26,8.8,20.05,16.0,2020-12-11,6.56,OPEN,-10.5,-45.0,19.0,-52.0
-,ASX-AGL,2020-10-13,AUD,13.59,2021-02-09,14.51,6.77,14.0,2020-12-11,13.33,OPEN,-1.91,-8.0,50.0,-28.0
-,ASX-IPH,2020-10-13,AUD,7.33,2021-03-24,8.37,14.19,22.0,2020-12-11,6.56,OPEN,-10.5,-45.0,36.0,-74.0
-,ASX-NSR,2020-10-14,AUD,1.89,2021-01-19,2.06,8.99,23.0,2020-12-09,2.06,CLOSED,8.99,40.0,58.0,100.0
-,ASX-LLC,2020-10-14,AUD,12.21,2021-08-21,14.34,17.44,14.0,2020-11-11,14.34,CLOSED,17.44,157.0,9.0,100.0
-,ASX-NAN,2020-10-14,AUD,5.74,2021-07-13,6.92,20.56,19.0,2020-12-07,6.92,CLOSED,20.56,96.0,20.0,100.0
-,ASX-ORI,2020-10-14,AUD,16.43,2020-12-31,17.31,5.36,17.0,2020-11-25,17.31,CLOSED,5.36,32.0,54.0,100.0
-,ASX-NSR,2020-10-14,AUD,1.89,2020-11-21,1.93,2.12,14.0,2020-11-20,1.86,CLOSED,-1.59,-11.0,97.0,-75.0
-,2588.HK,2020-10-14,HKD,52.55,2021-03-12,62.0,17.98,30.0,2020-11-10,62.0,CLOSED,17.98,168.0,18.0,100.0
-,2588.HK,2020-10-14,HKD,52.55,2021-03-15,60.25,14.65,24.0,2020-11-10,60.25,CLOSED,14.65,137.0,18.0,100.0
-,2318.HK,2020-10-14,HKD,82.7,2021-02-06,96.15,16.26,36.0,2020-12-04,96.15,CLOSED,16.26,80.0,44.0,100.0
-,0435.HK,2020-10-14,HKD,3.48,2021-04-02,3.82,9.77,14.0,2020-12-01,3.82,CLOSED,9.77,51.0,28.0,100.0
-,0778.HK,2020-10-14,HKD,6.55,2021-04-20,7.24,10.53,14.0,2020-12-04,7.24,CLOSED,10.53,52.0,27.0,100.0
-,0435.HK,2020-10-14,HKD,3.48,2021-05-29,3.86,10.92,12.0,2020-12-01,3.86,CLOSED,10.92,57.0,21.0,100.0
-,0778.HK,2020-10-14,HKD,6.55,2021-04-03,6.99,6.72,10.0,2020-11-11,6.99,CLOSED,6.72,60.0,16.0,100.0
-,0762.HK,2020-10-14,HKD,5.51,2020-11-09,5.83,5.81,56.0,2020-10-21,5.83,CLOSED,5.81,209.0,27.0,100.0
-,2588.HK,2020-10-14,HKD,52.55,2021-01-01,54.63,3.96,13.0,2020-10-23,54.63,CLOSED,3.96,111.0,11.0,100.0
-,2382.HK,2020-10-14,HKD,128.9,2020-12-19,143.57,11.38,43.0,2020-11-03,143.57,CLOSED,11.38,143.0,30.0,100.0
-,0166.HK,2020-10-14,HKD,0.04,2021-04-01,0.05,25.0,37.0,2020-10-21,0.05,CLOSED,25.0,900.0,4.0,100.0
-,1881.HK,2020-10-14,HKD,1.17,2021-05-19,1.31,11.97,14.0,2020-11-11,1.31,CLOSED,11.97,108.0,13.0,100.0
-,0992.HK,2020-10-14,HKD,5.4,2020-12-09,5.54,2.59,12.0,2020-11-20,5.54,CLOSED,2.59,18.0,66.0,100.0
-,0992.HK,2020-10-14,HKD,5.4,2020-12-18,5.61,3.89,15.0,2020-11-23,5.61,CLOSED,3.89,25.0,62.0,100.0
-,ASX-SDA,2020-10-14,AUD,0.79,2021-09-10,1.01,27.85,21.0,2020-12-11,0.79,OPEN,0.0,0.0,18.0,0.0
-,ASX-SDA,2020-10-14,AUD,0.79,2021-09-13,0.9,13.92,11.0,2020-12-11,0.79,OPEN,0.0,0.0,17.0,0.0
-,ASX-RFG,2020-10-14,AUD,0.1,2021-01-21,0.12,20.0,51.0,2020-12-11,0.096,OPEN,-4.0,-17.0,59.0,-20.0
-,ASX-RFG,2020-10-14,AUD,0.1,2021-03-06,0.12,20.0,35.0,2020-12-11,0.096,OPEN,-4.0,-17.0,41.0,-20.0
-,ASX-NSR,2020-10-14,AUD,1.89,2021-04-28,2.14,13.23,17.0,2020-12-11,2.04,OPEN,7.94,34.0,30.0,60.0
-,ASX-SDA,2020-10-14,AUD,0.79,2021-08-28,0.98,24.05,19.0,2020-12-11,0.79,OPEN,0.0,0.0,18.0,0.0
-,ASX-NAN,2020-10-14,AUD,5.74,2021-09-21,8.3,44.6,33.0,2020-12-11,7.08,OPEN,23.34,101.0,17.0,52.0
-,ASX-NCM,2020-10-14,AUD,31.48,2021-09-03,36.69,16.55,13.0,2020-12-11,27.05,OPEN,-14.07,-61.0,18.0,-85.0
-,ASX-ORI,2020-10-14,AUD,16.43,2021-08-04,18.63,13.39,11.0,2020-12-11,15.59,OPEN,-5.11,-22.0,20.0,-38.0
-,ASX-SDA,2020-10-14,AUD,0.79,2021-09-22,0.89,12.66,9.0,2020-12-11,0.79,OPEN,0.0,0.0,17.0,0.0
-,ASX-OZL,2020-10-14,AUD,14.71,2021-10-13,20.75,41.06,28.0,2020-12-11,18.73,OPEN,27.33,119.0,16.0,67.0
-,2382.HK,2020-10-14,HKD,128.9,2021-04-14,188.39,46.15,64.0,2020-12-11,144.8,OPEN,12.34,54.0,32.0,27.0
-,2382.HK,2020-10-14,HKD,128.9,2021-06-29,209.2,62.3,61.0,2020-12-11,144.8,OPEN,12.34,54.0,22.0,20.0
-,0762.HK,2020-10-14,HKD,5.51,2021-09-10,7.31,32.67,25.0,2020-12-11,4.33,OPEN,-21.42,-93.0,18.0,-66.0
-,2318.HK,2020-10-14,HKD,82.7,2021-03-03,111.92,35.33,64.0,2020-12-11,92.7,OPEN,12.09,53.0,41.0,34.0
-,3303.HK,2020-10-14,HKD,0.51,2021-08-03,0.99,94.12,81.0,2020-12-11,0.5,OPEN,-1.96,-9.0,20.0,-2.0
-,0992.HK,2020-10-14,HKD,5.4,2021-06-27,5.96,10.37,10.0,2020-12-11,5.89,OPEN,9.07,39.0,23.0,87.0
-,0762.HK,2020-10-14,HKD,5.51,2021-07-18,6.16,11.8,11.0,2020-12-11,4.33,OPEN,-21.42,-93.0,21.0,-182.0
-,8206.HK,2020-10-14,HKD,0.1,2021-07-23,0.22,120.0,107.0,2020-12-11,0.08,OPEN,-20.0,-87.0,21.0,-17.0
-,3808.HK,2020-10-14,HKD,20.1,2021-03-10,23.88,18.81,32.0,2020-12-11,19.02,OPEN,-5.37,-23.0,39.0,-29.0
-,AAPL,2020-10-14,USD,121.19,2021-09-29,179.68,48.26,35.0,2020-12-11,122.41,OPEN,1.01,4.0,17.0,2.0
-,VZ,2020-10-14,USD,58.43,2021-04-20,63.43,8.56,11.0,2020-12-11,60.35,OPEN,3.29,14.0,31.0,38.0
-,ASX-MTS,2020-10-15,AUD,3.02,2021-09-19,3.39,12.25,9.0,2020-12-07,3.39,CLOSED,12.25,58.0,16.0,100.0
-,0689.HK,2020-10-15,HKD,0.04,2021-09-22,0.06,50.0,37.0,2020-11-27,0.06,CLOSED,50.0,293.0,13.0,100.0
-,0992.HK,2020-10-15,HKD,5.26,2021-06-28,5.81,10.46,10.0,2020-11-26,5.81,CLOSED,10.46,63.0,16.0,100.0
-,0689.HK,2020-10-15,HKD,0.04,2021-02-26,0.07,75.0,141.0,2020-12-01,0.07,CLOSED,75.0,402.0,35.0,100.0
-,0166.HK,2020-10-15,HKD,0.04,2021-04-02,0.05,25.0,37.0,2020-10-21,0.05,CLOSED,25.0,1050.0,4.0,100.0
-,0992.HK,2020-10-15,HKD,5.26,2020-12-10,5.4,2.66,12.0,2020-11-04,5.4,CLOSED,2.66,34.0,36.0,100.0
-,0992.HK,2020-10-15,HKD,5.26,2020-12-19,5.47,3.99,15.0,2020-11-06,5.47,CLOSED,3.99,46.0,34.0,100.0
-,SNP,2020-10-15,USD,38.97,2020-12-08,41.16,5.62,26.0,2020-10-23,41.16,CLOSED,5.62,177.0,15.0,100.0
-,SNP,2020-10-15,USD,38.97,2021-05-07,43.3,11.11,14.0,2020-11-09,43.3,CLOSED,11.11,112.0,12.0,100.0
-,CCI,2020-10-15,USD,168.14,2020-11-21,172.34,2.5,17.0,2020-11-20,166.97,CLOSED,-0.7,-5.0,97.0,-28.0
-,ASX-SDA,2020-10-15,AUD,0.79,2021-09-11,1.01,27.85,21.0,2020-12-11,0.79,OPEN,0.0,0.0,17.0,0.0
-,ASX-SDA,2020-10-15,AUD,0.79,2021-09-14,0.9,13.92,11.0,2020-12-11,0.79,OPEN,0.0,0.0,17.0,0.0
-,ASX-SDA,2020-10-15,AUD,0.79,2021-08-29,0.98,24.05,19.0,2020-12-11,0.79,OPEN,0.0,0.0,18.0,0.0
-,ASX-BWP,2020-10-15,AUD,4.19,2021-04-05,4.45,6.21,9.0,2020-12-11,4.36,OPEN,4.06,18.0,33.0,65.0
-,ASX-BWP,2020-10-15,AUD,4.19,2021-03-05,4.43,5.73,10.0,2020-12-11,4.36,OPEN,4.06,18.0,40.0,71.0
-,ASX-SDA,2020-10-15,AUD,0.79,2021-09-23,0.89,12.66,9.0,2020-12-11,0.79,OPEN,0.0,0.0,17.0,0.0
-,0002.HK,2020-10-15,HKD,73.25,2021-07-14,86.31,17.83,17.0,2020-12-11,71.0,OPEN,-3.07,-14.0,21.0,-17.0
-,3303.HK,2020-10-15,HKD,0.51,2021-08-04,0.99,94.12,81.0,2020-12-11,0.5,OPEN,-1.96,-9.0,19.0,-2.0
-,0689.HK,2020-10-15,HKD,0.04,2021-05-01,0.32,700.0,891.0,2020-12-11,0.09,OPEN,125.0,553.0,29.0,18.0
-,0689.HK,2020-10-15,HKD,0.04,2021-01-31,0.2,400.0,933.0,2020-12-11,0.09,OPEN,125.0,553.0,53.0,31.0
-,0689.HK,2020-10-15,HKD,0.04,2021-03-27,0.21,425.0,657.0,2020-12-11,0.09,OPEN,125.0,553.0,35.0,29.0
-,0002.HK,2020-10-15,HKD,73.25,2021-03-23,77.76,6.16,10.0,2020-12-11,71.0,OPEN,-3.07,-14.0,36.0,-50.0
-,0689.HK,2020-10-15,HKD,0.04,2021-05-13,0.11,175.0,210.0,2020-12-11,0.09,OPEN,125.0,553.0,27.0,71.0
-,8206.HK,2020-10-15,HKD,0.1,2021-07-24,0.22,120.0,107.0,2020-12-11,0.08,OPEN,-20.0,-88.0,20.0,-17.0
-,2800.HK,2020-10-15,HKD,24.9,2021-07-06,27.65,11.04,11.0,2020-12-11,26.7,OPEN,7.23,32.0,22.0,65.0
-,CCI,2020-10-15,USD,168.14,2021-04-18,189.49,12.7,17.0,2020-12-11,157.68,OPEN,-6.22,-27.0,31.0,-49.0
-,GIS,2020-10-15,USD,62.7,2021-05-01,66.65,6.3,8.0,2020-12-11,59.32,OPEN,-5.39,-24.0,29.0,-86.0
-,CCI,2020-10-15,USD,168.14,2021-02-14,174.04,3.51,7.0,2020-12-11,157.68,OPEN,-6.22,-27.0,47.0,-177.0
-,VZ,2020-10-15,USD,58.16,2021-04-21,63.14,8.56,11.0,2020-12-11,60.35,OPEN,3.77,17.0,30.0,44.0
-,ASX-COH,2020-10-19,AUD,217.8,2021-02-10,238.27,9.4,21.0,2020-11-18,238.27,CLOSED,9.4,79.0,26.0,100.0
-,ASX-GOZ,2020-10-19,AUD,3.44,2020-12-12,3.53,2.62,12.0,2020-11-03,3.53,CLOSED,2.62,44.0,28.0,100.0
-,ASX-IVC,2020-10-19,AUD,10.47,2021-04-09,11.48,9.65,14.0,2020-11-11,11.48,CLOSED,9.65,106.0,13.0,100.0
-,ASX-IVC,2020-10-19,AUD,10.47,2021-04-09,11.48,9.65,14.0,2020-11-11,11.48,CLOSED,9.65,106.0,13.0,100.0
-,ASX-ORG,2020-10-19,AUD,4.54,2021-08-01,5.3,16.74,15.0,2020-11-25,5.3,CLOSED,16.74,114.0,13.0,100.0
-,ASX-ORG,2020-10-19,AUD,4.54,2021-08-21,5.18,14.1,12.0,2020-11-25,5.18,CLOSED,14.1,96.0,12.0,100.0
-,ASX-COH,2020-10-19,AUD,217.8,2020-11-15,221.18,1.55,14.0,2020-10-20,221.18,CLOSED,1.55,391.0,4.0,100.0
-,ASX-COH,2020-10-19,AUD,217.8,2020-12-11,222.72,2.26,11.0,2020-10-20,222.72,CLOSED,2.26,570.0,2.0,100.0
-,ASX-COH,2020-10-19,AUD,217.8,2020-12-28,231.26,6.18,22.0,2020-11-12,231.26,CLOSED,6.18,65.0,34.0,100.0
-,1251.HK,2020-10-19,HKD,0.22,2020-12-28,0.3,36.36,131.0,2020-11-23,0.3,CLOSED,36.36,262.0,50.0,100.0
-,2318.HK,2020-10-19,HKD,84.2,2021-02-11,97.89,16.26,36.0,2020-12-07,97.89,CLOSED,16.26,84.0,43.0,100.0
-,1113.HK,2020-10-19,HKD,37.45,2021-06-16,43.55,16.29,17.0,2020-11-18,43.55,CLOSED,16.29,137.0,12.0,100.0
-,1113.HK,2020-10-19,HKD,37.45,2020-10-25,38.57,2.99,126.0,2020-10-23,37.55,CLOSED,0.27,17.0,67.0,9.0
-,1113.HK,2020-10-19,HKD,37.45,2021-06-29,44.25,18.16,18.0,2020-11-25,44.25,CLOSED,18.16,124.0,15.0,100.0
-,0992.HK,2020-10-19,HKD,5.0,2021-07-02,5.52,10.4,10.0,2020-11-06,5.52,CLOSED,10.4,146.0,7.0,100.0
-,0689.HK,2020-10-19,HKD,0.04,2021-03-02,0.07,75.0,141.0,2020-12-01,0.07,CLOSED,75.0,440.0,32.0,100.0
-,0166.HK,2020-10-19,HKD,0.04,2021-04-06,0.05,25.0,37.0,2020-10-21,0.05,CLOSED,25.0,3150.0,1.0,100.0
-,1113.HK,2020-10-19,HKD,37.45,2021-04-14,39.97,6.73,10.0,2020-11-10,39.97,CLOSED,6.73,77.0,12.0,100.0
-,0386.HK,2020-10-19,HKD,3.01,2020-12-30,3.13,3.99,14.0,2020-10-23,3.13,CLOSED,3.99,251.0,6.0,100.0
-,0992.HK,2020-10-19,HKD,5.0,2020-12-14,5.13,2.6,12.0,2020-11-03,5.13,CLOSED,2.6,44.0,27.0,100.0
-,0992.HK,2020-10-19,HKD,5.0,2020-12-23,5.2,4.0,16.0,2020-11-04,5.2,CLOSED,4.0,63.0,25.0,100.0
-,0288.HK,2020-10-19,HKD,6.18,2021-03-12,6.69,8.25,14.0,2020-10-28,6.69,CLOSED,8.25,231.0,6.0,100.0
-,0288.HK,2020-10-19,HKD,6.18,2021-01-09,6.45,4.37,13.0,2020-10-23,6.45,CLOSED,4.37,275.0,5.0,100.0
-,KO,2020-10-19,USD,49.62,2021-05-23,54.32,9.47,11.0,2020-11-16,54.32,CLOSED,9.47,85.0,13.0,100.0
-,KO,2020-10-19,USD,49.62,2021-01-11,52.51,5.82,17.0,2020-11-09,52.51,CLOSED,5.82,70.0,25.0,100.0
-,KO,2020-10-19,USD,49.62,2020-12-19,51.31,3.41,14.0,2020-11-09,51.31,CLOSED,3.41,41.0,34.0,100.0
-,ASX-SDA,2020-10-19,AUD,0.79,2021-09-15,1.01,27.85,21.0,2020-12-11,0.79,OPEN,0.0,0.0,16.0,0.0
-,ASX-SDA,2020-10-19,AUD,0.79,2021-09-18,0.9,13.92,11.0,2020-12-11,0.79,OPEN,0.0,0.0,16.0,0.0
-,ASX-ABC,2020-10-19,AUD,3.14,2021-07-07,3.75,19.43,19.0,2020-12-11,3.23,OPEN,2.87,14.0,20.0,15.0
-,ASX-COH,2020-10-19,AUD,217.8,2021-05-22,271.36,24.59,29.0,2020-12-11,199.52,OPEN,-8.39,-40.0,25.0,-34.0
-,ASX-GOZ,2020-10-19,AUD,3.44,2021-04-19,3.82,11.05,15.0,2020-12-11,3.52,OPEN,2.33,11.0,29.0,21.0
-,ASX-GOZ,2020-10-19,AUD,3.44,2021-04-17,3.86,12.21,17.0,2020-12-11,3.52,OPEN,2.33,11.0,29.0,19.0
-,ASX-SDA,2020-10-19,AUD,0.79,2021-09-02,0.98,24.05,19.0,2020-12-11,0.79,OPEN,0.0,0.0,17.0,0.0
-,ASX-ABC,2020-10-19,AUD,3.14,2021-07-22,3.93,25.16,23.0,2020-12-11,3.23,OPEN,2.87,14.0,19.0,11.0
-,ASX-SDA,2020-10-19,AUD,0.79,2021-09-27,0.89,12.66,9.0,2020-12-11,0.79,OPEN,0.0,0.0,15.0,0.0
-,2318.HK,2020-10-19,HKD,84.2,2021-03-08,113.95,35.33,64.0,2020-12-11,92.7,OPEN,10.1,48.0,38.0,29.0
-,3303.HK,2020-10-19,HKD,0.51,2021-08-08,0.99,94.12,81.0,2020-12-11,0.5,OPEN,-1.96,-9.0,18.0,-2.0
-,1113.HK,2020-10-19,HKD,37.45,2021-04-13,44.57,19.01,27.0,2020-12-11,43.25,OPEN,15.49,74.0,30.0,81.0
-,0288.HK,2020-10-19,HKD,6.18,2021-03-18,7.56,22.33,38.0,2020-12-11,6.51,OPEN,5.34,25.0,35.0,24.0
-,0288.HK,2020-10-19,HKD,6.18,2021-04-28,9.41,52.27,69.0,2020-12-11,6.51,OPEN,5.34,25.0,28.0,10.0
-,1113.HK,2020-10-19,HKD,37.45,2021-04-17,48.36,29.13,41.0,2020-12-11,43.25,OPEN,15.49,74.0,29.0,53.0
-,0857.HK,2020-10-19,HKD,2.21,2021-07-15,3.54,60.18,56.0,2020-12-11,2.38,OPEN,7.69,37.0,20.0,13.0
-,0689.HK,2020-10-19,HKD,0.04,2021-05-17,0.11,175.0,210.0,2020-12-11,0.09,OPEN,125.0,594.0,25.0,71.0
-,2328.HK,2020-10-19,HKD,5.48,2021-09-24,7.58,38.32,28.0,2020-12-11,6.01,OPEN,9.67,46.0,16.0,25.0
-,VZ,2020-10-19,USD,57.3,2021-04-25,62.2,8.55,11.0,2020-12-11,60.35,OPEN,5.32,25.0,28.0,62.0
-,ASX-CWN,2020-10-20,AUD,8.35,2020-12-27,8.87,6.23,23.0,2020-11-09,8.87,CLOSED,6.23,78.0,29.0,100.0
-,ASX-SKT,2020-10-20,AUD,0.14,2021-07-11,0.15,7.14,7.0,2020-10-22,0.15,CLOSED,7.14,900.0,1.0,100.0
-,1251.HK,2020-10-20,HKD,0.22,2020-12-29,0.3,36.36,131.0,2020-11-23,0.3,CLOSED,36.36,269.0,49.0,100.0
-,2318.HK,2020-10-20,HKD,84.5,2021-02-12,98.24,16.26,36.0,2020-12-07,98.24,CLOSED,16.26,85.0,42.0,100.0
-,0435.HK,2020-10-20,HKD,3.45,2021-06-15,3.95,14.49,15.0,2020-12-08,3.95,CLOSED,14.49,75.0,21.0,100.0
-,0992.HK,2020-10-20,HKD,5.05,2021-07-03,5.57,10.3,10.0,2020-11-20,5.57,CLOSED,10.3,84.0,12.0,100.0
-,2778.HK,2020-10-20,HKD,3.99,2021-10-18,4.51,13.03,9.0,2020-11-25,4.51,CLOSED,13.03,91.0,10.0,100.0
-,0166.HK,2020-10-20,HKD,0.04,2021-04-07,0.05,25.0,37.0,2020-10-21,0.05,CLOSED,25.0,6300.0,1.0,100.0
-,2778.HK,2020-10-20,HKD,3.99,2021-06-18,4.29,7.52,8.0,2020-11-11,4.29,CLOSED,7.52,86.0,9.0,100.0
-,0992.HK,2020-10-20,HKD,5.05,2020-12-15,5.18,2.57,12.0,2020-11-04,5.18,CLOSED,2.57,43.0,27.0,100.0
-,0992.HK,2020-10-20,HKD,5.05,2020-12-24,5.25,3.96,15.0,2020-11-04,5.25,CLOSED,3.96,67.0,23.0,100.0
-,0435.HK,2020-10-20,HKD,3.45,2021-03-04,3.61,4.64,9.0,2020-11-10,3.61,CLOSED,4.64,56.0,16.0,100.0
-,ASX-SDA,2020-10-20,AUD,0.79,2021-09-16,1.01,27.85,21.0,2020-12-11,0.79,OPEN,0.0,0.0,16.0,0.0
-,ASX-SDA,2020-10-20,AUD,0.79,2021-09-19,0.9,13.92,11.0,2020-12-11,0.79,OPEN,0.0,0.0,16.0,0.0
-,ASX-SDA,2020-10-20,AUD,0.79,2021-09-03,0.98,24.05,19.0,2020-12-11,0.79,OPEN,0.0,0.0,16.0,0.0
-,ASX-ASX,2020-10-20,AUD,82.75,2021-03-18,87.99,6.33,11.0,2020-12-11,74.89,OPEN,-9.5,-46.0,35.0,-150.0
-,ASX-BGA,2020-10-20,AUD,5.29,2021-04-11,6.02,13.8,20.0,2020-12-11,5.32,OPEN,0.57,3.0,30.0,4.0
-,ASX-SKI,2020-10-20,AUD,2.14,2021-05-25,2.33,8.88,10.0,2020-12-11,2.14,OPEN,0.0,0.0,24.0,0.0
-,ASX-ASX,2020-10-20,AUD,82.75,2021-09-19,91.91,11.07,8.0,2020-12-11,74.89,OPEN,-9.5,-46.0,16.0,-86.0
-,ASX-SDA,2020-10-20,AUD,0.79,2021-09-28,0.89,12.66,9.0,2020-12-11,0.79,OPEN,0.0,0.0,15.0,0.0
-,ASX-NCM,2020-10-20,AUD,32.0,2021-09-16,37.15,16.09,12.0,2020-12-11,27.05,OPEN,-15.47,-75.0,16.0,-96.0
-,2318.HK,2020-10-20,HKD,84.5,2021-03-09,114.35,35.33,64.0,2020-12-11,92.7,OPEN,9.7,47.0,37.0,27.0
-,3303.HK,2020-10-20,HKD,0.51,2021-08-09,0.99,94.12,81.0,2020-12-11,0.5,OPEN,-1.96,-9.0,18.0,-2.0
-,0206.HK,2020-10-20,HKD,0.25,2021-06-18,0.46,84.0,88.0,2020-12-11,0.23,OPEN,-8.0,-39.0,22.0,-10.0
-,0857.HK,2020-10-20,HKD,2.18,2021-07-16,3.49,60.09,56.0,2020-12-11,2.38,OPEN,9.17,44.0,19.0,15.0
-,0435.HK,2020-10-20,HKD,3.45,2021-07-30,4.0,15.94,14.0,2020-12-11,3.81,OPEN,10.43,51.0,18.0,65.0
-,2638.HK,2020-10-20,HKD,7.93,2021-07-08,8.6,8.45,8.0,2020-12-11,7.71,OPEN,-2.77,-13.0,20.0,-33.0
-,2638.HK,2020-10-20,HKD,7.93,2021-04-20,8.46,6.68,9.0,2020-12-11,7.71,OPEN,-2.77,-13.0,29.0,-42.0
-,ASX-S32,2020-10-21,AUD,2.22,2021-01-11,2.41,8.56,26.0,2020-11-24,2.41,CLOSED,8.56,63.0,41.0,100.0
-,ASX-GPT,2020-10-21,AUD,4.2,2021-06-01,4.31,2.62,3.0,2020-11-05,4.31,CLOSED,2.62,44.0,7.0,100.0
-,ASX-S32,2020-10-21,AUD,2.22,2021-02-23,2.41,8.56,17.0,2020-11-24,2.41,CLOSED,8.56,63.0,27.0,100.0
-,1251.HK,2020-10-21,HKD,0.23,2020-12-28,0.3,30.43,113.0,2020-11-23,0.3,CLOSED,30.43,232.0,49.0,100.0
-,2318.HK,2020-10-21,HKD,84.6,2021-02-13,98.36,16.26,36.0,2020-12-07,98.36,CLOSED,16.26,87.0,41.0,100.0
-,0778.HK,2020-10-21,HKD,6.59,2021-04-10,7.15,8.5,13.0,2020-11-11,7.15,CLOSED,8.5,102.0,12.0,100.0
-,0778.HK,2020-10-21,HKD,6.59,2021-04-03,6.97,5.77,9.0,2020-11-11,6.97,CLOSED,5.77,69.0,13.0,100.0
-,0992.HK,2020-10-21,HKD,5.09,2021-07-04,5.62,10.41,10.0,2020-11-23,5.62,CLOSED,10.41,79.0,13.0,100.0
-,0992.HK,2020-10-21,HKD,5.09,2020-12-16,5.22,2.55,11.0,2020-11-04,5.22,CLOSED,2.55,46.0,25.0,100.0
-,0992.HK,2020-10-21,HKD,5.09,2020-12-25,5.29,3.93,15.0,2020-11-04,5.29,CLOSED,3.93,71.0,22.0,100.0
-,TRV,2020-10-21,USD,125.0,2021-07-11,134.6,7.68,7.0,2020-11-09,134.6,CLOSED,7.68,102.0,7.0,100.0
-,USB,2020-10-21,USD,38.82,2021-10-01,43.05,10.9,8.0,2020-11-09,43.05,CLOSED,10.9,145.0,6.0,100.0
-,VZ,2020-10-21,USD,56.75,2021-04-27,61.61,8.56,11.0,2020-12-02,61.61,CLOSED,8.56,51.0,22.0,100.0
-,LVS,2020-10-21,USD,45.94,2021-07-10,57.19,24.49,24.0,2020-11-09,57.19,CLOSED,24.49,325.0,7.0,100.0
-,PM,2020-10-21,USD,73.82,2021-09-19,82.01,11.09,8.0,2020-12-07,82.01,CLOSED,11.09,59.0,14.0,100.0
-,ASX-S32,2020-10-21,AUD,2.22,2021-06-01,3.04,36.94,42.0,2020-12-11,2.57,OPEN,15.77,78.0,23.0,43.0
-,ASX-SDA,2020-10-21,AUD,0.79,2021-09-17,1.01,27.85,21.0,2020-12-11,0.79,OPEN,0.0,0.0,15.0,0.0
-,ASX-SDA,2020-10-21,AUD,0.79,2021-09-20,0.9,13.92,11.0,2020-12-11,0.79,OPEN,0.0,0.0,15.0,0.0
-,ASX-SDA,2020-10-21,AUD,0.79,2021-09-04,0.98,24.05,19.0,2020-12-11,0.79,OPEN,0.0,0.0,16.0,0.0
-,ASX-SDA,2020-10-21,AUD,0.79,2021-09-29,0.89,12.66,9.0,2020-12-11,0.79,OPEN,0.0,0.0,15.0,0.0
-,2318.HK,2020-10-21,HKD,84.6,2021-03-10,114.49,35.33,64.0,2020-12-11,92.7,OPEN,9.57,47.0,36.0,27.0
-,0857.HK,2020-10-21,HKD,2.19,2021-07-17,3.51,60.27,56.0,2020-12-11,2.38,OPEN,8.68,43.0,19.0,14.0
-,0753.HK,2020-10-21,HKD,5.24,2021-10-13,6.97,33.02,23.0,2020-12-11,6.6,OPEN,25.95,128.0,14.0,79.0
-,0166.HK,2020-10-21,HKD,0.07,2021-04-08,0.09,28.57,43.0,2020-12-11,0.07,OPEN,0.0,0.0,30.0,0.0
-,PX,2020-10-21,USD,0.18,2021-04-13,0.19,5.56,8.0,2020-12-11,0.15,OPEN,-16.67,-82.0,29.0,-300.0
-,GLW,2020-10-21,USD,35.0,2021-09-30,45.51,30.03,22.0,2020-12-11,35.64,OPEN,1.83,9.0,15.0,6.0
-,ASX-CAR,2020-10-22,AUD,22.6,2020-12-07,23.29,3.05,17.0,2020-12-07,19.65,CLOSED,-13.05,-71.0,100.0,-428.0
-,ASX-RHC,2020-10-22,AUD,65.38,2020-12-29,69.13,5.74,21.0,2020-11-10,69.13,CLOSED,5.74,76.0,28.0,100.0
-,1251.HK,2020-10-22,HKD,0.24,2020-12-29,0.32,33.33,124.0,2020-11-25,0.32,CLOSED,33.33,247.0,50.0,100.0
-,2318.HK,2020-10-22,HKD,84.4,2021-02-14,98.12,16.26,36.0,2020-12-07,98.12,CLOSED,16.26,89.0,40.0,100.0
-,0992.HK,2020-10-22,HKD,5.06,2021-07-05,5.59,10.47,10.0,2020-11-20,5.59,CLOSED,10.47,91.0,11.0,100.0
-,2778.HK,2020-10-22,HKD,3.99,2021-10-20,4.51,13.03,9.0,2020-11-25,4.51,CLOSED,13.03,97.0,9.0,100.0
-,2778.HK,2020-10-22,HKD,3.99,2021-06-20,4.29,7.52,8.0,2020-11-11,4.29,CLOSED,7.52,95.0,8.0,100.0
-,0288.HK,2020-10-22,HKD,6.35,2021-01-21,6.7,5.51,15.0,2020-10-28,6.7,CLOSED,5.51,231.0,7.0,100.0
-,0135.HK,2020-10-22,HKD,5.2,2021-04-09,6.02,15.77,24.0,2020-11-11,6.02,CLOSED,15.77,199.0,12.0,100.0
-,0992.HK,2020-10-22,HKD,5.06,2020-12-17,5.19,2.57,12.0,2020-11-04,5.19,CLOSED,2.57,50.0,23.0,100.0
-,0992.HK,2020-10-22,HKD,5.06,2020-12-26,5.26,3.95,15.0,2020-11-04,5.26,CLOSED,3.95,77.0,20.0,100.0
-,2328.HK,2020-10-22,HKD,5.59,2021-06-29,6.7,19.86,20.0,2020-11-30,6.7,CLOSED,19.86,128.0,16.0,100.0
-,NOV,2020-10-22,USD,9.31,2021-10-07,11.1,19.23,14.0,2020-11-09,11.1,CLOSED,19.23,269.0,5.0,100.0
-,HON,2020-10-22,USD,176.85,2021-06-20,192.61,8.91,9.0,2020-11-09,192.61,CLOSED,8.91,125.0,7.0,100.0
-,SO,2020-10-22,USD,60.56,2021-05-31,64.18,5.98,7.0,2020-11-09,64.18,CLOSED,5.98,84.0,8.0,100.0
-,BXP,2020-10-22,USD,77.22,2021-03-15,83.64,8.31,15.0,2020-11-09,83.64,CLOSED,8.31,116.0,12.0,100.0
-,HON,2020-10-22,USD,176.85,2021-04-05,185.32,4.79,7.0,2020-11-06,185.32,CLOSED,4.79,80.0,9.0,100.0
-,T,2020-10-22,USD,28.28,2020-12-07,30.54,7.99,44.0,2020-12-07,29.64,CLOSED,4.81,26.0,100.0,60.0
-,T,2020-10-22,USD,28.28,2020-12-21,29.56,4.53,19.0,2020-12-04,29.56,CLOSED,4.53,27.0,72.0,100.0
-,T,2020-10-22,USD,28.28,2021-04-07,31.68,12.02,18.0,2020-12-09,31.68,CLOSED,12.02,63.0,29.0,100.0
-,SNP,2020-10-22,USD,39.01,2020-12-15,41.2,5.61,26.0,2020-10-23,41.2,CLOSED,5.61,1414.0,2.0,100.0
-,SNP,2020-10-22,USD,39.01,2021-05-14,43.34,11.1,14.0,2020-11-09,43.34,CLOSED,11.1,155.0,9.0,100.0
-,ASX-CAR,2020-10-22,AUD,22.6,2021-09-08,28.85,27.65,22.0,2020-12-11,19.17,OPEN,-15.18,-77.0,16.0,-55.0
-,ASX-SDA,2020-10-22,AUD,0.79,2021-09-18,1.01,27.85,21.0,2020-12-11,0.79,OPEN,0.0,0.0,15.0,0.0
-,ASX-SDA,2020-10-22,AUD,0.79,2021-09-21,0.9,13.92,11.0,2020-12-11,0.79,OPEN,0.0,0.0,15.0,0.0
-,ASX-AGL,2020-10-22,AUD,13.1,2021-02-09,14.83,13.21,30.0,2020-12-11,13.33,OPEN,1.76,9.0,45.0,13.0
-,ASX-CAR,2020-10-22,AUD,22.6,2021-08-01,26.2,15.93,14.0,2020-12-11,19.17,OPEN,-15.18,-77.0,18.0,-95.0
-,ASX-RHC,2020-10-22,AUD,65.38,2021-09-24,76.22,16.58,12.0,2020-12-11,63.24,OPEN,-3.27,-16.0,15.0,-20.0
-,ASX-SDA,2020-10-22,AUD,0.79,2021-09-05,0.98,24.05,19.0,2020-12-11,0.79,OPEN,0.0,0.0,16.0,0.0
-,ASX-CAR,2020-10-22,AUD,22.6,2021-01-31,24.5,8.41,21.0,2020-12-11,19.17,OPEN,-15.18,-77.0,50.0,-181.0
-,ASX-RHC,2020-10-22,AUD,65.38,2021-04-29,71.34,9.12,12.0,2020-12-11,63.24,OPEN,-3.27,-16.0,26.0,-36.0
-,ASX-SDA,2020-10-22,AUD,0.79,2021-09-30,0.89,12.66,9.0,2020-12-11,0.79,OPEN,0.0,0.0,15.0,0.0
-,0288.HK,2020-10-22,HKD,6.35,2021-04-10,7.34,15.59,23.0,2020-12-11,6.51,OPEN,2.52,13.0,29.0,16.0
-,0288.HK,2020-10-22,HKD,6.35,2021-02-03,7.71,21.42,52.0,2020-12-11,6.51,OPEN,2.52,13.0,48.0,12.0
-,2318.HK,2020-10-22,HKD,84.4,2021-03-11,114.22,35.33,64.0,2020-12-11,92.7,OPEN,9.83,50.0,36.0,28.0
-,0857.HK,2020-10-22,HKD,2.16,2021-07-18,3.46,60.19,56.0,2020-12-11,2.38,OPEN,10.19,51.0,19.0,17.0
-,2328.HK,2020-10-22,HKD,5.59,2021-10-13,7.64,36.67,26.0,2020-12-11,6.01,OPEN,7.51,38.0,14.0,20.0
-,BRKb,2020-10-22,USD,4445.05,2021-03-01,4944.67,11.24,22.0,2020-12-11,4555.2,OPEN,2.48,12.0,38.0,22.0
-,BRKb,2020-10-22,USD,4445.05,2021-04-22,5421.63,21.97,30.0,2020-12-11,4555.2,OPEN,2.48,12.0,27.0,11.0
-,BRKb,2020-10-22,USD,4445.05,2021-03-27,5018.02,12.89,21.0,2020-12-11,4555.2,OPEN,2.48,12.0,32.0,19.0
-,ZNH,2020-10-22,USD,28.33,2021-08-04,36.16,27.64,24.0,2020-12-11,31.38,OPEN,10.77,54.0,17.0,39.0
-,BRKb,2020-10-22,USD,4445.05,2021-02-01,4789.1,7.74,19.0,2020-12-11,4555.2,OPEN,2.48,12.0,49.0,32.0
-,VZ,2020-10-22,USD,57.33,2021-04-28,62.24,8.56,11.0,2020-12-11,60.35,OPEN,5.27,27.0,27.0,62.0
-,ASX-TLS,2020-10-23,AUD,2.73,2020-12-27,2.88,5.49,21.0,2020-11-10,2.88,CLOSED,5.49,77.0,28.0,100.0
-,ASX-TCL,2020-10-23,AUD,13.99,2021-05-24,15.12,8.08,10.0,2020-11-10,15.12,CLOSED,8.08,113.0,8.0,100.0
-,ASX-NSR,2020-10-23,AUD,1.89,2021-01-25,2.04,7.94,21.0,2020-12-09,2.04,CLOSED,7.94,43.0,50.0,100.0
-,ASX-GPT,2020-10-23,AUD,4.19,2021-06-03,4.3,2.63,3.0,2020-10-26,4.3,CLOSED,2.63,221.0,1.0,100.0
-,ASX-TLS,2020-10-23,AUD,2.73,2021-03-30,2.93,7.33,12.0,2020-11-10,2.93,CLOSED,7.33,103.0,11.0,100.0
-,ASX-CCL,2020-10-23,AUD,10.75,2020-12-08,11.09,3.16,17.0,2020-10-26,11.09,CLOSED,3.16,265.0,7.0,100.0
-,ASX-CCL,2020-10-23,AUD,10.75,2021-02-07,11.24,4.56,11.0,2020-10-26,11.24,CLOSED,4.56,383.0,3.0,100.0
-,ASX-CCL,2020-10-23,AUD,10.75,2021-07-01,11.94,11.07,11.0,2020-10-26,11.94,CLOSED,11.07,930.0,1.0,100.0
-,ASX-NSR,2020-10-23,AUD,1.89,2020-12-02,1.94,2.65,17.0,2020-12-01,1.94,CLOSED,2.65,17.0,98.0,100.0
-,ASX-DXS,2020-10-23,AUD,9.24,2021-06-25,9.62,4.11,4.0,2020-11-10,9.62,CLOSED,4.11,58.0,7.0,100.0
-,ASX-TCL,2020-10-23,AUD,13.99,2021-03-24,14.65,4.72,8.0,2020-11-10,14.65,CLOSED,4.72,66.0,12.0,100.0
-,2588.HK,2020-10-23,HKD,55.0,2021-03-21,64.89,17.98,30.0,2020-11-10,64.89,CLOSED,17.98,252.0,12.0,100.0
-,2588.HK,2020-10-23,HKD,55.0,2021-03-24,63.06,14.65,24.0,2020-11-10,63.06,CLOSED,14.65,205.0,12.0,100.0
-,3969.HK,2020-10-23,HKD,2.7,2021-10-20,2.81,4.07,3.0,2020-11-04,2.81,CLOSED,4.07,85.0,3.0,100.0
-,1113.HK,2020-10-23,HKD,37.55,2021-06-20,43.66,16.27,17.0,2020-11-18,43.66,CLOSED,16.27,158.0,11.0,100.0
-,1113.HK,2020-10-23,HKD,37.55,2020-10-29,38.68,3.01,126.0,2020-10-29,36.3,CLOSED,-3.33,-140.0,100.0,-111.0
-,1113.HK,2020-10-23,HKD,37.55,2021-07-03,44.37,18.16,18.0,2020-11-25,44.37,CLOSED,18.16,139.0,13.0,100.0
-,0435.HK,2020-10-23,HKD,3.45,2021-06-18,3.95,14.49,15.0,2020-12-08,3.95,CLOSED,14.49,79.0,19.0,100.0
-,0823.HK,2020-10-23,HKD,61.95,2021-03-31,71.01,14.62,23.0,2020-11-17,71.01,CLOSED,14.62,147.0,16.0,100.0
-,0992.HK,2020-10-23,HKD,4.98,2021-07-06,5.5,10.44,10.0,2020-11-06,5.5,CLOSED,10.44,188.0,5.0,100.0
-,0823.HK,2020-10-23,HKD,61.95,2021-01-17,64.76,4.54,13.0,2020-11-10,64.76,CLOSED,4.54,64.0,21.0,100.0
-,2588.HK,2020-10-23,HKD,55.0,2021-01-10,57.18,3.96,13.0,2020-11-10,57.18,CLOSED,3.96,55.0,23.0,100.0
-,3969.HK,2020-10-23,HKD,2.7,2021-01-17,2.86,5.93,17.0,2020-11-10,2.86,CLOSED,5.93,83.0,21.0,100.0
-,2378.HK,2020-10-23,HKD,110.0,2021-07-30,124.34,13.04,12.0,2020-11-11,124.34,CLOSED,13.04,173.0,7.0,100.0
-,1113.HK,2020-10-23,HKD,37.55,2021-04-18,40.08,6.74,10.0,2020-11-10,40.08,CLOSED,6.74,94.0,10.0,100.0
-,0135.HK,2020-10-23,HKD,5.3,2021-04-13,6.08,14.72,22.0,2020-11-11,6.08,CLOSED,14.72,195.0,11.0,100.0
-,0992.HK,2020-10-23,HKD,4.98,2020-12-18,5.11,2.61,12.0,2020-11-03,5.11,CLOSED,2.61,60.0,20.0,100.0
-,0992.HK,2020-10-23,HKD,4.98,2020-12-27,5.18,4.02,16.0,2020-11-04,5.18,CLOSED,4.02,84.0,18.0,100.0
-,0435.HK,2020-10-23,HKD,3.45,2021-03-07,3.61,4.64,9.0,2020-11-10,3.61,CLOSED,4.64,65.0,13.0,100.0
-,0880.HK,2020-10-23,HKD,8.52,2021-08-30,9.59,12.56,10.0,2020-11-10,9.59,CLOSED,12.56,176.0,6.0,100.0
-,YUMC,2020-10-23,USD,55.27,2020-12-05,58.25,5.39,32.0,2020-11-09,58.25,CLOSED,5.39,80.0,40.0,100.0
-,HAL,2020-10-23,USD,13.31,2021-07-25,15.97,19.98,18.0,2020-11-18,15.97,CLOSED,19.98,194.0,9.0,100.0
-,PNC,2020-10-23,USD,114.81,2021-07-28,123.36,7.45,7.0,2020-11-09,123.36,CLOSED,7.45,110.0,6.0,100.0
-,ASX-SDA,2020-10-23,AUD,0.79,2021-09-19,1.01,27.85,21.0,2020-12-11,0.79,OPEN,0.0,0.0,15.0,0.0
-,ASX-SDA,2020-10-23,AUD,0.79,2021-09-22,0.9,13.92,11.0,2020-12-11,0.79,OPEN,0.0,0.0,15.0,0.0
-,ASX-AGL,2020-10-23,AUD,13.15,2021-03-19,15.43,17.34,30.0,2020-12-11,13.33,OPEN,1.37,7.0,33.0,8.0
-,ASX-NSR,2020-10-23,AUD,1.89,2021-04-13,2.12,12.17,18.0,2020-12-11,2.04,OPEN,7.94,41.0,28.0,65.0
-,ASX-SDA,2020-10-23,AUD,0.79,2021-09-06,0.98,24.05,19.0,2020-12-11,0.79,OPEN,0.0,0.0,15.0,0.0
-,ASX-TCL,2020-10-23,AUD,13.99,2021-08-20,15.94,13.94,12.0,2020-12-11,13.64,OPEN,-2.5,-13.0,16.0,-18.0
-,ASX-CMW,2020-10-23,AUD,0.9,2021-08-19,1.27,41.11,35.0,2020-12-11,0.905,OPEN,0.56,3.0,16.0,1.0
-,ASX-SDA,2020-10-23,AUD,0.79,2021-10-01,0.89,12.66,9.0,2020-12-11,0.79,OPEN,0.0,0.0,14.0,0.0
-,2318.HK,2020-10-23,HKD,86.35,2021-02-15,100.39,16.26,36.0,2020-12-11,92.7,OPEN,7.35,38.0,43.0,45.0
-,2318.HK,2020-10-23,HKD,86.35,2021-03-12,116.86,35.33,64.0,2020-12-11,92.7,OPEN,7.35,38.0,35.0,21.0
-,1113.HK,2020-10-23,HKD,37.55,2021-04-17,44.68,18.99,27.0,2020-12-11,43.25,OPEN,15.18,78.0,28.0,80.0
-,1113.HK,2020-10-23,HKD,37.55,2021-04-21,48.49,29.13,41.0,2020-12-11,43.25,OPEN,15.18,78.0,27.0,52.0
-,0857.HK,2020-10-23,HKD,2.3,2021-07-19,3.68,60.0,56.0,2020-12-11,2.38,OPEN,3.48,18.0,18.0,6.0
-,0435.HK,2020-10-23,HKD,3.45,2021-08-02,4.0,15.94,14.0,2020-12-11,3.81,OPEN,10.43,54.0,17.0,65.0
-,0823.HK,2020-10-23,HKD,61.95,2021-06-29,73.13,18.05,18.0,2020-12-11,69.65,OPEN,12.43,64.0,20.0,69.0
-,1038.HK,2020-10-23,HKD,37.15,2021-09-01,43.56,17.25,14.0,2020-12-11,39.95,OPEN,7.54,39.0,16.0,44.0
-,0135.HK,2020-10-23,HKD,5.3,2021-10-19,6.87,29.62,21.0,2020-12-11,5.84,OPEN,10.19,52.0,14.0,34.0
-,0670.HK,2020-10-23,HKD,3.38,2021-09-10,5.04,49.11,38.0,2020-12-11,3.59,OPEN,6.21,32.0,15.0,13.0
-,2388.HK,2020-10-23,HKD,22.05,2021-08-20,25.73,16.69,14.0,2020-12-11,24.0,OPEN,8.84,45.0,16.0,53.0
-,YUMC,2020-10-23,USD,55.27,2021-02-28,62.02,12.21,24.0,2020-12-11,56.79,OPEN,2.75,14.0,38.0,23.0
-,FB,2020-10-23,USD,284.79,2021-06-16,346.82,21.78,23.0,2020-12-11,273.55,OPEN,-3.95,-20.0,21.0,-18.0
-,FB,2020-10-23,USD,284.79,2021-01-22,322.41,13.21,37.0,2020-12-11,273.55,OPEN,-3.95,-20.0,54.0,-30.0
-,NKE,2020-10-23,USD,129.99,2021-06-14,147.49,13.46,14.0,2020-12-11,137.41,OPEN,5.71,29.0,21.0,42.0
-,UNP,2020-10-23,USD,188.14,2021-08-08,225.15,19.67,17.0,2020-12-11,203.06,OPEN,7.93,41.0,17.0,40.0
-,YUMC,2020-10-23,USD,55.27,2021-02-18,61.81,11.83,25.0,2020-12-11,56.79,OPEN,2.75,14.0,42.0,23.0
-,FB,2020-10-23,USD,284.79,2020-12-19,305.24,7.18,32.0,2020-12-11,273.55,OPEN,-3.95,-20.0,86.0,-55.0
-,UNP,2020-10-23,USD,188.14,2021-04-18,211.6,12.47,18.0,2020-12-11,203.06,OPEN,7.93,41.0,28.0,64.0
-,VZ,2020-10-23,USD,57.96,2021-04-29,62.92,8.56,11.0,2020-12-11,60.35,OPEN,4.12,21.0,26.0,48.0
-,CCI,2020-10-23,USD,158.47,2020-12-24,173.22,9.31,38.0,2020-12-11,157.68,OPEN,-0.5,-3.0,79.0,-5.0
-,LVS,2020-10-23,USD,50.68,2021-07-08,64.11,26.5,26.0,2020-12-11,56.75,OPEN,11.98,62.0,19.0,45.0
-,ASX-ILU,2020-10-26,AUD,5.31,2021-01-24,5.93,11.68,33.0,2020-12-09,5.93,CLOSED,11.68,67.0,49.0,100.0
-,SBUX,2020-10-26,USD,89.66,2021-07-19,100.08,11.62,11.0,2020-12-03,100.08,CLOSED,11.62,77.0,14.0,100.0
-,PTR,2020-10-26,USD,29.27,2021-10-17,32.54,11.17,8.0,2020-11-09,32.54,CLOSED,11.17,201.0,4.0,100.0
-,ASX-SDA,2020-10-26,AUD,0.79,2021-09-22,1.01,27.85,21.0,2020-12-11,0.79,OPEN,0.0,0.0,14.0,0.0
-,ASX-SDA,2020-10-26,AUD,0.79,2021-09-25,0.9,13.92,11.0,2020-12-11,0.79,OPEN,0.0,0.0,14.0,0.0
-,ASX-SDA,2020-10-26,AUD,0.79,2021-09-09,0.98,24.05,19.0,2020-12-11,0.79,OPEN,0.0,0.0,14.0,0.0
-,ASX-ILU,2020-10-26,AUD,5.31,2021-03-06,6.09,14.69,28.0,2020-12-11,5.91,OPEN,11.3,62.0,35.0,77.0
-,ASX-SDA,2020-10-26,AUD,0.79,2021-10-04,0.89,12.66,9.0,2020-12-11,0.79,OPEN,0.0,0.0,13.0,0.0
-,ASX-GEM,2020-10-26,AUD,1.11,2021-05-24,1.68,51.35,62.0,2020-12-11,1.2,OPEN,8.11,44.0,22.0,16.0
-,ASX-GEM,2020-10-26,AUD,1.11,2021-04-06,1.48,33.33,52.0,2020-12-11,1.2,OPEN,8.11,44.0,28.0,24.0
-,AAPL,2020-10-26,USD,115.05,2021-10-11,170.57,48.26,35.0,2020-12-11,122.41,OPEN,6.4,35.0,13.0,13.0
-,PSA,2020-10-26,USD,236.23,2021-03-13,260.02,10.07,18.0,2020-12-11,220.06,OPEN,-6.85,-38.0,33.0,-68.0
-,VZ,2020-10-26,USD,57.81,2021-05-02,62.76,8.56,11.0,2020-12-11,60.35,OPEN,4.39,24.0,24.0,51.0
-,2318.HK,2020-10-27,HKD,84.7,2021-02-19,98.47,16.26,36.0,2020-12-07,98.47,CLOSED,16.26,100.0,36.0,100.0
-,0992.HK,2020-10-27,HKD,5.01,2021-07-10,5.53,10.38,10.0,2020-11-20,5.53,CLOSED,10.38,109.0,9.0,100.0
-,0386.HK,2020-10-27,HKD,3.14,2021-10-10,3.61,14.97,11.0,2020-11-11,3.61,CLOSED,14.97,251.0,4.0,100.0
-,2778.HK,2020-10-27,HKD,3.98,2021-10-25,4.5,13.07,9.0,2020-11-19,4.5,CLOSED,13.07,143.0,6.0,100.0
-,2778.HK,2020-10-27,HKD,3.98,2021-06-25,4.28,7.54,8.0,2020-11-10,4.28,CLOSED,7.54,136.0,6.0,100.0
-,0992.HK,2020-10-27,HKD,5.01,2020-12-22,5.14,2.59,12.0,2020-11-03,5.14,CLOSED,2.59,93.0,12.0,100.0
-,0992.HK,2020-10-27,HKD,5.01,2020-12-31,5.21,3.99,15.0,2020-11-04,5.21,CLOSED,3.99,126.0,12.0,100.0
-,0467.HK,2020-10-27,HKD,1.1,2021-01-07,1.27,15.45,54.0,2020-11-11,1.27,CLOSED,15.45,260.0,21.0,100.0
-,ASX-SDA,2020-10-27,AUD,0.79,2021-09-23,1.01,27.85,21.0,2020-12-11,0.79,OPEN,0.0,0.0,14.0,0.0
-,ASX-SDA,2020-10-27,AUD,0.79,2021-09-26,0.9,13.92,11.0,2020-12-11,0.79,OPEN,0.0,0.0,13.0,0.0
-,ASX-MIN,2020-10-27,AUD,25.35,2021-10-14,37.52,48.01,34.0,2020-12-11,35.26,OPEN,39.09,219.0,13.0,81.0
-,ASX-SDA,2020-10-27,AUD,0.79,2021-09-10,0.98,24.05,19.0,2020-12-11,0.79,OPEN,0.0,0.0,14.0,0.0
-,ASX-SDA,2020-10-27,AUD,0.79,2021-10-05,0.89,12.66,9.0,2020-12-11,0.79,OPEN,0.0,0.0,13.0,0.0
-,2318.HK,2020-10-27,HKD,84.7,2021-03-16,114.62,35.32,64.0,2020-12-11,92.7,OPEN,9.45,53.0,32.0,27.0
-,2638.HK,2020-10-27,HKD,8.01,2021-07-15,8.68,8.36,8.0,2020-12-11,7.71,OPEN,-3.75,-21.0,17.0,-45.0
-,2638.HK,2020-10-27,HKD,8.01,2021-04-27,8.54,6.62,9.0,2020-12-11,7.71,OPEN,-3.75,-21.0,25.0,-57.0
-,3808.HK,2020-10-27,HKD,19.22,2021-05-25,23.61,22.84,27.0,2020-12-11,19.02,OPEN,-1.04,-6.0,21.0,-5.0
-,AAPL,2020-10-27,USD,116.6,2021-10-12,172.87,48.26,35.0,2020-12-11,122.41,OPEN,4.98,28.0,13.0,10.0
-,D,2020-10-27,USD,82.47,2021-08-08,87.06,5.57,5.0,2020-12-11,74.91,OPEN,-9.17,-51.0,16.0,-165.0
-,VZ,2020-10-27,USD,57.38,2021-05-03,62.29,8.56,11.0,2020-12-11,60.35,OPEN,5.18,29.0,24.0,60.0
-,ASX-SCP,2020-10-28,AUD,2.28,2021-01-15,2.41,5.7,18.0,2020-11-04,2.41,CLOSED,5.7,205.0,9.0,100.0
-,ASX-BKW,2020-10-28,AUD,17.72,2021-07-10,20.25,14.28,14.0,2020-11-25,20.25,CLOSED,14.28,129.0,11.0,100.0
-,ASX-SCP,2020-10-28,AUD,2.28,2021-03-08,2.43,6.58,13.0,2020-11-04,2.43,CLOSED,6.58,237.0,5.0,100.0
-,ASX-AGL,2020-10-28,AUD,12.93,2021-03-02,13.94,7.81,16.0,2020-11-25,13.94,CLOSED,7.81,70.0,22.0,100.0
-,ASX-RHC,2020-10-28,AUD,63.5,2021-05-12,69.91,10.09,13.0,2020-11-10,69.91,CLOSED,10.09,196.0,7.0,100.0
-,ASX-AMC,2020-10-28,AUD,14.84,2020-12-24,15.64,5.39,24.0,2020-11-06,15.64,CLOSED,5.39,151.0,16.0,100.0
-,ASX-RHC,2020-10-28,AUD,63.5,2021-01-04,67.21,5.84,22.0,2020-11-10,67.21,CLOSED,5.84,113.0,19.0,100.0
-,ASX-BKW,2020-10-28,AUD,17.72,2021-01-10,18.54,4.63,16.0,2020-11-06,18.54,CLOSED,4.63,130.0,12.0,100.0
-,1680.HK,2020-10-28,HKD,1.04,2020-11-21,1.19,14.42,151.0,2020-11-20,1.05,CLOSED,0.96,11.0,96.0,7.0
-,0992.HK,2020-10-28,HKD,4.93,2021-07-11,5.44,10.34,10.0,2020-11-06,5.44,CLOSED,10.34,290.0,4.0,100.0
-,0341.HK,2020-10-28,HKD,16.0,2021-07-17,17.48,9.25,9.0,2020-11-10,17.48,CLOSED,9.25,179.0,5.0,100.0
-,0196.HK,2020-10-28,HKD,0.2,2021-01-30,0.22,10.0,27.0,2020-11-23,0.22,CLOSED,10.0,97.0,28.0,100.0
-,0196.HK,2020-10-28,HKD,0.2,2021-07-11,0.3,50.0,49.0,2020-12-08,0.3,CLOSED,50.0,307.0,16.0,100.0
-,0992.HK,2020-10-28,HKD,4.93,2020-12-23,5.06,2.64,12.0,2020-11-03,5.06,CLOSED,2.64,111.0,11.0,100.0
-,0992.HK,2020-10-28,HKD,4.93,2021-01-01,5.12,3.85,15.0,2020-11-03,5.12,CLOSED,3.85,162.0,9.0,100.0
-,0196.HK,2020-10-28,HKD,0.2,2020-12-15,0.21,5.0,26.0,2020-11-12,0.21,CLOSED,5.0,84.0,31.0,100.0
-,VZ,2020-10-28,USD,56.31,2021-05-04,61.13,8.56,11.0,2020-11-10,61.13,CLOSED,8.56,166.0,7.0,100.0
-,EQR,2020-10-28,USD,46.24,2021-01-30,51.31,10.96,29.0,2020-11-03,51.31,CLOSED,10.96,460.0,6.0,100.0
-,EQR,2020-10-28,USD,46.24,2021-01-27,57.26,23.83,66.0,2020-11-09,57.26,CLOSED,23.83,500.0,13.0,100.0
-,EQR,2020-10-28,USD,46.24,2021-07-19,57.26,23.83,23.0,2020-11-09,57.26,CLOSED,23.83,500.0,5.0,100.0
-,ASX-SDA,2020-10-28,AUD,0.79,2021-09-24,1.01,27.85,21.0,2020-12-11,0.79,OPEN,0.0,0.0,13.0,0.0
-,ASX-SDA,2020-10-28,AUD,0.79,2021-09-27,0.9,13.92,11.0,2020-12-11,0.79,OPEN,0.0,0.0,13.0,0.0
-,ASX-RRL,2020-10-28,AUD,4.37,2020-12-13,4.98,13.96,76.0,2020-12-11,3.71,OPEN,-15.1,-86.0,96.0,-108.0
-,ASX-RHC,2020-10-28,AUD,63.5,2021-09-20,73.76,16.16,12.0,2020-12-11,63.24,OPEN,-0.41,-2.0,13.0,-3.0
-,ASX-BKW,2020-10-28,AUD,17.72,2021-10-19,21.39,20.71,15.0,2020-12-11,18.97,OPEN,7.05,40.0,12.0,34.0
-,ASX-SDA,2020-10-28,AUD,0.79,2021-09-11,0.98,24.05,19.0,2020-12-11,0.79,OPEN,0.0,0.0,14.0,0.0
-,ASX-RRL,2020-10-28,AUD,4.37,2021-01-26,4.83,10.53,29.0,2020-12-11,3.71,OPEN,-15.1,-86.0,49.0,-143.0
-,ASX-RRL,2020-10-28,AUD,4.37,2021-01-21,4.6,5.26,16.0,2020-12-11,3.71,OPEN,-15.1,-86.0,52.0,-287.0
-,ASX-CHC,2020-10-28,AUD,12.54,2021-10-08,17.04,35.89,26.0,2020-12-11,14.32,OPEN,14.19,81.0,13.0,40.0
-,ASX-CHC,2020-10-28,AUD,12.54,2021-10-14,16.08,28.23,20.0,2020-12-11,14.32,OPEN,14.19,81.0,13.0,50.0
-,ASX-SDA,2020-10-28,AUD,0.79,2021-10-06,0.89,12.66,9.0,2020-12-11,0.79,OPEN,0.0,0.0,13.0,0.0
-,ASX-MFG,2020-10-28,AUD,57.56,2021-02-19,66.78,16.02,35.0,2020-12-11,54.8,OPEN,-4.79,-27.0,39.0,-30.0
-,ASX-AMC,2020-10-28,AUD,14.84,2021-04-16,16.4,10.51,16.0,2020-12-11,15.16,OPEN,2.16,12.0,26.0,21.0
-,ASX-MFG,2020-10-28,AUD,57.56,2021-08-24,68.95,19.79,17.0,2020-12-11,54.8,OPEN,-4.79,-27.0,15.0,-24.0
-,0510.HK,2020-10-28,HKD,0.42,2021-08-08,0.83,97.62,87.0,2020-12-11,0.53,OPEN,26.19,150.0,15.0,27.0
-,0510.HK,2020-10-28,HKD,0.42,2021-10-25,0.83,97.62,68.0,2020-12-11,0.53,OPEN,26.19,150.0,12.0,27.0
-,2638.HK,2020-10-28,HKD,7.97,2021-08-12,8.49,6.52,6.0,2020-12-11,7.71,OPEN,-3.26,-19.0,15.0,-50.0
-,2638.HK,2020-10-28,HKD,7.97,2021-04-05,8.54,7.15,11.0,2020-12-11,7.71,OPEN,-3.26,-19.0,28.0,-46.0
-,EQR,2020-10-28,USD,46.24,2021-09-15,71.5,54.63,43.0,2020-12-11,58.94,OPEN,27.47,157.0,14.0,50.0
-,ASX-SDF,2020-10-29,AUD,3.59,2021-03-10,3.95,10.03,19.0,2020-11-10,3.95,CLOSED,10.03,211.0,9.0,100.0
-,ASX-SDF,2020-10-29,AUD,3.59,2020-12-28,3.81,6.13,26.0,2020-11-10,3.81,CLOSED,6.13,129.0,20.0,100.0
-,ASX-TLS,2020-10-29,AUD,2.69,2021-01-02,2.84,5.58,22.0,2020-11-09,2.84,CLOSED,5.58,128.0,17.0,100.0
-,ASX-BKL,2020-10-29,AUD,71.52,2021-04-30,78.08,9.17,13.0,2020-11-12,78.08,CLOSED,9.17,165.0,8.0,100.0
-,ASX-TLS,2020-10-29,AUD,2.69,2021-04-05,2.89,7.43,12.0,2020-11-10,2.89,CLOSED,7.43,156.0,8.0,100.0
-,ASX-AMC,2020-10-29,AUD,14.92,2020-12-25,15.73,5.43,24.0,2020-11-06,15.73,CLOSED,5.43,171.0,14.0,100.0
-,ASX-BKL,2020-10-29,AUD,71.52,2021-07-10,77.23,7.98,8.0,2020-11-12,77.23,CLOSED,7.98,144.0,6.0,100.0
-,0006.HK,2020-10-29,HKD,39.85,2021-05-25,41.82,4.94,6.0,2020-11-11,41.82,CLOSED,4.94,96.0,6.0,100.0
-,0992.HK,2020-10-29,HKD,4.98,2021-07-12,5.5,10.44,10.0,2020-11-06,5.5,CLOSED,10.44,329.0,3.0,100.0
-,2778.HK,2020-10-29,HKD,3.97,2021-10-27,4.49,13.1,9.0,2020-11-19,4.49,CLOSED,13.1,157.0,6.0,100.0
-,2778.HK,2020-10-29,HKD,3.97,2021-06-27,4.27,7.56,8.0,2020-11-10,4.27,CLOSED,7.56,159.0,5.0,100.0
-,0196.HK,2020-10-29,HKD,0.2,2021-01-31,0.22,10.0,27.0,2020-11-23,0.22,CLOSED,10.0,101.0,27.0,100.0
-,0196.HK,2020-10-29,HKD,0.2,2021-07-12,0.3,50.0,49.0,2020-12-08,0.3,CLOSED,50.0,315.0,16.0,100.0
-,0992.HK,2020-10-29,HKD,4.98,2020-12-24,5.11,2.61,12.0,2020-11-03,5.11,CLOSED,2.61,132.0,9.0,100.0
-,0992.HK,2020-10-29,HKD,4.98,2021-01-02,5.18,4.02,16.0,2020-11-04,5.18,CLOSED,4.02,169.0,9.0,100.0
-,2208.HK,2020-10-29,HKD,10.6,2021-10-17,12.91,21.79,16.0,2020-12-01,12.91,CLOSED,21.79,166.0,9.0,100.0
-,0196.HK,2020-10-29,HKD,0.2,2020-12-16,0.21,5.0,26.0,2020-11-12,0.21,CLOSED,5.0,90.0,29.0,100.0
-,ROBO,2020-10-29,USD,48.84,2021-09-07,54.88,12.37,10.0,2020-11-23,54.88,CLOSED,12.37,125.0,8.0,100.0
-,XAR,2020-10-29,USD,85.43,2021-04-07,95.0,11.2,18.0,2020-11-09,95.0,CLOSED,11.2,257.0,7.0,100.0
-,ESS,2020-10-29,USD,197.58,2021-07-01,227.24,15.01,15.0,2020-11-04,227.24,CLOSED,15.01,630.0,2.0,100.0
-,ESS,2020-10-29,USD,197.58,2021-06-24,226.13,14.45,15.0,2020-11-04,226.13,CLOSED,14.45,607.0,3.0,100.0
-,ESS,2020-10-29,USD,197.58,2021-03-14,219.85,11.27,21.0,2020-11-03,219.85,CLOSED,11.27,568.0,4.0,100.0
-,MA,2020-10-29,USD,293.18,2021-04-05,349.91,19.35,31.0,2020-11-09,349.91,CLOSED,19.35,443.0,7.0,100.0
-,AVB,2020-10-29,USD,136.13,2021-09-18,151.87,11.56,9.0,2020-11-03,151.87,CLOSED,11.56,583.0,2.0,100.0
-,KO,2020-10-29,USD,48.02,2021-10-01,53.39,11.18,8.0,2020-11-10,53.39,CLOSED,11.18,235.0,4.0,100.0
-,MA,2020-10-29,USD,293.18,2021-03-23,335.6,14.47,25.0,2020-11-09,335.6,CLOSED,14.47,331.0,8.0,100.0
-,UNP,2020-10-29,USD,176.04,2021-08-14,210.67,19.67,17.0,2020-11-24,210.67,CLOSED,19.67,191.0,9.0,100.0
-,BXP,2020-10-29,USD,71.64,2021-03-14,77.44,8.1,15.0,2020-11-03,77.44,CLOSED,8.1,408.0,4.0,100.0
-,PLD,2020-10-29,USD,100.18,2021-03-28,109.46,9.26,16.0,2020-11-09,109.46,CLOSED,9.26,212.0,7.0,100.0
-,ESS,2020-10-29,USD,197.58,2021-03-19,217.04,9.85,18.0,2020-11-02,217.04,CLOSED,9.85,621.0,3.0,100.0
-,PM,2020-10-29,USD,70.64,2021-01-01,75.49,6.87,27.0,2020-11-13,75.49,CLOSED,6.87,115.0,23.0,100.0
-,IXN,2020-10-29,USD,256.24,2021-07-12,290.42,13.34,13.0,2020-12-07,290.42,CLOSED,13.34,86.0,15.0,100.0
-,VTR,2020-10-29,USD,39.9,2021-08-26,46.45,16.42,14.0,2020-11-09,46.45,CLOSED,16.42,376.0,4.0,100.0
-,ESS,2020-10-29,USD,197.58,2021-09-20,230.73,16.78,13.0,2020-11-09,230.73,CLOSED,16.78,384.0,3.0,100.0
-,AVB,2020-10-29,USD,136.13,2021-09-17,149.48,9.81,8.0,2020-11-03,149.48,CLOSED,9.81,494.0,2.0,100.0
-,ESS,2020-10-29,USD,197.58,2021-10-04,231.11,16.97,13.0,2020-11-09,231.11,CLOSED,16.97,389.0,3.0,100.0
-,BXP,2020-10-29,USD,71.64,2021-03-22,77.6,8.32,15.0,2020-11-03,77.6,CLOSED,8.32,419.0,3.0,100.0
-,BRKb,2020-10-29,USD,4317.2,2021-02-08,4651.35,7.74,19.0,2020-11-11,4651.35,CLOSED,7.74,150.0,13.0,100.0
-,PLD,2020-10-29,USD,100.18,2021-01-15,107.3,7.11,23.0,2020-11-04,107.3,CLOSED,7.11,299.0,8.0,100.0
-,UNP,2020-10-29,USD,176.04,2021-04-24,197.99,12.47,18.0,2020-11-09,197.99,CLOSED,12.47,286.0,6.0,100.0
-,PM,2020-10-29,USD,70.64,2021-02-25,75.17,6.41,14.0,2020-11-11,75.17,CLOSED,6.41,124.0,11.0,100.0
-,XAR,2020-10-29,USD,85.43,2021-03-18,94.08,10.13,18.0,2020-11-09,94.08,CLOSED,10.13,232.0,8.0,100.0
-,ROBO,2020-10-29,USD,48.84,2021-03-11,52.26,7.0,13.0,2020-11-09,52.26,CLOSED,7.0,160.0,8.0,100.0
-,PM,2020-10-29,USD,70.64,2021-09-02,80.73,14.28,12.0,2020-12-04,80.73,CLOSED,14.28,100.0,12.0,100.0
-,UNP,2020-10-29,USD,176.04,2021-04-14,199.66,13.42,20.0,2020-11-09,199.66,CLOSED,13.42,307.0,7.0,100.0
-,ITA,2020-10-29,USD,151.28,2021-06-18,167.35,10.62,12.0,2020-11-09,167.35,CLOSED,10.62,243.0,5.0,100.0
-,VZ,2020-10-29,USD,56.76,2021-05-05,61.62,8.56,11.0,2020-12-02,61.62,CLOSED,8.56,63.0,18.0,100.0
-,ESS,2020-10-29,USD,197.58,2020-12-27,211.61,7.1,30.0,2020-11-02,211.61,CLOSED,7.1,447.0,7.0,100.0
-,MO,2020-10-29,USD,36.87,2021-07-22,42.11,14.21,13.0,2020-12-08,42.11,CLOSED,14.21,90.0,15.0,100.0
-,AVB,2020-10-29,USD,136.13,2021-10-24,148.78,9.29,7.0,2020-11-03,148.78,CLOSED,9.29,468.0,1.0,100.0
-,ORCL,2020-10-29,USD,56.02,2021-01-02,59.37,5.98,23.0,2020-12-03,59.37,CLOSED,5.98,43.0,54.0,100.0
-,PM,2020-10-29,USD,70.64,2021-09-27,78.47,11.08,8.0,2020-11-16,78.47,CLOSED,11.08,155.0,5.0,100.0
-,MA,2020-10-29,USD,293.18,2021-01-03,306.31,4.48,17.0,2020-11-04,306.31,CLOSED,4.48,188.0,9.0,100.0
-,MO,2020-10-29,USD,36.87,2021-05-24,41.47,12.48,15.0,2020-11-16,41.47,CLOSED,12.48,175.0,9.0,100.0
-,MA,2020-10-29,USD,293.18,2021-01-08,310.39,5.87,21.0,2020-11-04,310.39,CLOSED,5.87,247.0,8.0,100.0
-,DIS,2020-10-29,USD,121.54,2021-04-16,130.72,7.55,11.0,2020-11-09,130.72,CLOSED,7.55,173.0,7.0,100.0
-,KO,2020-10-29,USD,48.02,2021-04-17,50.13,4.39,7.0,2020-11-04,50.13,CLOSED,4.39,184.0,4.0,100.0
-,IXN,2020-10-29,USD,256.24,2021-03-04,272.1,6.19,12.0,2020-11-05,272.1,CLOSED,6.19,223.0,6.0,100.0
-,ASX-SDA,2020-10-29,AUD,0.79,2021-09-25,1.01,27.85,21.0,2020-12-11,0.79,OPEN,0.0,0.0,13.0,0.0
-,ASX-SDA,2020-10-29,AUD,0.79,2021-09-28,0.9,13.92,11.0,2020-12-11,0.79,OPEN,0.0,0.0,13.0,0.0
-,ASX-SDF,2020-10-29,AUD,3.59,2021-06-27,4.43,23.4,24.0,2020-12-11,3.89,OPEN,8.36,49.0,18.0,36.0
-,ASX-SDA,2020-10-29,AUD,0.79,2021-09-12,0.98,24.05,19.0,2020-12-11,0.79,OPEN,0.0,0.0,14.0,0.0
-,ASX-SDA,2020-10-29,AUD,0.79,2021-10-07,0.89,12.66,9.0,2020-12-11,0.79,OPEN,0.0,0.0,13.0,0.0
-,ASX-AMC,2020-10-29,AUD,14.92,2021-04-17,16.49,10.52,16.0,2020-12-11,15.16,OPEN,1.61,9.0,25.0,15.0
-,2208.HK,2020-10-29,HKD,10.6,2021-09-17,22.22,109.62,86.0,2020-12-11,11.96,OPEN,12.83,75.0,13.0,12.0
-,0206.HK,2020-10-29,HKD,0.24,2021-06-27,0.44,83.33,87.0,2020-12-11,0.23,OPEN,-4.17,-24.0,18.0,-5.0
-,0006.HK,2020-10-29,HKD,39.85,2021-09-26,42.85,7.53,6.0,2020-12-11,41.15,OPEN,3.26,19.0,13.0,43.0
-,3808.HK,2020-10-29,HKD,19.14,2021-05-27,23.51,22.83,27.0,2020-12-11,19.02,OPEN,-0.63,-4.0,20.0,-3.0
-,BRKb,2020-10-29,USD,4317.2,2021-03-08,4802.45,11.24,22.0,2020-12-11,4555.2,OPEN,5.51,32.0,33.0,49.0
-,BRKb,2020-10-29,USD,4317.2,2021-04-29,5265.69,21.97,30.0,2020-12-11,4555.2,OPEN,5.51,32.0,24.0,25.0
-,BRKb,2020-10-29,USD,4317.2,2021-04-03,4873.69,12.89,21.0,2020-12-11,4555.2,OPEN,5.51,32.0,28.0,43.0
-,MO,2020-10-29,USD,36.87,2021-07-16,46.27,25.49,25.0,2020-12-11,43.0,OPEN,16.63,97.0,17.0,65.0
-,AAPL,2020-10-29,USD,115.32,2021-10-14,170.97,48.26,35.0,2020-12-11,122.41,OPEN,6.15,36.0,12.0,13.0
-,MO,2020-10-29,USD,36.87,2021-07-26,44.22,19.93,19.0,2020-12-11,43.0,OPEN,16.63,97.0,16.0,83.0
-,MA,2020-10-29,USD,293.18,2021-06-29,378.79,29.2,30.0,2020-12-11,327.42,OPEN,11.68,68.0,18.0,40.0
-,AAPL,2020-10-29,USD,115.32,2021-10-26,152.4,32.15,22.0,2020-12-11,122.41,OPEN,6.15,36.0,12.0,19.0
-,MA,2020-10-29,USD,293.18,2021-10-19,427.1,45.68,32.0,2020-12-11,327.42,OPEN,11.68,68.0,12.0,26.0
-,UNP,2020-10-29,USD,176.04,2021-09-03,214.15,21.65,18.0,2020-12-11,203.06,OPEN,15.35,90.0,14.0,71.0
-,MA,2020-10-29,USD,293.18,2021-07-23,401.07,36.8,35.0,2020-12-11,327.42,OPEN,11.68,68.0,16.0,32.0
-,MA,2020-10-29,USD,293.18,2021-09-25,410.07,39.87,30.0,2020-12-11,327.42,OPEN,11.68,68.0,13.0,29.0
-,AAPL,2020-10-29,USD,115.32,2021-08-29,147.77,28.14,23.0,2020-12-11,122.41,OPEN,6.15,36.0,14.0,22.0
-,PLD,2020-10-29,USD,100.18,2021-08-18,113.61,13.41,12.0,2020-12-11,97.37,OPEN,-2.8,-16.0,15.0,-21.0
-,ORCL,2020-10-29,USD,56.02,2021-05-08,64.16,14.53,19.0,2020-12-11,60.61,OPEN,8.19,48.0,23.0,56.0
-,ORCL,2020-10-29,USD,56.02,2021-05-02,62.51,11.59,16.0,2020-12-11,60.61,OPEN,8.19,48.0,23.0,71.0
-,ASX-CTD,2020-11-02,AUD,14.67,2021-04-15,19.17,30.67,47.0,2020-11-10,19.17,CLOSED,30.67,966.0,5.0,100.0
-,ASX-S32,2020-11-02,AUD,2.05,2021-02-04,2.44,19.02,51.0,2020-11-25,2.44,CLOSED,19.02,208.0,24.0,100.0
-,ASX-SCP,2020-11-02,AUD,2.35,2021-03-15,2.5,6.38,12.0,2020-11-10,2.5,CLOSED,6.38,201.0,6.0,100.0
-,ASX-BKW,2020-11-02,AUD,17.63,2021-07-15,20.15,14.29,14.0,2020-11-25,20.15,CLOSED,14.29,157.0,9.0,100.0
-,ASX-SYD,2020-11-02,AUD,5.69,2021-08-09,6.94,21.97,20.0,2020-11-10,6.94,CLOSED,21.97,692.0,3.0,100.0
-,ASX-AGL,2020-11-02,AUD,12.71,2021-02-16,14.02,10.31,25.0,2020-11-25,14.02,CLOSED,10.31,113.0,22.0,100.0
-,ASX-SCP,2020-11-02,AUD,2.35,2021-01-20,2.48,5.53,18.0,2020-11-10,2.48,CLOSED,5.53,174.0,10.0,100.0
-,INDEXASX-XJO,2020-11-02,USD,5951.3,2021-08-02,6529.77,9.72,9.0,2020-11-17,6529.77,CLOSED,9.72,163.0,5.0,100.0
-,INDEXASX-XJO,2020-11-02,USD,5951.3,2021-04-22,6352.42,6.74,10.0,2020-11-10,6352.42,CLOSED,6.74,212.0,5.0,100.0
-,STW,2020-11-02,USD,55.29,2021-07-14,59.28,7.22,7.0,2020-11-10,59.28,CLOSED,7.22,227.0,3.0,100.0
-,ASX-AGL,2020-11-02,AUD,12.71,2021-03-07,13.7,7.79,16.0,2020-11-25,13.7,CLOSED,7.79,85.0,18.0,100.0
-,ASX-AGL,2020-11-02,AUD,12.71,2021-01-13,13.35,5.04,18.0,2020-11-11,13.35,CLOSED,5.04,141.0,12.0,100.0
-,STW,2020-11-02,USD,55.29,2021-04-22,58.45,5.72,8.0,2020-11-09,58.45,CLOSED,5.72,206.0,4.0,100.0
-,ASX-DXS,2020-11-02,AUD,8.8,2021-01-29,9.26,5.23,15.0,2020-11-10,9.26,CLOSED,5.23,165.0,9.0,100.0
-,ASX-AMC,2020-11-02,AUD,15.0,2020-12-29,15.81,5.4,24.0,2020-11-06,15.81,CLOSED,5.4,340.0,7.0,100.0
-,ASX-SYD,2020-11-02,AUD,5.69,2021-03-09,6.12,7.56,15.0,2020-11-10,6.12,CLOSED,7.56,238.0,6.0,100.0
-,ASX-MND,2020-11-02,AUD,9.16,2021-03-20,10.57,15.39,28.0,2020-11-10,10.57,CLOSED,15.39,485.0,6.0,100.0
-,ASX-VCX,2020-11-02,AUD,1.25,2021-01-11,1.32,5.6,20.0,2020-11-03,1.32,CLOSED,5.6,1411.0,1.0,100.0
-,ASX-BKW,2020-11-02,AUD,17.63,2021-01-15,18.45,4.65,16.0,2020-11-06,18.45,CLOSED,4.65,293.0,5.0,100.0
-,INDEXASX-XJO,2020-11-02,USD,5951.3,2021-01-23,6151.26,3.36,10.0,2020-11-06,6151.26,CLOSED,3.36,212.0,5.0,100.0
-,0823.HK,2020-11-02,HKD,59.1,2021-07-07,70.49,19.27,20.0,2020-11-17,70.49,CLOSED,19.27,324.0,6.0,100.0
-,1113.HK,2020-11-02,HKD,35.95,2021-04-27,42.78,19.0,27.0,2020-11-12,42.78,CLOSED,19.0,479.0,6.0,100.0
-,1113.HK,2020-11-02,HKD,35.95,2021-06-30,41.8,16.27,17.0,2020-11-11,41.8,CLOSED,16.27,456.0,4.0,100.0
-,1299.HK,2020-11-02,HKD,73.35,2021-06-11,88.2,20.25,23.0,2020-11-11,88.2,CLOSED,20.25,567.0,4.0,100.0
-,1113.HK,2020-11-02,HKD,35.95,2020-11-08,37.03,3.0,126.0,2020-11-03,37.03,CLOSED,3.0,756.0,17.0,100.0
-,1113.HK,2020-11-02,HKD,35.95,2021-07-13,42.47,18.14,18.0,2020-11-11,42.47,CLOSED,18.14,508.0,4.0,100.0
-,1113.HK,2020-11-02,HKD,35.95,2020-12-10,39.15,8.9,59.0,2020-11-10,39.15,CLOSED,8.9,280.0,21.0,100.0
-,1113.HK,2020-11-02,HKD,35.95,2020-12-16,39.71,10.46,60.0,2020-11-10,39.71,CLOSED,10.46,329.0,18.0,100.0
-,1113.HK,2020-11-02,HKD,35.95,2021-03-27,40.25,11.96,21.0,2020-11-10,40.25,CLOSED,11.96,377.0,6.0,100.0
-,0823.HK,2020-11-02,HKD,59.1,2021-08-17,71.82,21.52,19.0,2020-11-18,71.82,CLOSED,21.52,339.0,6.0,100.0
-,2883.HK,2020-11-02,HKD,4.63,2021-10-17,7.07,52.7,38.0,2020-11-25,7.07,CLOSED,52.7,577.0,7.0,100.0
-,1299.HK,2020-11-02,HKD,73.35,2021-03-10,81.02,10.46,21.0,2020-11-06,81.02,CLOSED,10.46,659.0,3.0,100.0
-,2883.HK,2020-11-02,HKD,4.63,2021-07-11,6.09,31.53,32.0,2020-11-17,6.09,CLOSED,31.53,530.0,6.0,100.0
-,2378.HK,2020-11-02,HKD,95.9,2021-08-18,109.95,14.65,13.0,2020-11-09,109.95,CLOSED,14.65,527.0,2.0,100.0
-,2378.HK,2020-11-02,HKD,95.9,2021-08-09,108.41,13.04,12.0,2020-11-09,108.41,CLOSED,13.04,469.0,2.0,100.0
-,1113.HK,2020-11-02,HKD,35.95,2021-04-28,38.37,6.73,10.0,2020-11-06,38.37,CLOSED,6.73,424.0,2.0,100.0
-,0196.HK,2020-11-02,HKD,0.19,2021-02-04,0.21,10.53,28.0,2020-11-12,0.21,CLOSED,10.53,265.0,11.0,100.0
-,0196.HK,2020-11-02,HKD,0.19,2021-07-16,0.28,47.37,47.0,2020-12-07,0.28,CLOSED,47.37,341.0,14.0,100.0
-,1299.HK,2020-11-02,HKD,73.35,2020-12-31,77.52,5.69,24.0,2020-11-03,77.52,CLOSED,5.69,1434.0,2.0,100.0
-,2778.HK,2020-11-02,HKD,3.81,2021-06-30,4.35,14.17,15.0,2020-11-11,4.35,CLOSED,14.17,397.0,4.0,100.0
-,2778.HK,2020-11-02,HKD,3.81,2021-06-06,4.38,14.96,17.0,2020-11-16,4.38,CLOSED,14.96,269.0,6.0,100.0
-,0196.HK,2020-11-02,HKD,0.19,2020-12-20,0.2,5.26,28.0,2020-11-03,0.2,CLOSED,5.26,1326.0,2.0,100.0
-,MA,2020-11-02,USD,290.01,2021-04-09,346.13,19.35,31.0,2020-11-09,346.13,CLOSED,19.35,697.0,4.0,100.0
-,TSLA,2020-11-02,USD,400.51,2021-08-10,571.53,42.7,38.0,2020-11-25,571.53,CLOSED,42.7,468.0,8.0,100.0
-,MA,2020-11-02,USD,290.01,2021-03-27,331.97,14.47,25.0,2020-11-09,331.97,CLOSED,14.47,521.0,5.0,100.0
-,JNJ,2020-11-02,USD,138.67,2021-03-30,149.07,7.5,13.0,2020-11-11,149.07,CLOSED,7.5,210.0,6.0,100.0
-,IXN,2020-11-02,USD,251.42,2021-07-16,284.96,13.34,13.0,2020-12-01,284.96,CLOSED,13.34,116.0,11.0,100.0
-,VHT,2020-11-02,USD,201.08,2021-06-08,219.94,9.38,11.0,2020-11-09,219.94,CLOSED,9.38,338.0,3.0,100.0
-,JNJ,2020-11-02,USD,138.67,2021-03-21,147.2,6.15,11.0,2020-11-09,147.2,CLOSED,6.15,221.0,5.0,100.0
-,VHT,2020-11-02,USD,201.08,2021-03-08,215.24,7.04,14.0,2020-11-04,215.24,CLOSED,7.04,887.0,2.0,100.0
-,PEP,2020-11-02,USD,135.15,2021-03-16,142.69,5.58,10.0,2020-11-09,142.69,CLOSED,5.58,201.0,5.0,100.0
-,BXP,2020-11-02,USD,76.1,2021-03-26,82.43,8.32,15.0,2020-11-09,82.43,CLOSED,8.32,300.0,5.0,100.0
-,VHT,2020-11-02,USD,201.08,2021-01-22,210.25,4.56,14.0,2020-11-04,210.25,CLOSED,4.56,575.0,2.0,100.0
-,PX,2020-11-02,USD,0.16,2021-08-25,0.18,12.5,11.0,2020-11-16,0.18,CLOSED,12.5,225.0,5.0,100.0
-,UNP,2020-11-02,USD,179.22,2021-04-28,201.57,12.47,18.0,2020-11-09,201.57,CLOSED,12.47,449.0,4.0,100.0
-,JNJ,2020-11-02,USD,138.67,2021-01-15,146.88,5.92,20.0,2020-11-09,146.88,CLOSED,5.92,213.0,9.0,100.0
-,IYH,2020-11-02,USD,222.95,2021-04-22,235.68,5.71,8.0,2020-11-04,235.68,CLOSED,5.71,719.0,1.0,100.0
-,TSLA,2020-11-02,USD,400.51,2021-03-17,464.07,15.87,30.0,2020-11-18,464.07,CLOSED,15.87,250.0,12.0,100.0
-,MO,2020-11-02,USD,36.47,2021-07-26,41.65,14.2,13.0,2020-12-07,41.65,CLOSED,14.2,102.0,13.0,100.0
-,IYH,2020-11-02,USD,222.95,2021-10-15,243.1,9.04,7.0,2020-11-09,243.1,CLOSED,9.04,325.0,2.0,100.0
-,BEN,2020-11-02,USD,19.59,2021-10-29,23.99,22.46,16.0,2020-12-08,23.99,CLOSED,22.46,157.0,10.0,100.0
-,JNJ,2020-11-02,USD,138.67,2021-01-14,144.97,4.54,16.0,2020-11-09,144.97,CLOSED,4.54,163.0,10.0,100.0
-,ORCL,2020-11-02,USD,56.44,2021-01-06,59.82,5.99,23.0,2020-12-03,59.82,CLOSED,5.99,49.0,48.0,100.0
-,MA,2020-11-02,USD,290.01,2021-01-07,303.0,4.48,17.0,2020-11-04,303.0,CLOSED,4.48,564.0,3.0,100.0
-,XLV,2020-11-02,USD,103.5,2021-04-15,109.85,6.14,9.0,2020-11-04,109.85,CLOSED,6.14,774.0,1.0,100.0
-,PEP,2020-11-02,USD,135.15,2021-01-18,139.42,3.16,10.0,2020-11-04,139.42,CLOSED,3.16,398.0,3.0,100.0
-,IYH,2020-11-02,USD,222.95,2021-01-18,229.82,3.08,10.0,2020-11-04,229.82,CLOSED,3.08,388.0,3.0,100.0
-,MO,2020-11-02,USD,36.47,2021-05-28,41.02,12.48,15.0,2020-11-16,41.02,CLOSED,12.48,225.0,7.0,100.0
-,MA,2020-11-02,USD,290.01,2021-01-12,307.03,5.87,21.0,2020-11-04,307.03,CLOSED,5.87,740.0,3.0,100.0
-,XLV,2020-11-02,USD,103.5,2021-01-09,107.06,3.44,13.0,2020-11-04,107.06,CLOSED,3.44,433.0,3.0,100.0
-,IXN,2020-11-02,USD,251.42,2021-03-08,266.98,6.19,12.0,2020-11-04,266.98,CLOSED,6.19,780.0,2.0,100.0
-,ASX-S32,2020-11-02,AUD,2.05,2021-05-12,2.92,42.44,56.0,2020-12-11,2.57,OPEN,25.37,164.0,20.0,60.0
-,ASX-AGL,2020-11-02,AUD,12.71,2021-02-20,14.39,13.22,30.0,2020-12-11,13.33,OPEN,4.88,32.0,35.0,37.0
-,ASX-SKI,2020-11-02,AUD,2.02,2021-08-27,2.35,16.34,14.0,2020-12-11,2.14,OPEN,5.94,38.0,13.0,36.0
-,ASX-BKW,2020-11-02,AUD,17.63,2021-10-24,21.28,20.7,15.0,2020-12-11,18.97,OPEN,7.6,49.0,11.0,37.0
-,ASX-IPL,2020-11-02,AUD,1.95,2021-10-09,2.65,35.9,27.0,2020-12-11,2.34,OPEN,20.0,129.0,11.0,56.0
-,ASX-SKI,2020-11-02,AUD,2.02,2021-07-02,2.18,7.92,8.0,2020-12-11,2.14,OPEN,5.94,38.0,16.0,75.0
-,ASX-AMC,2020-11-02,AUD,15.0,2021-04-21,16.57,10.47,16.0,2020-12-11,15.16,OPEN,1.07,7.0,23.0,10.0
-,0206.HK,2020-11-02,HKD,0.25,2021-07-01,0.46,84.0,88.0,2020-12-11,0.23,OPEN,-8.0,-52.0,16.0,-10.0
-,1113.HK,2020-11-02,HKD,35.95,2021-05-01,46.42,29.12,41.0,2020-12-11,43.25,OPEN,20.31,131.0,22.0,70.0
-,1113.HK,2020-11-02,HKD,35.95,2021-06-13,44.5,23.78,27.0,2020-12-11,43.25,OPEN,20.31,131.0,17.0,85.0
-,0857.HK,2020-11-02,HKD,2.2,2021-07-29,3.52,60.0,56.0,2020-12-11,2.38,OPEN,8.18,53.0,14.0,14.0
-,0388.HK,2020-11-02,HKD,373.8,2021-11-01,449.01,20.12,14.0,2020-12-11,386.0,OPEN,3.26,21.0,11.0,16.0
-,0388.HK,2020-11-02,HKD,373.8,2021-05-26,417.27,11.63,14.0,2020-12-11,386.0,OPEN,3.26,21.0,19.0,28.0
-,MO,2020-11-02,USD,36.47,2021-07-20,45.77,25.5,25.0,2020-12-11,43.0,OPEN,17.91,116.0,15.0,70.0
-,MO,2020-11-02,USD,36.47,2021-07-30,43.74,19.93,19.0,2020-12-11,43.0,OPEN,17.91,116.0,14.0,90.0
-,MA,2020-11-02,USD,290.01,2021-07-03,374.69,29.2,30.0,2020-12-11,327.42,OPEN,12.9,83.0,16.0,44.0
-,JNJ,2020-11-02,USD,138.67,2021-09-26,156.02,12.51,10.0,2020-12-11,152.95,OPEN,10.3,67.0,12.0,82.0
-,MA,2020-11-02,USD,290.01,2021-10-23,422.49,45.68,32.0,2020-12-11,327.42,OPEN,12.9,83.0,11.0,28.0
-,MA,2020-11-02,USD,290.01,2021-07-27,396.73,36.8,35.0,2020-12-11,327.42,OPEN,12.9,83.0,15.0,35.0
-,MA,2020-11-02,USD,290.01,2021-09-29,405.64,39.87,30.0,2020-12-11,327.42,OPEN,12.9,83.0,12.0,32.0
-,UNP,2020-11-02,USD,179.22,2021-08-18,214.47,19.67,17.0,2020-12-11,203.06,OPEN,13.3,86.0,13.0,68.0
-,DLR,2020-11-02,USD,145.95,2021-09-12,174.19,19.35,16.0,2020-12-11,130.27,OPEN,-10.74,-69.0,12.0,-56.0
-,PEP,2020-11-02,USD,135.15,2021-08-02,150.3,11.21,10.0,2020-12-11,144.97,OPEN,7.27,47.0,14.0,65.0
-,DUK,2020-11-02,USD,93.82,2021-05-19,99.82,6.4,8.0,2020-12-11,91.54,OPEN,-2.43,-16.0,20.0,-38.0
-,ORCL,2020-11-02,USD,56.44,2021-05-06,62.98,11.59,16.0,2020-12-11,60.61,OPEN,7.39,48.0,21.0,64.0
-,LOW,2020-11-02,USD,160.19,2021-03-08,179.46,12.03,24.0,2020-12-11,157.82,OPEN,-1.48,-10.0,31.0,-12.0
-,VZ,2020-11-02,USD,57.7,2021-05-09,62.64,8.56,11.0,2020-12-11,60.35,OPEN,4.59,30.0,21.0,54.0
-,DLR,2020-11-02,USD,145.95,2021-03-05,159.25,9.11,19.0,2020-12-11,130.27,OPEN,-10.74,-69.0,32.0,-118.0
+,ASX-IGO,2020-11-03,AUD,4.65,2021-06-24,6.17,32.69,35.0,2020-12-11,6.17,CLOSED,32.69,217.0,16.0,100.0
-,ASX-CTD,2020-11-03,AUD,15.47,2021-04-16,20.22,30.7,47.0,2020-11-10,20.22,CLOSED,30.7,1105.0,4.0,100.0
-,ASX-ECX,2020-11-03,AUD,1.53,2021-06-14,1.81,18.3,21.0,2020-11-11,1.81,CLOSED,18.3,576.0,4.0,100.0
-,ASX-ECX,2020-11-03,AUD,1.53,2021-06-18,1.81,18.3,20.0,2020-11-11,1.81,CLOSED,18.3,576.0,4.0,100.0
-,ASX-TCL,2020-11-03,AUD,13.53,2021-10-27,15.59,15.23,11.0,2020-11-11,15.59,CLOSED,15.23,480.0,2.0,100.0
-,ASX-SKC,2020-11-03,AUD,2.66,2021-02-12,3.04,14.29,36.0,2020-11-11,3.04,CLOSED,14.29,450.0,8.0,100.0
-,ASX-WEB,2020-11-03,AUD,3.77,2021-10-08,5.9,56.5,42.0,2020-11-25,5.9,CLOSED,56.5,647.0,6.0,100.0
-,ASX-AZJ,2020-11-03,AUD,3.78,2021-03-07,4.15,9.79,20.0,2020-11-24,4.15,CLOSED,9.79,117.0,17.0,100.0
-,ASX-AZJ,2020-11-03,AUD,3.78,2021-01-08,4.06,7.41,28.0,2020-11-10,4.06,CLOSED,7.41,267.0,11.0,100.0
-,ASX-CAR,2020-11-03,AUD,20.88,2021-01-02,22.58,8.14,34.0,2020-11-10,22.58,CLOSED,8.14,293.0,12.0,100.0
-,ASX-IPH,2020-11-03,AUD,6.59,2021-01-22,7.18,8.95,28.0,2020-11-20,7.18,CLOSED,8.95,133.0,21.0,100.0
-,ASX-RHC,2020-11-03,AUD,63.35,2021-05-18,69.74,10.09,13.0,2020-11-10,69.74,CLOSED,10.09,363.0,4.0,100.0
-,ASX-IRE,2020-11-03,AUD,9.04,2021-04-03,10.01,10.73,18.0,2020-11-05,10.01,CLOSED,10.73,1352.0,1.0,100.0
-,ASX-IRE,2020-11-03,AUD,9.04,2020-12-24,9.61,6.31,31.0,2020-11-05,9.61,CLOSED,6.31,795.0,4.0,100.0
-,ASX-MMS,2020-11-03,AUD,9.49,2021-05-13,10.98,15.7,21.0,2020-11-13,10.98,CLOSED,15.7,396.0,5.0,100.0
-,ASX-FBU,2020-11-03,AUD,4.09,2021-09-20,4.48,9.54,7.0,2020-11-10,4.48,CLOSED,9.54,343.0,2.0,100.0
-,ASX-WEB,2020-11-03,AUD,3.77,2021-06-16,4.84,28.38,32.0,2020-11-10,4.84,CLOSED,28.38,1022.0,3.0,100.0
-,ASX-NAN,2020-11-03,AUD,5.12,2021-10-07,6.29,22.85,17.0,2020-11-12,6.29,CLOSED,22.85,640.0,3.0,100.0
-,ASX-IRE,2020-11-03,AUD,9.04,2020-12-26,9.49,4.98,24.0,2020-11-05,9.49,CLOSED,4.98,627.0,4.0,100.0
-,ASX-ORI,2020-11-03,AUD,15.55,2021-03-15,16.7,7.4,14.0,2020-11-11,16.7,CLOSED,7.4,233.0,6.0,100.0
-,ASX-MND,2020-11-03,AUD,9.48,2021-03-21,10.94,15.4,28.0,2020-11-11,10.94,CLOSED,15.4,485.0,6.0,100.0
-,ASX-RHC,2020-11-03,AUD,63.35,2021-01-10,67.05,5.84,22.0,2020-11-10,67.05,CLOSED,5.84,210.0,10.0,100.0
-,ASX-NAN,2020-11-03,AUD,5.12,2021-10-20,6.64,29.69,21.0,2020-11-24,6.64,CLOSED,29.69,356.0,6.0,100.0
-,ASX-CCP,2020-11-03,AUD,19.0,2021-09-02,21.94,15.47,13.0,2020-11-10,21.94,CLOSED,15.47,557.0,2.0,100.0
-,ASX-MMS,2020-11-03,AUD,9.49,2021-07-02,10.44,10.01,10.0,2020-11-10,10.44,CLOSED,10.01,360.0,3.0,100.0
-,ASX-SIG,2020-11-03,AUD,0.52,2021-01-06,0.55,5.77,23.0,2020-11-09,0.55,CLOSED,5.77,242.0,9.0,100.0
-,ASX-SIG,2020-11-03,AUD,0.52,2021-04-05,0.57,9.62,16.0,2020-11-26,0.57,CLOSED,9.62,105.0,15.0,100.0
-,ASX-IRE,2020-11-03,AUD,9.04,2021-04-17,9.88,9.29,14.0,2020-11-05,9.88,CLOSED,9.29,1171.0,1.0,100.0
-,ASX-AZJ,2020-11-03,AUD,3.78,2021-04-02,4.02,6.35,11.0,2020-11-10,4.02,CLOSED,6.35,229.0,5.0,100.0
-,0019.HK,2020-11-03,HKD,37.2,2021-06-01,45.58,22.53,27.0,2020-11-18,45.58,CLOSED,22.53,379.0,7.0,100.0
-,0778.HK,2020-11-03,HKD,6.41,2021-09-22,7.37,14.98,12.0,2020-12-08,7.37,CLOSED,14.98,108.0,11.0,100.0
-,0823.HK,2020-11-03,HKD,60.05,2021-07-08,71.63,19.28,20.0,2020-11-17,71.63,CLOSED,19.28,347.0,6.0,100.0
-,1113.HK,2020-11-03,HKD,37.25,2021-04-28,44.33,19.01,27.0,2020-11-25,44.33,CLOSED,19.01,218.0,12.0,100.0
-,1113.HK,2020-11-03,HKD,37.25,2021-07-01,43.31,16.27,17.0,2020-11-17,43.31,CLOSED,16.27,293.0,6.0,100.0
-,2588.HK,2020-11-03,HKD,48.35,2021-03-20,57.96,19.88,37.0,2020-11-10,57.96,CLOSED,19.88,716.0,5.0,100.0
-,2588.HK,2020-11-03,HKD,48.35,2021-04-13,56.8,17.48,27.0,2020-11-10,56.8,CLOSED,17.48,629.0,4.0,100.0
-,0019.HK,2020-11-03,HKD,37.2,2021-05-27,46.44,24.84,31.0,2020-11-18,46.44,CLOSED,24.84,417.0,7.0,100.0
-,0435.HK,2020-11-03,HKD,3.36,2021-06-15,3.94,17.26,19.0,2020-12-08,3.94,CLOSED,17.26,124.0,16.0,100.0
-,1113.HK,2020-11-03,HKD,37.25,2020-11-09,38.37,3.01,126.0,2020-11-06,38.37,CLOSED,3.01,253.0,50.0,100.0
-,1113.HK,2020-11-03,HKD,37.25,2021-07-14,44.01,18.15,18.0,2020-11-19,44.01,CLOSED,18.15,286.0,6.0,100.0
-,1113.HK,2020-11-03,HKD,37.25,2020-12-11,40.57,8.91,59.0,2020-11-10,40.57,CLOSED,8.91,321.0,18.0,100.0
-,1113.HK,2020-11-03,HKD,37.25,2020-12-17,41.15,10.47,60.0,2020-11-11,41.15,CLOSED,10.47,330.0,18.0,100.0
-,1113.HK,2020-11-03,HKD,37.25,2021-03-28,41.71,11.97,21.0,2020-11-11,41.71,CLOSED,11.97,377.0,6.0,100.0
-,0435.HK,2020-11-03,HKD,3.36,2021-08-13,3.89,15.77,14.0,2020-12-07,3.89,CLOSED,15.77,117.0,12.0,100.0
-,0435.HK,2020-11-03,HKD,3.36,2021-06-29,3.84,14.29,15.0,2020-12-01,3.84,CLOSED,14.29,129.0,12.0,100.0
-,1299.HK,2020-11-03,HKD,77.95,2021-03-11,86.1,10.46,21.0,2020-11-10,86.1,CLOSED,10.46,377.0,5.0,100.0
-,2378.HK,2020-11-03,HKD,97.55,2021-08-19,111.84,14.65,13.0,2020-11-10,111.84,CLOSED,14.65,527.0,2.0,100.0
-,0778.HK,2020-11-03,HKD,6.41,2021-06-28,6.97,8.74,9.0,2020-11-11,6.97,CLOSED,8.74,275.0,3.0,100.0
-,0019.HK,2020-11-03,HKD,37.2,2021-03-17,39.11,5.13,10.0,2020-11-10,39.11,CLOSED,5.13,185.0,5.0,100.0
-,2378.HK,2020-11-03,HKD,97.55,2021-08-10,110.27,13.04,12.0,2020-11-10,110.27,CLOSED,13.04,469.0,2.0,100.0
-,1113.HK,2020-11-03,HKD,37.25,2021-04-29,39.76,6.74,10.0,2020-11-10,39.76,CLOSED,6.74,243.0,4.0,100.0
-,0006.HK,2020-11-03,HKD,40.0,2021-04-08,41.94,4.85,8.0,2020-11-11,41.94,CLOSED,4.85,153.0,5.0,100.0
-,0435.HK,2020-11-03,HKD,3.36,2021-03-03,3.56,5.95,12.0,2020-11-10,3.56,CLOSED,5.95,214.0,6.0,100.0
-,0196.HK,2020-11-03,HKD,0.19,2021-02-05,0.21,10.53,28.0,2020-11-12,0.21,CLOSED,10.53,295.0,10.0,100.0
-,0196.HK,2020-11-03,HKD,0.19,2021-07-17,0.28,47.37,47.0,2020-12-07,0.28,CLOSED,47.37,351.0,13.0,100.0
-,1299.HK,2020-11-03,HKD,77.95,2021-01-01,82.39,5.7,24.0,2020-11-09,82.39,CLOSED,5.7,239.0,10.0,100.0
-,0435.HK,2020-11-03,HKD,3.36,2021-03-18,3.52,4.76,9.0,2020-11-10,3.52,CLOSED,4.76,171.0,5.0,100.0
-,0069.HK,2020-11-03,HKD,6.26,2021-06-11,7.19,14.86,17.0,2020-11-10,7.19,CLOSED,14.86,535.0,3.0,100.0
-,0196.HK,2020-11-03,HKD,0.19,2020-12-21,0.2,5.26,28.0,2020-11-04,0.2,CLOSED,5.26,1326.0,2.0,100.0
-,MA,2020-11-03,USD,295.39,2021-04-10,352.55,19.35,31.0,2020-11-09,352.55,CLOSED,19.35,813.0,4.0,100.0
-,MA,2020-11-03,USD,295.39,2021-03-28,338.13,14.47,25.0,2020-11-09,338.13,CLOSED,14.47,608.0,4.0,100.0
-,ESS,2020-11-03,USD,224.03,2021-04-24,240.52,7.36,11.0,2020-11-09,240.52,CLOSED,7.36,309.0,3.0,100.0
-,BRKb,2020-11-03,USD,4360.01,2021-02-13,4697.47,7.74,19.0,2020-11-11,4697.47,CLOSED,7.74,244.0,8.0,100.0
-,ESS,2020-11-03,USD,224.03,2021-10-15,253.78,13.28,10.0,2020-11-09,253.78,CLOSED,13.28,558.0,2.0,100.0
-,MO,2020-11-03,USD,37.38,2021-07-27,42.69,14.21,13.0,2020-12-09,42.69,CLOSED,14.21,99.0,14.0,100.0
-,ESS,2020-11-03,USD,224.03,2021-03-09,232.43,3.75,8.0,2020-11-09,232.43,CLOSED,3.75,158.0,5.0,100.0
-,MA,2020-11-03,USD,295.39,2021-01-08,308.62,4.48,17.0,2020-11-04,308.62,CLOSED,4.48,1129.0,2.0,100.0
-,PNC,2020-11-03,USD,119.39,2021-08-08,128.28,7.45,7.0,2020-11-09,128.28,CLOSED,7.45,313.0,2.0,100.0
-,LMT,2020-11-03,USD,363.48,2020-12-26,377.51,3.86,18.0,2020-11-04,377.51,CLOSED,3.86,973.0,2.0,100.0
-,MA,2020-11-03,USD,295.39,2021-01-13,312.73,5.87,21.0,2020-11-05,312.73,CLOSED,5.87,740.0,3.0,100.0
-,ZS,2020-11-03,USD,134.65,2021-02-26,187.08,38.94,85.0,2020-12-03,187.08,CLOSED,38.94,327.0,26.0,100.0
-,ASX-IRE,2020-11-03,AUD,9.04,2021-08-01,11.95,32.19,30.0,2020-12-11,10.2,OPEN,12.83,85.0,14.0,40.0
-,ASX-IRE,2020-11-03,AUD,9.04,2021-10-18,12.17,34.62,25.0,2020-12-11,10.2,OPEN,12.83,85.0,11.0,37.0
-,ASX-RRL,2020-11-03,AUD,4.19,2020-12-19,4.78,14.08,77.0,2020-12-11,3.71,OPEN,-11.46,-76.0,83.0,-81.0
-,ASX-IRE,2020-11-03,AUD,9.04,2021-10-08,11.42,26.33,20.0,2020-12-11,10.2,OPEN,12.83,85.0,11.0,49.0
-,ASX-IRE,2020-11-03,AUD,9.04,2021-10-19,11.46,26.77,19.0,2020-12-11,10.2,OPEN,12.83,85.0,11.0,48.0
-,ASX-RHC,2020-11-03,AUD,63.35,2021-09-26,73.59,16.16,12.0,2020-12-11,63.24,OPEN,-0.17,-1.0,12.0,-1.0
-,ASX-CMW,2020-11-03,AUD,0.92,2021-08-30,1.3,41.3,35.0,2020-12-11,0.905,OPEN,-1.63,-11.0,13.0,-4.0
-,ASX-CAR,2020-11-03,AUD,20.88,2021-02-19,23.4,12.07,28.0,2020-12-11,19.17,OPEN,-8.19,-54.0,35.0,-68.0
-,ASX-RRL,2020-11-03,AUD,4.19,2021-02-01,4.63,10.5,29.0,2020-12-11,3.71,OPEN,-11.46,-76.0,42.0,-109.0
-,ASX-RRL,2020-11-03,AUD,4.19,2021-01-27,4.41,5.25,16.0,2020-12-11,3.71,OPEN,-11.46,-76.0,45.0,-218.0
-,ASX-CHC,2020-11-03,AUD,12.54,2021-10-14,17.04,35.89,26.0,2020-12-11,14.32,OPEN,14.19,94.0,11.0,40.0
-,ASX-CHC,2020-11-03,AUD,12.54,2021-10-20,16.08,28.23,20.0,2020-12-11,14.32,OPEN,14.19,94.0,11.0,50.0
-,ASX-ANN,2020-11-03,AUD,41.91,2021-02-20,43.88,4.7,11.0,2020-12-11,34.3,OPEN,-18.16,-120.0,35.0,-386.0
-,ASX-MFG,2020-11-03,AUD,57.14,2021-02-25,66.29,16.01,35.0,2020-12-11,54.8,OPEN,-4.1,-27.0,33.0,-26.0
-,ASX-MYX,2020-11-03,AUD,0.3,2021-10-03,0.41,36.67,28.0,2020-12-11,0.37,OPEN,23.33,155.0,11.0,64.0
-,ASX-MFG,2020-11-03,AUD,57.14,2021-08-30,68.45,19.79,17.0,2020-12-11,54.8,OPEN,-4.1,-27.0,13.0,-21.0
-,1299.HK,2020-11-03,HKD,77.95,2021-06-12,93.73,20.24,23.0,2020-12-11,89.25,OPEN,14.5,96.0,17.0,72.0
-,0435.HK,2020-11-03,HKD,3.36,2021-07-10,4.01,19.35,20.0,2020-12-11,3.81,OPEN,13.39,89.0,15.0,69.0
-,1113.HK,2020-11-03,HKD,37.25,2021-05-02,48.1,29.13,41.0,2020-12-11,43.25,OPEN,16.11,107.0,21.0,55.0
-,1113.HK,2020-11-03,HKD,37.25,2021-06-14,46.1,23.76,27.0,2020-12-11,43.25,OPEN,16.11,107.0,17.0,68.0
-,0823.HK,2020-11-03,HKD,60.05,2021-08-18,72.98,21.53,19.0,2020-12-11,69.65,OPEN,15.99,106.0,13.0,74.0
-,0808.HK,2020-11-03,HKD,2.22,2021-07-20,2.53,13.96,14.0,2020-12-11,2.45,OPEN,10.36,69.0,15.0,74.0
-,0017.HK,2020-11-03,HKD,36.75,2021-05-08,43.2,17.55,24.0,2020-12-11,37.7,OPEN,2.59,17.0,20.0,15.0
-,0016.HK,2020-11-03,HKD,100.7,2021-05-19,111.91,11.13,14.0,2020-12-11,105.3,OPEN,4.57,30.0,19.0,41.0
-,0808.HK,2020-11-03,HKD,2.22,2021-07-02,2.48,11.71,12.0,2020-12-11,2.45,OPEN,10.36,69.0,16.0,88.0
-,3808.HK,2020-11-03,HKD,19.76,2021-04-15,24.06,21.76,34.0,2020-12-11,19.02,OPEN,-3.74,-25.0,23.0,-17.0
-,1428.HK,2020-11-03,HKD,1.94,2021-04-05,2.48,27.84,46.0,2020-12-11,1.97,OPEN,1.55,10.0,25.0,6.0
-,0006.HK,2020-11-03,HKD,40.0,2021-10-24,43.7,9.25,7.0,2020-12-11,41.15,OPEN,2.87,19.0,11.0,31.0
-,2012.HK,2020-11-03,HKD,1.7,2021-08-14,11.81,594.71,528.0,2020-12-10,1.5,OPEN,-11.76,-80.0,13.0,-2.0
-,BRKb,2020-11-03,USD,4360.01,2021-03-13,4850.08,11.24,22.0,2020-12-11,4555.2,OPEN,4.48,30.0,29.0,40.0
-,BRKb,2020-11-03,USD,4360.01,2021-05-04,5317.9,21.97,30.0,2020-12-11,4555.2,OPEN,4.48,30.0,21.0,20.0
-,BRKb,2020-11-03,USD,4360.01,2021-04-08,4922.02,12.89,21.0,2020-12-11,4555.2,OPEN,4.48,30.0,24.0,35.0
-,SHOP,2020-11-03,USD,941.72,2021-01-10,1193.63,26.75,99.0,2020-12-11,1057.87,OPEN,12.33,82.0,56.0,46.0
-,SHOP,2020-11-03,USD,941.72,2021-05-09,1455.9,54.6,74.0,2020-12-11,1057.87,OPEN,12.33,82.0,20.0,23.0
-,SHOP,2020-11-03,USD,941.72,2021-03-30,1492.44,58.48,100.0,2020-12-11,1057.87,OPEN,12.33,82.0,26.0,21.0
-,ZS,2020-11-03,USD,134.65,2021-06-01,291.1,116.19,139.0,2020-12-11,181.91,OPEN,35.1,233.0,18.0,30.0
-,AAPL,2020-11-03,USD,110.44,2021-10-19,163.74,48.26,35.0,2020-12-11,122.41,OPEN,10.84,72.0,11.0,22.0
-,MO,2020-11-03,USD,37.38,2021-07-31,44.83,19.93,19.0,2020-12-11,43.0,OPEN,15.03,100.0,14.0,75.0
-,MA,2020-11-03,USD,295.39,2021-07-04,381.64,29.2,30.0,2020-12-11,327.42,OPEN,10.84,72.0,16.0,37.0
-,MA,2020-11-03,USD,295.39,2021-10-24,430.32,45.68,32.0,2020-12-11,327.42,OPEN,10.84,72.0,11.0,24.0
-,LMT,2020-11-03,USD,363.48,2021-08-13,409.06,12.54,11.0,2020-12-11,361.71,OPEN,-0.49,-3.0,13.0,-4.0
-,MA,2020-11-03,USD,295.39,2021-07-28,404.09,36.8,35.0,2020-12-11,327.42,OPEN,10.84,72.0,14.0,29.0
-,SHOP,2020-11-03,USD,941.72,2020-12-19,1117.44,18.66,102.0,2020-12-11,1057.87,OPEN,12.33,82.0,83.0,66.0
-,MA,2020-11-03,USD,295.39,2021-09-30,413.16,39.87,30.0,2020-12-11,327.42,OPEN,10.84,72.0,11.0,27.0
-,LMT,2020-11-03,USD,363.48,2021-03-18,391.61,7.74,14.0,2020-12-11,361.71,OPEN,-0.49,-3.0,28.0,-6.0
-,VZ,2020-11-03,USD,57.75,2021-05-10,62.69,8.55,11.0,2020-12-11,60.35,OPEN,4.5,30.0,20.0,53.0
-,ZS,2020-11-03,USD,134.65,2021-02-22,190.13,41.2,94.0,2020-12-11,181.91,OPEN,35.1,233.0,34.0,85.0
-,ASX-ILU,2020-11-04,AUD,5.04,2021-02-02,5.62,11.51,32.0,2020-12-03,5.62,CLOSED,11.51,100.0,32.0,100.0
-,ASX-ILU,2020-11-04,AUD,5.04,2021-03-15,5.78,14.68,28.0,2020-12-07,5.78,CLOSED,14.68,112.0,25.0,100.0
-,ASX-GOZ,2020-11-04,AUD,3.63,2021-02-25,3.78,4.13,9.0,2020-11-12,3.78,CLOSED,4.13,130.0,7.0,100.0
-,ASX-ABP,2020-11-04,AUD,2.96,2021-08-31,3.11,5.07,4.0,2020-11-09,3.11,CLOSED,5.07,256.0,2.0,100.0
-,ASX-RWC,2020-11-04,AUD,4.31,2020-12-26,4.69,8.82,43.0,2020-11-09,4.69,CLOSED,8.82,445.0,10.0,100.0
-,ASX-GMA,2020-11-04,AUD,1.74,2021-01-05,1.86,6.9,28.0,2020-11-06,1.86,CLOSED,6.9,869.0,3.0,100.0
-,ASX-IRE,2020-11-04,AUD,9.19,2021-04-04,10.18,10.77,18.0,2020-11-05,10.18,CLOSED,10.77,2714.0,1.0,100.0
-,ASX-IRE,2020-11-04,AUD,9.19,2020-12-25,9.77,6.31,31.0,2020-11-05,9.77,CLOSED,6.31,1590.0,2.0,100.0
-,ASX-SGP,2020-11-04,AUD,4.21,2021-06-16,4.47,6.18,7.0,2020-11-10,4.47,CLOSED,6.18,260.0,3.0,100.0
-,ASX-FBU,2020-11-04,AUD,4.1,2021-09-21,4.49,9.51,7.0,2020-11-10,4.49,CLOSED,9.51,399.0,2.0,100.0
-,ASX-NAN,2020-11-04,AUD,5.76,2021-10-08,7.08,22.92,17.0,2020-12-10,7.08,CLOSED,22.92,160.0,11.0,100.0
-,ASX-GOZ,2020-11-04,AUD,3.63,2020-12-16,3.68,1.38,8.0,2020-11-10,3.68,CLOSED,1.38,58.0,14.0,100.0
-,ASX-IRE,2020-11-04,AUD,9.19,2020-12-27,9.65,5.01,24.0,2020-11-05,9.65,CLOSED,5.01,1263.0,2.0,100.0
-,ASX-RWC,2020-11-04,AUD,4.31,2020-12-15,4.49,4.18,26.0,2020-11-06,4.49,CLOSED,4.18,527.0,5.0,100.0
-,ASX-SGP,2020-11-04,AUD,4.21,2021-04-05,4.32,2.61,4.0,2020-11-05,4.32,CLOSED,2.61,658.0,1.0,100.0
-,ASX-IRE,2020-11-04,AUD,9.19,2021-04-18,10.04,9.25,14.0,2020-11-05,10.04,CLOSED,9.25,2331.0,1.0,100.0
-,2382.HK,2020-11-04,HKD,137.1,2020-12-26,159.75,16.52,80.0,2020-11-09,159.75,CLOSED,16.52,833.0,10.0,100.0
-,0992.HK,2020-11-04,HKD,5.32,2021-07-18,5.87,10.34,10.0,2020-11-26,5.87,CLOSED,10.34,118.0,9.0,100.0
-,0778.HK,2020-11-04,HKD,6.5,2021-06-29,7.07,8.77,9.0,2020-11-11,7.07,CLOSED,8.77,316.0,3.0,100.0
-,1881.HK,2020-11-04,HKD,1.22,2021-05-26,1.33,9.02,11.0,2020-11-11,1.33,CLOSED,9.02,325.0,3.0,100.0
-,0459.HK,2020-11-04,HKD,0.1,2021-03-29,0.12,20.0,35.0,2020-11-10,0.12,CLOSED,20.0,840.0,4.0,100.0
-,2378.HK,2020-11-04,HKD,99.4,2021-08-11,112.36,13.04,12.0,2020-11-10,112.36,CLOSED,13.04,548.0,2.0,100.0
-,0196.HK,2020-11-04,HKD,0.19,2021-02-06,0.21,10.53,28.0,2020-11-12,0.21,CLOSED,10.53,332.0,9.0,100.0
-,0196.HK,2020-11-04,HKD,0.19,2021-07-18,0.28,47.37,47.0,2020-12-07,0.28,CLOSED,47.37,362.0,13.0,100.0
-,0992.HK,2020-11-04,HKD,5.32,2020-12-30,5.46,2.63,12.0,2020-11-06,5.46,CLOSED,2.63,331.0,4.0,100.0
-,0992.HK,2020-11-04,HKD,5.32,2021-01-08,5.53,3.95,15.0,2020-11-20,5.53,CLOSED,3.95,62.0,25.0,100.0
-,1881.HK,2020-11-04,HKD,1.22,2021-07-19,1.31,7.38,7.0,2020-11-11,1.31,CLOSED,7.38,266.0,3.0,100.0
-,2382.HK,2020-11-04,HKD,137.1,2020-12-09,154.29,12.54,90.0,2020-11-09,154.29,CLOSED,12.54,632.0,14.0,100.0
-,2382.HK,2020-11-04,HKD,137.1,2021-01-13,150.08,9.47,34.0,2020-11-09,150.08,CLOSED,9.47,477.0,7.0,100.0
-,2382.HK,2020-11-04,HKD,137.1,2020-12-31,150.34,9.66,43.0,2020-11-09,150.34,CLOSED,9.66,487.0,9.0,100.0
-,0196.HK,2020-11-04,HKD,0.19,2020-12-22,0.2,5.26,28.0,2020-11-10,0.2,CLOSED,5.26,221.0,12.0,100.0
-,AWK,2020-11-04,USD,155.48,2021-03-09,168.07,8.1,16.0,2020-11-09,168.07,CLOSED,8.1,408.0,4.0,100.0
-,MA,2020-11-04,USD,307.2,2021-03-29,351.65,14.47,25.0,2020-11-09,351.65,CLOSED,14.47,729.0,3.0,100.0
-,SNP,2020-11-04,USD,40.93,2021-09-27,48.78,19.18,15.0,2020-11-27,48.78,CLOSED,19.18,210.0,7.0,100.0
-,ITW,2020-11-04,USD,202.7,2021-05-28,224.69,10.85,13.0,2020-11-09,224.69,CLOSED,10.85,547.0,2.0,100.0
-,VTR,2020-11-04,USD,41.67,2021-05-17,45.77,9.84,13.0,2020-11-09,45.77,CLOSED,9.84,496.0,3.0,100.0
-,TRV,2020-11-04,USD,123.4,2021-07-25,132.88,7.68,7.0,2020-11-09,132.88,CLOSED,7.68,387.0,2.0,100.0
-,AWK,2020-11-04,USD,155.48,2021-01-24,165.14,6.21,19.0,2020-11-09,165.14,CLOSED,6.21,313.0,6.0,100.0
-,SNP,2020-11-04,USD,40.93,2021-10-20,47.72,16.59,12.0,2020-11-27,47.72,CLOSED,16.59,182.0,7.0,100.0
-,SNP,2020-11-04,USD,40.93,2021-10-01,47.61,16.32,12.0,2020-11-27,47.61,CLOSED,16.32,179.0,7.0,100.0
-,HON,2020-11-04,USD,179.02,2021-07-03,194.97,8.91,9.0,2020-11-09,194.97,CLOSED,8.91,449.0,2.0,100.0
-,SNP,2020-11-04,USD,40.93,2021-09-11,47.67,16.47,13.0,2020-11-27,47.67,CLOSED,16.47,180.0,7.0,100.0
-,PLD,2020-11-04,USD,105.71,2021-03-09,108.89,3.01,6.0,2020-11-09,108.89,CLOSED,3.01,152.0,4.0,100.0
-,CCI,2020-11-04,USD,162.13,2021-03-06,167.82,3.51,7.0,2020-11-09,167.82,CLOSED,3.51,177.0,4.0,100.0
-,PLD,2020-11-04,USD,105.71,2021-05-20,112.17,6.11,8.0,2020-11-09,112.17,CLOSED,6.11,308.0,3.0,100.0
-,AVB,2020-11-04,USD,148.39,2021-05-23,157.43,6.09,8.0,2020-11-09,157.43,CLOSED,6.09,307.0,2.0,100.0
-,HON,2020-11-04,USD,179.02,2021-04-18,187.6,4.79,7.0,2020-11-09,187.6,CLOSED,4.79,241.0,3.0,100.0
-,D,2020-11-04,USD,82.7,2021-03-23,85.64,3.56,6.0,2020-11-09,85.64,CLOSED,3.56,179.0,4.0,100.0
-,DUK,2020-11-04,USD,93.62,2021-07-12,97.89,4.56,5.0,2020-11-09,97.89,CLOSED,4.56,230.0,2.0,100.0
-,ITW,2020-11-04,USD,202.7,2021-03-02,210.83,4.01,9.0,2020-11-09,210.83,CLOSED,4.01,202.0,4.0,100.0
-,CCI,2020-11-04,USD,162.13,2020-12-11,166.18,2.5,17.0,2020-11-09,166.18,CLOSED,2.5,126.0,14.0,100.0
-,FCX,2020-11-04,USD,18.0,2021-10-22,23.55,30.83,22.0,2020-11-25,23.55,CLOSED,30.83,370.0,6.0,100.0
-,PLD,2020-11-04,USD,105.71,2021-01-06,108.22,2.37,9.0,2020-11-09,108.22,CLOSED,2.37,119.0,8.0,100.0
-,SLB,2020-11-04,USD,15.97,2021-09-16,17.63,10.39,8.0,2020-11-09,17.63,CLOSED,10.39,524.0,2.0,100.0
-,MA,2020-11-04,USD,307.2,2021-01-14,325.23,5.87,21.0,2020-11-09,325.23,CLOSED,5.87,296.0,7.0,100.0
-,PTR,2020-11-04,USD,29.95,2021-10-26,33.3,11.19,8.0,2020-11-23,33.3,CLOSED,11.19,148.0,5.0,100.0
-,VTR,2020-11-04,USD,41.67,2021-03-22,43.65,4.75,9.0,2020-11-09,43.65,CLOSED,4.75,239.0,4.0,100.0
-,ASX-RWC,2020-11-04,AUD,4.31,2021-02-21,5.46,26.68,62.0,2020-12-11,4.29,OPEN,-0.46,-3.0,34.0,-2.0
-,ASX-SDA,2020-11-04,AUD,0.79,2021-10-01,1.01,27.85,21.0,2020-12-11,0.79,OPEN,0.0,0.0,11.0,0.0
-,ASX-SDA,2020-11-04,AUD,0.79,2021-10-04,0.9,13.92,11.0,2020-12-11,0.79,OPEN,0.0,0.0,11.0,0.0
-,ASX-IRE,2020-11-04,AUD,9.19,2021-08-02,12.15,32.21,30.0,2020-12-11,10.2,OPEN,10.99,75.0,14.0,34.0
-,ASX-IRE,2020-11-04,AUD,9.19,2021-10-19,12.37,34.6,25.0,2020-12-11,10.2,OPEN,10.99,75.0,11.0,32.0
-,ASX-IRE,2020-11-04,AUD,9.19,2021-10-09,11.61,26.33,20.0,2020-12-11,10.2,OPEN,10.99,75.0,11.0,42.0
-,ASX-IRE,2020-11-04,AUD,9.19,2021-10-20,11.65,26.77,19.0,2020-12-11,10.2,OPEN,10.99,75.0,11.0,41.0
-,ASX-SEK,2020-11-04,AUD,21.9,2021-08-14,30.11,37.49,33.0,2020-12-11,26.76,OPEN,22.19,151.0,13.0,59.0
-,ASX-SDA,2020-11-04,AUD,0.79,2021-09-18,0.98,24.05,19.0,2020-12-11,0.79,OPEN,0.0,0.0,12.0,0.0
-,ASX-SEK,2020-11-04,AUD,21.9,2021-10-09,29.96,36.8,27.0,2020-12-11,26.76,OPEN,22.19,151.0,11.0,60.0
-,ASX-APA,2020-11-04,AUD,10.93,2021-04-12,11.78,7.78,12.0,2020-12-11,10.24,OPEN,-6.31,-43.0,23.0,-81.0
-,ASX-APA,2020-11-04,AUD,10.93,2021-02-21,11.53,5.49,13.0,2020-12-11,10.24,OPEN,-6.31,-43.0,34.0,-115.0
-,ASX-SDA,2020-11-04,AUD,0.79,2021-10-13,0.89,12.66,9.0,2020-12-11,0.79,OPEN,0.0,0.0,11.0,0.0
-,ASX-GOZ,2020-11-04,AUD,3.63,2021-03-27,3.86,6.34,11.0,2020-12-11,3.52,OPEN,-3.03,-21.0,26.0,-48.0
-,2382.HK,2020-11-04,HKD,137.1,2021-04-23,215.4,57.11,85.0,2020-12-11,144.8,OPEN,5.62,38.0,22.0,10.0
-,2382.HK,2020-11-04,HKD,137.1,2021-04-16,203.09,48.13,74.0,2020-12-11,144.8,OPEN,5.62,38.0,23.0,12.0
-,0778.HK,2020-11-04,HKD,6.5,2021-09-23,7.47,14.92,12.0,2020-12-11,7.24,OPEN,11.38,78.0,11.0,76.0
-,1038.HK,2020-11-04,HKD,37.9,2021-09-13,44.44,17.26,14.0,2020-12-11,39.95,OPEN,5.41,37.0,12.0,31.0
-,AWK,2020-11-04,USD,155.48,2021-10-23,196.15,26.16,19.0,2020-12-11,148.28,OPEN,-4.63,-32.0,10.0,-18.0
-,ZS,2020-11-04,USD,145.35,2021-06-02,314.23,116.19,139.0,2020-12-11,181.91,OPEN,25.15,171.0,18.0,22.0
-,MA,2020-11-04,USD,307.2,2021-07-05,396.9,29.2,30.0,2020-12-11,327.42,OPEN,6.58,45.0,15.0,23.0
-,MA,2020-11-04,USD,307.2,2021-10-01,429.68,39.87,30.0,2020-12-11,327.42,OPEN,6.58,45.0,11.0,17.0
-,ITW,2020-11-04,USD,202.7,2021-09-12,232.76,14.83,12.0,2020-12-11,203.56,OPEN,0.42,3.0,12.0,3.0
-,D,2020-11-04,USD,82.7,2021-07-12,87.07,5.28,5.0,2020-12-11,74.91,OPEN,-9.42,-64.0,15.0,-178.0
-,CCI,2020-11-04,USD,162.13,2021-05-08,182.72,12.7,17.0,2020-12-11,157.68,OPEN,-2.74,-19.0,20.0,-22.0
-,D,2020-11-04,USD,82.7,2021-08-16,87.3,5.56,5.0,2020-12-11,74.91,OPEN,-9.42,-64.0,13.0,-169.0
-,CL,2020-11-04,USD,83.86,2021-07-19,89.37,6.57,6.0,2020-12-11,84.68,OPEN,0.98,7.0,14.0,15.0
-,LNVGY,2020-11-04,USD,14.06,2021-08-23,17.42,23.9,21.0,2020-12-11,15.11,OPEN,7.47,51.0,13.0,31.0
-,VZ,2020-11-04,USD,57.22,2021-05-11,62.12,8.56,11.0,2020-12-11,60.35,OPEN,5.47,37.0,20.0,64.0
-,ZS,2020-11-04,USD,145.35,2021-02-27,201.95,38.94,85.0,2020-12-11,181.91,OPEN,25.15,171.0,32.0,65.0
-,ZS,2020-11-04,USD,145.35,2021-02-23,205.23,41.2,94.0,2020-12-11,181.91,OPEN,25.15,171.0,33.0,61.0
+,ASX-IGO,2020-11-05,AUD,4.52,2021-07-07,5.76,27.43,28.0,2020-12-11,5.76,CLOSED,27.43,192.0,15.0,100.0
+,0341.HK,2020-11-05,HKD,16.46,2021-08-01,18.18,10.45,10.0,2020-12-11,18.18,CLOSED,10.45,73.0,13.0,100.0
-,ASX-VCX,2020-11-05,AUD,1.39,2021-06-28,1.65,18.71,20.0,2020-11-10,1.65,CLOSED,18.71,943.0,2.0,100.0
-,ASX-A2M,2020-11-05,AUD,13.42,2020-11-19,13.57,1.12,20.0,2020-11-06,13.57,CLOSED,1.12,282.0,7.0,100.0
-,ASX-WBC,2020-11-05,AUD,17.7,2021-09-17,20.13,13.73,11.0,2020-11-24,20.13,CLOSED,13.73,182.0,6.0,100.0
-,ASX-SCG,2020-11-05,AUD,2.38,2021-05-03,2.62,10.08,14.0,2020-11-10,2.62,CLOSED,10.08,508.0,3.0,100.0
-,ASX-SCG,2020-11-05,AUD,2.38,2021-04-03,2.64,10.92,18.0,2020-11-10,2.64,CLOSED,10.92,550.0,3.0,100.0
-,ASX-VCX,2020-11-05,AUD,1.39,2021-05-22,1.5,7.91,10.0,2020-11-10,1.5,CLOSED,7.91,399.0,3.0,100.0
-,ASX-SCG,2020-11-05,AUD,2.38,2020-12-21,2.44,2.52,14.0,2020-11-09,2.44,CLOSED,2.52,159.0,9.0,100.0
-,ASX-ABP,2020-11-05,AUD,3.03,2021-09-01,3.18,4.95,4.0,2020-11-10,3.18,CLOSED,4.95,249.0,2.0,100.0
-,ASX-TAH,2020-11-05,AUD,3.54,2021-10-06,4.12,16.38,12.0,2020-11-06,4.12,CLOSED,16.38,4128.0,0.0,100.0
-,ASX-GPT,2020-11-05,AUD,4.27,2021-06-16,4.38,2.58,3.0,2020-11-10,4.38,CLOSED,2.58,130.0,2.0,100.0
-,ASX-CQR,2020-11-05,AUD,3.65,2021-09-13,3.83,4.93,4.0,2020-11-10,3.83,CLOSED,4.93,248.0,2.0,100.0
-,ASX-CBA,2020-11-05,AUD,69.67,2021-04-19,74.5,6.93,11.0,2020-11-12,74.5,CLOSED,6.93,249.0,4.0,100.0
-,ASX-LLC,2020-11-05,AUD,12.83,2021-10-22,14.6,13.8,10.0,2020-11-11,14.6,CLOSED,13.8,580.0,2.0,100.0
-,ASX-TAH,2020-11-05,AUD,3.54,2021-09-04,3.9,10.17,8.0,2020-11-06,3.9,CLOSED,10.17,2563.0,0.0,100.0
-,ASX-CQR,2020-11-05,AUD,3.65,2021-03-17,3.7,1.37,3.0,2020-11-06,3.7,CLOSED,1.37,345.0,1.0,100.0
-,ASX-GOZ,2020-11-05,AUD,3.6,2021-02-28,3.76,4.44,10.0,2020-11-10,3.76,CLOSED,4.44,224.0,4.0,100.0
-,ASX-WBC,2020-11-05,AUD,17.7,2021-01-06,18.48,4.41,18.0,2020-11-10,18.48,CLOSED,4.41,222.0,8.0,100.0
-,ASX-WBC,2020-11-05,AUD,17.7,2021-04-21,18.61,5.14,8.0,2020-11-11,18.61,CLOSED,5.14,216.0,4.0,100.0
-,ASX-CBA,2020-11-05,AUD,69.67,2021-02-25,72.35,3.85,9.0,2020-11-10,72.35,CLOSED,3.85,194.0,4.0,100.0
-,ASX-TGR,2020-11-05,AUD,3.55,2021-03-08,3.79,6.76,14.0,2020-11-17,3.79,CLOSED,6.76,142.0,10.0,100.0
-,ASX-WES,2020-11-05,AUD,47.69,2021-02-06,49.13,3.02,8.0,2020-11-10,49.13,CLOSED,3.02,152.0,5.0,100.0
-,ASX-TGR,2020-11-05,AUD,3.55,2021-01-16,3.73,5.07,18.0,2020-11-10,3.73,CLOSED,5.07,256.0,7.0,100.0
-,1113.HK,2020-11-05,HKD,38.25,2021-05-11,43.49,13.7,18.0,2020-11-18,43.49,CLOSED,13.7,266.0,7.0,100.0
-,1113.HK,2020-11-05,HKD,38.25,2021-05-05,43.25,13.07,18.0,2020-11-17,43.25,CLOSED,13.07,274.0,7.0,100.0
-,1310.HK,2020-11-05,HKD,12.24,2020-12-07,13.64,11.44,90.0,2020-11-19,13.64,CLOSED,11.44,206.0,44.0,100.0
-,0386.HK,2020-11-05,HKD,3.14,2021-09-05,3.64,15.92,13.0,2020-11-11,3.64,CLOSED,15.92,669.0,2.0,100.0
-,1881.HK,2020-11-05,HKD,1.22,2021-06-10,1.37,12.3,14.0,2020-11-11,1.37,CLOSED,12.3,517.0,3.0,100.0
-,0354.HK,2020-11-05,HKD,6.23,2021-10-03,8.29,33.07,25.0,2020-11-27,8.29,CLOSED,33.07,379.0,7.0,100.0
-,0354.HK,2020-11-05,HKD,6.23,2021-07-28,7.09,13.8,13.0,2020-11-13,7.09,CLOSED,13.8,435.0,3.0,100.0
-,0992.HK,2020-11-05,HKD,5.35,2020-12-31,5.49,2.62,12.0,2020-11-06,5.49,CLOSED,2.62,660.0,2.0,100.0
-,0992.HK,2020-11-05,HKD,5.35,2021-01-09,5.56,3.93,15.0,2020-11-20,5.56,CLOSED,3.93,66.0,23.0,100.0
-,1310.HK,2020-11-05,HKD,12.24,2021-02-11,13.22,8.01,21.0,2020-11-17,13.22,CLOSED,8.01,168.0,12.0,100.0
-,2338.HK,2020-11-05,HKD,15.8,2021-01-23,17.3,9.49,30.0,2020-11-10,17.3,CLOSED,9.49,478.0,6.0,100.0
-,ASX-PGH,2020-11-05,AUD,2.38,2021-06-07,2.73,14.71,17.0,2020-12-11,2.53,OPEN,6.3,44.0,17.0,43.0
-,ASX-SDA,2020-11-05,AUD,0.79,2021-10-02,1.01,27.85,21.0,2020-12-11,0.79,OPEN,0.0,0.0,11.0,0.0
-,ASX-SDA,2020-11-05,AUD,0.79,2021-10-05,0.9,13.92,11.0,2020-12-11,0.79,OPEN,0.0,0.0,11.0,0.0
-,ASX-A2M,2020-11-05,AUD,13.42,2021-07-25,22.95,71.01,68.0,2020-12-11,13.06,OPEN,-2.68,-19.0,14.0,-4.0
-,ASX-A2M,2020-11-05,AUD,13.42,2021-01-10,15.75,17.36,66.0,2020-12-11,13.06,OPEN,-2.68,-19.0,55.0,-15.0
-,ASX-A2M,2020-11-05,AUD,13.42,2021-01-16,16.15,20.34,71.0,2020-12-11,13.06,OPEN,-2.68,-19.0,50.0,-13.0
-,ASX-A2M,2020-11-05,AUD,13.42,2021-03-10,17.12,27.57,56.0,2020-12-11,13.06,OPEN,-2.68,-19.0,29.0,-10.0
-,ASX-A2M,2020-11-05,AUD,13.42,2021-07-22,23.78,77.2,75.0,2020-12-11,13.06,OPEN,-2.68,-19.0,14.0,-3.0
-,ASX-A2M,2020-11-05,AUD,13.42,2021-01-24,15.47,15.28,48.0,2020-12-11,13.06,OPEN,-2.68,-19.0,45.0,-18.0
-,ASX-A2M,2020-11-05,AUD,13.42,2021-11-02,18.07,34.65,24.0,2020-12-11,13.06,OPEN,-2.68,-19.0,10.0,-8.0
-,ASX-A2M,2020-11-05,AUD,13.42,2021-02-18,17.48,30.25,73.0,2020-12-11,13.06,OPEN,-2.68,-19.0,34.0,-9.0
-,ASX-A2M,2020-11-05,AUD,13.42,2021-02-17,17.54,30.7,74.0,2020-12-11,13.06,OPEN,-2.68,-19.0,35.0,-9.0
-,ASX-A2M,2020-11-05,AUD,13.42,2021-03-10,19.1,42.32,85.0,2020-12-11,13.06,OPEN,-2.68,-19.0,29.0,-6.0
-,ASX-A2M,2020-11-05,AUD,13.42,2021-03-30,21.23,58.2,101.0,2020-12-11,13.06,OPEN,-2.68,-19.0,25.0,-5.0
-,ASX-CNU,2020-11-05,AUD,8.05,2021-07-22,10.19,26.58,26.0,2020-12-11,7.37,OPEN,-8.45,-59.0,14.0,-32.0
-,ASX-MPL,2020-11-05,AUD,2.73,2021-07-16,3.26,19.41,19.0,2020-12-11,2.83,OPEN,3.66,26.0,14.0,19.0
-,ASX-MPL,2020-11-05,AUD,2.73,2021-06-29,3.08,12.82,14.0,2020-12-11,2.83,OPEN,3.66,26.0,15.0,29.0
-,ASX-AMC,2020-11-05,AUD,15.44,2021-07-18,17.22,11.53,11.0,2020-12-11,15.16,OPEN,-1.81,-13.0,14.0,-16.0
-,ASX-CPU,2020-11-05,AUD,12.8,2021-09-25,14.67,14.61,11.0,2020-12-11,14.48,OPEN,13.12,92.0,11.0,90.0
-,ASX-SDA,2020-11-05,AUD,0.79,2021-09-19,0.98,24.05,19.0,2020-12-11,0.79,OPEN,0.0,0.0,11.0,0.0
-,ASX-JHX,2020-11-05,AUD,37.24,2021-09-10,44.04,18.26,15.0,2020-12-11,36.96,OPEN,-0.75,-5.0,12.0,-4.0
-,ASX-CHC,2020-11-05,AUD,13.37,2021-06-12,15.62,16.83,19.0,2020-12-11,14.32,OPEN,7.11,50.0,16.0,42.0
-,ASX-WES,2020-11-05,AUD,47.69,2021-04-22,51.99,9.02,14.0,2020-12-11,49.59,OPEN,3.98,28.0,21.0,44.0
-,ASX-A2M,2020-11-05,AUD,13.42,2021-01-07,15.2,13.26,53.0,2020-12-11,13.06,OPEN,-2.68,-19.0,57.0,-20.0
-,ASX-A2M,2020-11-05,AUD,13.42,2021-01-12,15.57,16.02,59.0,2020-12-11,13.06,OPEN,-2.68,-19.0,53.0,-17.0
-,ASX-A2M,2020-11-05,AUD,13.42,2021-03-27,16.89,25.86,46.0,2020-12-11,13.06,OPEN,-2.68,-19.0,25.0,-10.0
-,ASX-BWP,2020-11-05,AUD,4.19,2021-04-26,4.45,6.21,9.0,2020-12-11,4.36,OPEN,4.06,28.0,21.0,65.0
-,ASX-CNU,2020-11-05,AUD,8.05,2021-04-25,9.26,15.03,22.0,2020-12-11,7.37,OPEN,-8.45,-59.0,21.0,-56.0
-,ASX-BRG,2020-11-05,AUD,27.07,2021-07-09,33.37,23.27,24.0,2020-12-11,23.89,OPEN,-11.75,-82.0,15.0,-50.0
-,ASX-BWP,2020-11-05,AUD,4.19,2021-03-26,4.43,5.73,10.0,2020-12-11,4.36,OPEN,4.06,28.0,26.0,71.0
-,ASX-BRG,2020-11-05,AUD,27.07,2021-07-14,31.99,18.18,18.0,2020-12-11,23.89,OPEN,-11.75,-82.0,14.0,-65.0
-,ASX-CNU,2020-11-05,AUD,8.05,2021-01-07,8.65,7.45,30.0,2020-12-11,7.37,OPEN,-8.45,-59.0,57.0,-113.0
-,ASX-AMC,2020-11-05,AUD,15.44,2021-03-04,16.36,5.96,13.0,2020-12-11,15.16,OPEN,-1.81,-13.0,30.0,-30.0
-,ASX-SDA,2020-11-05,AUD,0.79,2021-10-14,0.89,12.66,9.0,2020-12-11,0.79,OPEN,0.0,0.0,10.0,0.0
-,ASX-CHC,2020-11-05,AUD,13.37,2021-10-29,14.84,10.99,8.0,2020-12-11,14.32,OPEN,7.11,50.0,10.0,65.0
-,1310.HK,2020-11-05,HKD,12.24,2021-08-26,14.15,15.6,13.0,2020-12-11,12.44,OPEN,1.63,11.0,12.0,10.0
-,1310.HK,2020-11-05,HKD,12.24,2021-01-07,14.16,15.69,63.0,2020-12-11,12.44,OPEN,1.63,11.0,57.0,10.0
-,1310.HK,2020-11-05,HKD,12.24,2021-03-06,15.01,22.63,47.0,2020-12-11,12.44,OPEN,1.63,11.0,30.0,7.0
-,1310.HK,2020-11-05,HKD,12.24,2021-03-15,15.48,26.47,51.0,2020-12-11,12.44,OPEN,1.63,11.0,28.0,6.0
-,8206.HK,2020-11-05,HKD,0.09,2021-09-19,0.17,88.89,70.0,2020-12-11,0.08,OPEN,-11.11,-78.0,11.0,-12.0
-,1310.HK,2020-11-05,HKD,12.24,2021-09-14,14.09,15.11,12.0,2020-12-11,12.44,OPEN,1.63,11.0,12.0,11.0
-,0016.HK,2020-11-05,HKD,101.9,2021-04-15,113.25,11.14,17.0,2020-12-11,105.3,OPEN,3.34,23.0,22.0,30.0
-,8206.HK,2020-11-05,HKD,0.09,2021-02-05,0.13,44.44,122.0,2020-12-11,0.08,OPEN,-11.11,-78.0,39.0,-25.0
-,0052.HK,2020-11-05,HKD,17.92,2021-08-09,21.19,18.25,17.0,2020-12-11,17.98,OPEN,0.33,2.0,13.0,2.0
-,0992.HK,2020-11-05,HKD,5.35,2021-07-19,5.91,10.47,10.0,2020-12-11,5.89,OPEN,10.09,71.0,14.0,96.0
-,1788.HK,2020-11-05,HKD,1.08,2021-01-11,1.18,9.26,35.0,2020-12-11,1.01,OPEN,-6.48,-45.0,54.0,-70.0
-,2007.HK,2020-11-05,HKD,10.92,2021-08-12,13.28,21.61,19.0,2020-12-11,10.08,OPEN,-7.69,-54.0,13.0,-36.0
-,0016.HK,2020-11-05,HKD,101.9,2021-05-21,111.8,9.72,12.0,2020-12-11,105.3,OPEN,3.34,23.0,18.0,34.0
-,0341.HK,2020-11-05,HKD,16.46,2021-09-28,18.41,11.85,9.0,2020-12-11,17.88,OPEN,8.63,60.0,11.0,73.0
-,0861.HK,2020-11-05,HKD,5.91,2021-07-17,6.79,14.89,15.0,2020-12-11,6.5,OPEN,9.98,70.0,14.0,67.0
-,1788.HK,2020-11-05,HKD,1.08,2021-01-21,1.16,7.41,24.0,2020-12-11,1.01,OPEN,-6.48,-45.0,47.0,-88.0
-,0052.HK,2020-11-05,HKD,17.92,2021-05-26,19.21,7.2,9.0,2020-12-11,17.98,OPEN,0.33,2.0,18.0,5.0
-,ASX-ECX,2020-11-06,AUD,1.65,2021-07-15,1.87,13.33,13.0,2020-11-19,1.87,CLOSED,13.33,258.0,5.0,100.0
-,ASX-ECX,2020-11-06,AUD,1.65,2021-04-28,1.85,12.12,18.0,2020-11-19,1.85,CLOSED,12.12,235.0,8.0,100.0
-,ASX-ILU,2020-11-06,AUD,5.14,2021-02-04,5.74,11.67,33.0,2020-12-03,5.74,CLOSED,11.67,109.0,30.0,100.0
-,ASX-NAB,2020-11-06,AUD,19.57,2021-07-03,21.25,8.58,9.0,2020-11-11,21.25,CLOSED,8.58,432.0,2.0,100.0
-,ASX-TCL,2020-11-06,AUD,14.14,2021-06-07,15.28,8.06,10.0,2020-11-10,15.28,CLOSED,8.06,508.0,2.0,100.0
-,ASX-ILU,2020-11-06,AUD,5.14,2021-03-17,5.89,14.59,28.0,2020-12-09,5.89,CLOSED,14.59,111.0,25.0,100.0
-,ASX-AZJ,2020-11-06,AUD,3.84,2021-03-10,4.21,9.64,20.0,2020-11-25,4.21,CLOSED,9.64,128.0,15.0,100.0
-,ASX-NAB,2020-11-06,AUD,19.57,2021-10-22,21.4,9.35,7.0,2020-11-11,21.4,CLOSED,9.35,471.0,1.0,100.0
-,ASX-SYD,2020-11-06,AUD,5.93,2021-04-14,6.52,9.95,16.0,2020-11-10,6.52,CLOSED,9.95,627.0,3.0,100.0
-,ASX-IAG,2020-11-06,AUD,4.85,2021-08-03,5.2,7.22,7.0,2020-11-10,5.2,CLOSED,7.22,455.0,1.0,100.0
-,ASX-AZJ,2020-11-06,AUD,3.84,2021-01-11,4.12,7.29,28.0,2020-11-24,4.12,CLOSED,7.29,102.0,27.0,100.0
-,ASX-REA,2020-11-06,AUD,127.89,2021-01-31,142.66,11.55,34.0,2020-11-18,142.66,CLOSED,11.55,243.0,14.0,100.0
-,INDEXASX-XJO,2020-11-06,USD,6190.2,2021-03-30,6395.71,3.32,6.0,2020-11-10,6395.71,CLOSED,3.32,209.0,3.0,100.0
-,ASX-MIN,2020-11-06,AUD,26.33,2021-02-27,28.61,8.66,19.0,2020-11-10,28.61,CLOSED,8.66,546.0,4.0,100.0
-,ASX-ABP,2020-11-06,AUD,3.09,2021-08-19,3.25,5.18,5.0,2020-11-11,3.25,CLOSED,5.18,261.0,2.0,100.0
-,ASX-RHC,2020-11-06,AUD,64.38,2021-03-25,68.93,7.07,13.0,2020-11-10,68.93,CLOSED,7.07,445.0,3.0,100.0
-,ASX-WEB,2020-11-06,AUD,4.2,2021-04-22,5.39,28.33,43.0,2020-11-23,5.39,CLOSED,28.33,420.0,10.0,100.0
-,ASX-CSL,2020-11-06,AUD,301.99,2021-01-21,316.76,4.89,16.0,2020-11-17,316.76,CLOSED,4.89,112.0,14.0,100.0
-,ASX-DXS,2020-11-06,AUD,9.05,2021-07-09,9.42,4.09,4.0,2020-11-10,9.42,CLOSED,4.09,258.0,2.0,100.0
-,ASX-SGP,2020-11-06,AUD,4.39,2021-06-15,4.64,5.69,6.0,2020-11-26,4.64,CLOSED,5.69,72.0,9.0,100.0
-,ASX-QUB,2020-11-06,AUD,2.87,2021-02-01,3.08,7.32,21.0,2020-11-10,3.08,CLOSED,7.32,461.0,5.0,100.0
-,ASX-CGC,2020-11-06,AUD,3.68,2021-01-15,4.02,9.24,33.0,2020-11-17,4.02,CLOSED,9.24,212.0,16.0,100.0
-,ASX-TCL,2020-11-06,AUD,14.14,2021-04-07,14.81,4.74,8.0,2020-11-10,14.81,CLOSED,4.74,299.0,3.0,100.0
-,INDEXASX-XJO,2020-11-06,USD,6190.2,2021-06-02,6514.57,5.24,6.0,2020-11-17,6514.57,CLOSED,5.24,120.0,5.0,100.0
-,STW,2020-11-06,USD,57.36,2021-04-22,59.09,3.02,5.0,2020-11-10,59.09,CLOSED,3.02,190.0,2.0,100.0
-,ASX-NAN,2020-11-06,AUD,5.72,2021-08-05,6.9,20.63,19.0,2020-12-02,6.9,CLOSED,20.63,200.0,10.0,100.0
-,STW,2020-11-06,USD,57.36,2021-05-31,59.16,3.14,4.0,2020-11-10,59.16,CLOSED,3.14,198.0,2.0,100.0
-,ASX-SGP,2020-11-06,AUD,4.39,2021-04-08,4.48,2.05,3.0,2020-11-10,4.48,CLOSED,2.05,129.0,3.0,100.0
-,ASX-RHC,2020-11-06,AUD,64.38,2020-12-19,66.36,3.08,18.0,2020-11-10,66.36,CLOSED,3.08,194.0,9.0,100.0
-,INDEXASX-XJO,2020-11-06,USD,6190.2,2021-01-09,6276.86,1.4,6.0,2020-11-09,6276.86,CLOSED,1.4,118.0,5.0,100.0
-,ASX-GNC,2020-11-06,AUD,3.92,2021-10-24,4.39,11.99,9.0,2020-11-16,4.39,CLOSED,11.99,302.0,3.0,100.0
-,ASX-SVW,2020-11-06,AUD,20.32,2021-09-19,22.63,11.37,9.0,2020-11-20,22.63,CLOSED,11.37,205.0,4.0,100.0
-,ASX-AZJ,2020-11-06,AUD,3.84,2021-04-05,4.09,6.51,11.0,2020-11-18,4.09,CLOSED,6.51,137.0,8.0,100.0
-,0459.HK,2020-11-06,HKD,0.1,2021-05-05,0.12,20.0,28.0,2020-11-10,0.12,CLOSED,20.0,1260.0,2.0,100.0
-,0019.HK,2020-11-06,HKD,38.3,2021-02-05,42.75,11.62,32.0,2020-11-11,42.75,CLOSED,11.62,586.0,5.0,100.0
-,2778.HK,2020-11-06,HKD,4.08,2021-11-04,4.62,13.24,9.0,2020-11-30,4.62,CLOSED,13.24,139.0,7.0,100.0
-,0087.HK,2020-11-06,HKD,6.62,2021-08-12,7.25,9.52,9.0,2020-11-11,7.25,CLOSED,9.52,480.0,2.0,100.0
-,0087.HK,2020-11-06,HKD,6.62,2021-09-09,7.36,11.18,9.0,2020-11-16,7.36,CLOSED,11.18,282.0,3.0,100.0
-,2778.HK,2020-11-06,HKD,4.08,2021-07-05,4.39,7.6,8.0,2020-11-16,4.39,CLOSED,7.6,192.0,4.0,100.0
-,0135.HK,2020-11-06,HKD,5.47,2021-04-24,6.33,15.72,23.0,2020-11-19,6.33,CLOSED,15.72,305.0,8.0,100.0
-,0992.HK,2020-11-06,HKD,5.39,2021-01-01,5.53,2.6,12.0,2020-11-20,5.53,CLOSED,2.6,47.0,25.0,100.0
-,0992.HK,2020-11-06,HKD,5.39,2021-01-10,5.6,3.9,15.0,2020-11-23,5.6,CLOSED,3.9,58.0,26.0,100.0
-,1310.HK,2020-11-06,HKD,12.3,2021-02-12,13.29,8.05,21.0,2020-11-17,13.29,CLOSED,8.05,184.0,11.0,100.0
-,2018.HK,2020-11-06,HKD,43.9,2021-03-06,46.59,6.13,13.0,2020-11-09,46.59,CLOSED,6.13,515.0,2.0,100.0
-,0880.HK,2020-11-06,HKD,8.53,2021-09-13,9.61,12.66,10.0,2020-11-10,9.61,CLOSED,12.66,798.0,1.0,100.0
-,ASX-CGC,2020-11-06,AUD,3.68,2021-01-31,4.58,24.46,72.0,2020-12-11,4.01,OPEN,8.97,65.0,41.0,37.0
-,ASX-CGC,2020-11-06,AUD,3.68,2021-05-11,5.26,42.93,58.0,2020-12-11,4.01,OPEN,8.97,65.0,19.0,21.0
-,ASX-SDA,2020-11-06,AUD,0.79,2021-10-03,1.01,27.85,21.0,2020-12-11,0.79,OPEN,0.0,0.0,11.0,0.0
-,ASX-SDA,2020-11-06,AUD,0.79,2021-10-06,0.9,13.92,11.0,2020-12-11,0.79,OPEN,0.0,0.0,10.0,0.0
-,ASX-MIN,2020-11-06,AUD,26.33,2021-09-24,38.84,47.51,37.0,2020-12-11,35.26,OPEN,33.92,244.0,11.0,71.0
-,ASX-A2M,2020-11-06,AUD,13.71,2021-07-26,23.45,71.04,68.0,2020-12-11,13.06,OPEN,-4.74,-34.0,13.0,-7.0
-,ASX-TWE,2020-11-06,AUD,8.75,2021-04-04,10.98,25.49,43.0,2020-12-11,9.42,OPEN,7.66,55.0,23.0,30.0
-,ASX-TWE,2020-11-06,AUD,8.75,2021-07-16,11.53,31.77,32.0,2020-12-11,9.42,OPEN,7.66,55.0,14.0,24.0
-,ASX-A2M,2020-11-06,AUD,13.71,2021-01-11,16.09,17.36,66.0,2020-12-11,13.06,OPEN,-4.74,-34.0,53.0,-27.0
-,ASX-A2M,2020-11-06,AUD,13.71,2021-01-17,16.5,20.35,71.0,2020-12-11,13.06,OPEN,-4.74,-34.0,49.0,-23.0
-,ASX-A2M,2020-11-06,AUD,13.71,2021-03-11,17.49,27.57,56.0,2020-12-11,13.06,OPEN,-4.74,-34.0,28.0,-17.0
-,ASX-A2M,2020-11-06,AUD,13.71,2021-07-23,24.29,77.17,75.0,2020-12-11,13.06,OPEN,-4.74,-34.0,14.0,-6.0
-,ASX-TWE,2020-11-06,AUD,8.75,2021-04-24,11.0,25.71,38.0,2020-12-11,9.42,OPEN,7.66,55.0,21.0,30.0
-,ASX-TWE,2020-11-06,AUD,8.75,2021-08-13,11.75,34.29,31.0,2020-12-11,9.42,OPEN,7.66,55.0,12.0,22.0
-,ASX-RRL,2020-11-06,AUD,4.3,2020-12-22,4.9,13.95,76.0,2020-12-11,3.71,OPEN,-13.72,-99.0,76.0,-98.0
-,ASX-MIN,2020-11-06,AUD,26.33,2021-10-24,38.97,48.01,34.0,2020-12-11,35.26,OPEN,33.92,244.0,10.0,71.0
-,ASX-QUB,2020-11-06,AUD,2.87,2021-06-05,3.39,18.12,22.0,2020-12-11,2.89,OPEN,0.7,5.0,17.0,4.0
-,ASX-REA,2020-11-06,AUD,127.89,2021-05-08,180.35,41.02,56.0,2020-12-11,143.14,OPEN,11.92,86.0,19.0,29.0
-,ASX-MPL,2020-11-06,AUD,2.72,2021-07-17,3.24,19.12,19.0,2020-12-11,2.83,OPEN,4.04,29.0,14.0,21.0
-,ASX-QUB,2020-11-06,AUD,2.87,2021-09-06,3.61,25.78,21.0,2020-12-11,2.89,OPEN,0.7,5.0,12.0,3.0
-,ASX-NXT,2020-11-06,AUD,13.75,2021-07-22,16.66,21.16,21.0,2020-12-11,11.85,OPEN,-13.82,-100.0,14.0,-65.0
-,ASX-NXT,2020-11-06,AUD,13.75,2021-06-09,17.0,23.64,28.0,2020-12-11,11.85,OPEN,-13.82,-100.0,16.0,-58.0
-,ASX-MPL,2020-11-06,AUD,2.72,2021-06-30,3.07,12.87,14.0,2020-12-11,2.83,OPEN,4.04,29.0,15.0,31.0
-,ASX-REA,2020-11-06,AUD,127.89,2021-04-21,167.05,30.62,46.0,2020-12-11,143.14,OPEN,11.92,86.0,21.0,39.0
-,ASX-ABC,2020-11-06,AUD,3.21,2021-09-10,3.8,18.38,15.0,2020-12-11,3.23,OPEN,0.62,4.0,11.0,3.0
-,ASX-WEB,2020-11-06,AUD,4.2,2021-07-25,7.35,75.0,72.0,2020-12-11,5.23,OPEN,24.52,177.0,13.0,33.0
-,ASX-CSL,2020-11-06,AUD,301.99,2021-05-15,333.03,10.28,14.0,2020-12-11,291.53,OPEN,-3.46,-25.0,18.0,-34.0
-,ASX-SDA,2020-11-06,AUD,0.79,2021-09-20,0.98,24.05,19.0,2020-12-11,0.79,OPEN,0.0,0.0,11.0,0.0
-,ASX-NAN,2020-11-06,AUD,5.72,2021-10-14,8.27,44.58,33.0,2020-12-11,7.08,OPEN,23.78,171.0,10.0,53.0
-,ASX-TAH,2020-11-06,AUD,4.1,2021-10-20,4.8,17.07,12.0,2020-12-11,3.93,OPEN,-4.15,-30.0,10.0,-24.0
-,ASX-TCL,2020-11-06,AUD,14.14,2021-09-03,16.12,14.0,12.0,2020-12-11,13.64,OPEN,-3.54,-25.0,12.0,-25.0
-,ASX-A2M,2020-11-06,AUD,13.71,2021-01-08,15.53,13.27,53.0,2020-12-11,13.06,OPEN,-4.74,-34.0,56.0,-36.0
-,ASX-A2M,2020-11-06,AUD,13.71,2021-01-13,15.91,16.05,59.0,2020-12-11,13.06,OPEN,-4.74,-34.0,51.0,-30.0
-,ASX-A2M,2020-11-06,AUD,13.71,2021-03-28,17.26,25.89,46.0,2020-12-11,13.06,OPEN,-4.74,-34.0,25.0,-18.0
-,ASX-ARB,2020-11-06,AUD,32.08,2021-04-27,35.73,11.38,17.0,2020-12-11,29.5,OPEN,-8.04,-58.0,20.0,-71.0
-,ASX-RHC,2020-11-06,AUD,64.38,2021-05-22,70.87,10.08,13.0,2020-12-11,63.24,OPEN,-1.77,-13.0,18.0,-18.0
-,ASX-MFG,2020-11-06,AUD,60.0,2021-04-21,69.54,15.9,24.0,2020-12-11,54.8,OPEN,-8.67,-62.0,21.0,-55.0
-,ASX-CSL,2020-11-06,AUD,301.99,2021-07-10,331.25,9.69,10.0,2020-12-11,291.53,OPEN,-3.46,-25.0,14.0,-36.0
-,ASX-MFG,2020-11-06,AUD,60.0,2021-07-10,76.26,27.1,28.0,2020-12-11,54.8,OPEN,-8.67,-62.0,14.0,-32.0
-,ASX-SKI,2020-11-06,AUD,2.06,2021-05-16,2.25,9.22,12.0,2020-12-11,2.14,OPEN,3.88,28.0,18.0,42.0
-,ASX-WOW,2020-11-06,AUD,38.96,2021-10-13,42.47,9.01,7.0,2020-12-11,38.91,OPEN,-0.13,-1.0,10.0,-1.0
-,ASX-TAH,2020-11-06,AUD,4.1,2021-09-18,4.55,10.98,9.0,2020-12-11,3.93,OPEN,-4.15,-30.0,11.0,-38.0
-,ASX-RRL,2020-11-06,AUD,4.3,2021-02-04,4.75,10.47,29.0,2020-12-11,3.71,OPEN,-13.72,-99.0,39.0,-131.0
-,ASX-RRL,2020-11-06,AUD,4.3,2021-01-30,4.53,5.35,16.0,2020-12-11,3.71,OPEN,-13.72,-99.0,41.0,-257.0
-,ASX-NCM,2020-11-06,AUD,30.72,2021-09-26,35.8,16.54,13.0,2020-12-11,27.05,OPEN,-11.95,-86.0,11.0,-72.0
-,ASX-ARB,2020-11-06,AUD,32.08,2021-01-14,33.96,5.86,21.0,2020-12-11,29.5,OPEN,-8.04,-58.0,51.0,-137.0
-,ASX-SAR,2020-11-06,AUD,6.2,2021-09-25,10.11,63.06,49.0,2020-12-11,4.66,OPEN,-24.84,-179.0,11.0,-39.0
-,ASX-SDA,2020-11-06,AUD,0.79,2021-10-15,0.89,12.66,9.0,2020-12-11,0.79,OPEN,0.0,0.0,10.0,0.0
-,ASX-MQG,2020-11-06,AUD,135.45,2021-08-08,156.28,15.38,14.0,2020-12-11,138.08,OPEN,1.94,14.0,13.0,13.0
-,ASX-MFG,2020-11-06,AUD,60.0,2021-01-17,67.22,12.03,42.0,2020-12-11,54.8,OPEN,-8.67,-62.0,49.0,-72.0
-,ASX-AST,2020-11-06,AUD,2.04,2021-05-30,2.17,6.37,8.0,2020-12-11,1.85,OPEN,-9.31,-67.0,17.0,-146.0
-,ASX-NXT,2020-11-06,AUD,13.75,2021-03-05,14.66,6.62,14.0,2020-12-11,11.85,OPEN,-13.82,-100.0,29.0,-209.0
-,1310.HK,2020-11-06,HKD,12.3,2021-08-27,14.22,15.61,13.0,2020-12-11,12.44,OPEN,1.14,8.0,12.0,7.0
-,0345.HK,2020-11-06,HKD,32.5,2021-05-22,38.21,17.57,22.0,2020-12-11,31.05,OPEN,-4.46,-32.0,18.0,-25.0
-,1310.HK,2020-11-06,HKD,12.3,2021-09-15,14.16,15.12,12.0,2020-12-11,12.44,OPEN,1.14,8.0,11.0,8.0
-,1200.HK,2020-11-06,HKD,0.7,2021-08-20,1.07,52.86,46.0,2020-12-11,0.71,OPEN,1.43,10.0,12.0,3.0
-,0345.HK,2020-11-06,HKD,32.5,2021-06-22,39.41,21.26,23.0,2020-12-11,31.05,OPEN,-4.46,-32.0,15.0,-21.0
-,0992.HK,2020-11-06,HKD,5.39,2021-07-20,5.95,10.39,10.0,2020-12-11,5.89,OPEN,9.28,67.0,14.0,89.0
-,2328.HK,2020-11-06,HKD,5.78,2021-10-12,8.0,38.41,28.0,2020-12-11,6.01,OPEN,3.98,29.0,10.0,10.0
-,0012.HK,2020-11-06,HKD,29.7,2021-10-26,34.84,17.31,12.0,2020-12-11,31.2,OPEN,5.05,36.0,10.0,29.0
-,0696.HK,2020-11-06,HKD,16.58,2021-09-11,21.44,29.31,24.0,2020-12-11,18.58,OPEN,12.06,87.0,11.0,41.0
-,ASX-ILU,2020-11-09,AUD,5.27,2021-02-07,5.88,11.57,32.0,2020-12-09,5.88,CLOSED,11.57,97.0,33.0,100.0
-,ASX-CTD,2020-11-09,AUD,17.12,2021-02-23,20.04,17.06,41.0,2020-11-10,20.04,CLOSED,17.06,4299.0,1.0,100.0
-,ASX-CCP,2020-11-09,AUD,19.71,2021-05-16,24.82,25.93,35.0,2020-11-19,24.82,CLOSED,25.93,653.0,5.0,100.0
-,ASX-S32,2020-11-09,AUD,2.2,2021-01-30,2.39,8.64,27.0,2020-11-24,2.39,CLOSED,8.64,145.0,18.0,100.0
-,ASX-BHP,2020-11-09,AUD,35.88,2021-06-21,40.49,12.85,14.0,2020-12-03,40.49,CLOSED,12.85,135.0,11.0,100.0
-,ASX-CCP,2020-11-09,AUD,19.71,2021-03-27,23.18,17.61,32.0,2020-11-17,23.18,CLOSED,17.61,555.0,6.0,100.0
-,ASX-CCP,2020-11-09,AUD,19.71,2021-01-10,21.09,7.0,28.0,2020-11-10,21.09,CLOSED,7.0,1764.0,2.0,100.0
-,ASX-CTD,2020-11-09,AUD,17.12,2021-04-03,20.28,18.46,32.0,2020-11-10,20.28,CLOSED,18.46,4652.0,1.0,100.0
-,ASX-S32,2020-11-09,AUD,2.2,2021-03-14,2.39,8.64,17.0,2020-11-24,2.39,CLOSED,8.64,145.0,12.0,100.0
-,ASX-CTD,2020-11-09,AUD,17.12,2020-12-08,18.21,6.37,55.0,2020-11-10,18.21,CLOSED,6.37,1605.0,3.0,100.0
-,ASX-CTD,2020-11-09,AUD,17.12,2021-02-14,18.6,8.64,22.0,2020-11-10,18.6,CLOSED,8.64,2177.0,1.0,100.0
-,ASX-COH,2020-11-09,AUD,225.28,2021-01-31,237.45,5.4,16.0,2020-11-18,237.45,CLOSED,5.4,151.0,11.0,100.0
-,ASX-IFL,2020-11-09,AUD,3.22,2021-07-20,3.5,8.7,9.0,2020-11-18,3.5,CLOSED,8.7,244.0,4.0,100.0
-,ASX-AHY,2020-11-09,AUD,0.98,2021-02-25,1.04,6.12,14.0,2020-12-10,1.04,CLOSED,6.12,50.0,29.0,100.0
-,ASX-ORI,2020-11-09,AUD,16.0,2021-02-10,16.72,4.5,12.0,2020-11-11,16.72,CLOSED,4.5,567.0,2.0,100.0
-,2588.HK,2020-11-09,HKD,53.2,2021-04-07,62.77,17.99,30.0,2020-11-10,62.77,CLOSED,17.99,4533.0,1.0,100.0
-,2588.HK,2020-11-09,HKD,53.2,2021-04-10,60.99,14.64,24.0,2020-11-10,60.99,CLOSED,14.64,3689.0,1.0,100.0
-,2600.HK,2020-11-09,HKD,2.0,2021-08-14,3.13,56.5,51.0,2020-11-30,3.13,CLOSED,56.5,678.0,8.0,100.0
-,0459.HK,2020-11-09,HKD,0.1,2021-05-08,0.12,20.0,28.0,2020-11-10,0.12,CLOSED,20.0,5040.0,1.0,100.0
-,2778.HK,2020-11-09,HKD,4.09,2021-08-14,4.44,8.56,8.0,2020-11-18,4.44,CLOSED,8.56,240.0,3.0,100.0
-,2588.HK,2020-11-09,HKD,53.2,2021-01-27,55.31,3.97,13.0,2020-11-10,55.31,CLOSED,3.97,1000.0,1.0,100.0
-,0354.HK,2020-11-09,HKD,6.97,2021-07-19,8.21,17.79,18.0,2020-11-27,8.21,CLOSED,17.79,249.0,7.0,100.0
-,0467.HK,2020-11-09,HKD,1.19,2021-05-08,1.51,26.89,38.0,2020-11-27,1.51,CLOSED,26.89,376.0,10.0,100.0
-,2600.HK,2020-11-09,HKD,2.0,2021-04-22,2.26,13.0,20.0,2020-11-18,2.26,CLOSED,13.0,364.0,5.0,100.0
-,0992.HK,2020-11-09,HKD,5.41,2021-01-04,5.55,2.59,12.0,2020-11-20,5.55,CLOSED,2.59,59.0,20.0,100.0
-,0992.HK,2020-11-09,HKD,5.41,2021-01-13,5.62,3.88,15.0,2020-11-23,5.62,CLOSED,3.88,70.0,22.0,100.0
-,0467.HK,2020-11-09,HKD,1.19,2021-01-20,1.37,15.13,53.0,2020-11-11,1.37,CLOSED,15.13,1906.0,3.0,100.0
-,1428.HK,2020-11-09,HKD,2.11,2021-01-21,2.36,11.85,41.0,2020-11-20,2.36,CLOSED,11.85,271.0,15.0,100.0
-,ASX-BAP,2020-11-09,AUD,8.15,2021-10-20,10.22,25.4,19.0,2020-12-11,7.04,OPEN,-13.62,-107.0,9.0,-54.0
-,ASX-CAR,2020-11-09,AUD,22.38,2021-09-26,28.57,27.66,22.0,2020-12-11,19.17,OPEN,-14.34,-113.0,10.0,-52.0
-,ASX-S32,2020-11-09,AUD,2.2,2021-06-20,3.01,36.82,42.0,2020-12-11,2.57,OPEN,16.82,132.0,14.0,46.0
-,ASX-SDA,2020-11-09,AUD,0.79,2021-10-06,1.01,27.85,21.0,2020-12-11,0.79,OPEN,0.0,0.0,10.0,0.0
-,ASX-SDA,2020-11-09,AUD,0.79,2021-10-09,0.9,13.92,11.0,2020-12-11,0.79,OPEN,0.0,0.0,10.0,0.0
-,ASX-RWC,2020-11-09,AUD,4.69,2021-02-06,5.68,21.11,60.0,2020-12-11,4.29,OPEN,-8.53,-67.0,36.0,-40.0
-,ASX-ORA,2020-11-09,AUD,2.72,2021-04-10,3.06,12.5,21.0,2020-12-11,2.67,OPEN,-1.84,-14.0,21.0,-15.0
-,ASX-CAR,2020-11-09,AUD,22.38,2021-08-19,25.95,15.95,14.0,2020-12-11,19.17,OPEN,-14.34,-113.0,11.0,-90.0
-,ASX-SYR,2020-11-09,AUD,0.49,2021-07-13,1.16,136.73,140.0,2020-12-11,0.905,OPEN,84.69,667.0,13.0,62.0
-,ASX-IRE,2020-11-09,AUD,10.19,2021-06-27,11.81,15.9,17.0,2020-12-11,10.2,OPEN,0.1,1.0,14.0,1.0
-,ASX-SDA,2020-11-09,AUD,0.79,2021-09-23,0.98,24.05,19.0,2020-12-11,0.79,OPEN,0.0,0.0,10.0,0.0
-,ASX-ILU,2020-11-09,AUD,5.27,2021-03-20,6.04,14.61,28.0,2020-12-11,5.91,OPEN,12.14,96.0,24.0,83.0
-,ASX-IRE,2020-11-09,AUD,10.19,2021-09-27,12.32,20.9,16.0,2020-12-11,10.2,OPEN,0.1,1.0,10.0,0.0
-,ASX-SUL,2020-11-09,AUD,11.64,2021-08-02,14.0,20.27,19.0,2020-12-11,10.13,OPEN,-12.97,-102.0,12.0,-64.0
-,ASX-SHL,2020-11-09,AUD,36.75,2021-10-03,40.61,10.5,8.0,2020-12-11,32.72,OPEN,-10.97,-86.0,10.0,-104.0
-,ASX-SHL,2020-11-09,AUD,36.75,2021-09-16,42.94,16.84,14.0,2020-12-11,32.72,OPEN,-10.97,-86.0,10.0,-65.0
-,ASX-BAP,2020-11-09,AUD,8.15,2021-06-14,9.49,16.44,19.0,2020-12-11,7.04,OPEN,-13.62,-107.0,15.0,-83.0
-,ASX-MYX,2020-11-09,AUD,0.33,2021-06-06,0.46,39.39,47.0,2020-12-11,0.37,OPEN,12.12,95.0,15.0,31.0
-,ASX-CAR,2020-11-09,AUD,22.38,2021-02-17,24.24,8.31,21.0,2020-12-11,19.17,OPEN,-14.34,-113.0,32.0,-173.0
-,ASX-JBH,2020-11-09,AUD,50.18,2021-09-09,64.04,27.62,23.0,2020-12-11,44.02,OPEN,-12.28,-97.0,11.0,-44.0
-,ASX-COH,2020-11-09,AUD,225.28,2021-10-07,270.52,20.08,15.0,2020-12-11,199.52,OPEN,-11.43,-90.0,10.0,-57.0
-,ASX-JHX,2020-11-09,AUD,38.35,2021-09-09,45.67,19.09,16.0,2020-12-11,36.96,OPEN,-3.62,-29.0,11.0,-19.0
-,ASX-IPH,2020-11-09,AUD,6.87,2021-09-22,8.25,20.09,16.0,2020-12-11,6.56,OPEN,-4.51,-36.0,10.0,-22.0
-,ASX-ORI,2020-11-09,AUD,16.0,2021-10-01,18.26,14.13,11.0,2020-12-11,15.59,OPEN,-2.56,-20.0,10.0,-18.0
-,ASX-SEK,2020-11-09,AUD,23.2,2021-08-29,28.39,22.37,19.0,2020-12-11,26.76,OPEN,15.34,121.0,11.0,69.0
-,ASX-SDA,2020-11-09,AUD,0.79,2021-10-18,0.89,12.66,9.0,2020-12-11,0.79,OPEN,0.0,0.0,9.0,0.0
-,ASX-JBH,2020-11-09,AUD,50.18,2021-10-10,62.37,24.29,18.0,2020-12-11,44.02,OPEN,-12.28,-97.0,10.0,-51.0
-,ASX-ORA,2020-11-09,AUD,2.72,2021-02-12,2.91,6.99,19.0,2020-12-11,2.67,OPEN,-1.84,-14.0,34.0,-26.0
-,ASX-COH,2020-11-09,AUD,225.28,2021-07-20,243.66,8.16,8.0,2020-12-11,199.52,OPEN,-11.43,-90.0,13.0,-140.0
-,ASX-IPH,2020-11-09,AUD,6.87,2021-04-20,7.85,14.26,22.0,2020-12-11,6.56,OPEN,-4.51,-36.0,20.0,-32.0
-,ASX-SHL,2020-11-09,AUD,36.75,2021-02-19,38.86,5.74,14.0,2020-12-11,32.72,OPEN,-10.97,-86.0,31.0,-191.0
-,ASX-SUL,2020-11-09,AUD,11.64,2021-07-10,13.59,16.75,17.0,2020-12-11,10.13,OPEN,-12.97,-102.0,13.0,-77.0
-,ASX-ORA,2020-11-09,AUD,2.72,2020-12-26,2.86,5.15,28.0,2020-12-11,2.67,OPEN,-1.84,-14.0,68.0,-36.0
-,ASX-RWC,2020-11-09,AUD,4.69,2020-12-30,5.03,7.25,36.0,2020-12-11,4.29,OPEN,-8.53,-67.0,63.0,-118.0
-,ASX-MYX,2020-11-09,AUD,0.33,2021-06-18,0.42,27.27,31.0,2020-12-11,0.37,OPEN,12.12,95.0,14.0,44.0
-,ASX-CAR,2020-11-09,AUD,22.38,2020-12-24,23.06,3.04,17.0,2020-12-11,19.17,OPEN,-14.34,-113.0,71.0,-472.0
-,3303.HK,2020-11-09,HKD,0.49,2021-08-29,0.95,93.88,81.0,2020-12-11,0.5,OPEN,2.04,16.0,11.0,2.0
-,1428.HK,2020-11-09,HKD,2.11,2021-03-22,2.67,26.54,50.0,2020-12-11,1.97,OPEN,-6.64,-52.0,24.0,-25.0
-,0992.HK,2020-11-09,HKD,5.41,2021-07-23,5.97,10.35,10.0,2020-12-11,5.89,OPEN,8.87,70.0,12.0,86.0
-,0354.HK,2020-11-09,HKD,6.97,2021-09-13,10.02,43.76,36.0,2020-12-11,7.6,OPEN,9.04,71.0,10.0,21.0
-,2800.HK,2020-11-09,HKD,26.16,2021-09-20,28.51,8.98,7.0,2020-12-11,26.7,OPEN,2.06,16.0,10.0,23.0
+,DIS,2020-11-10,USD,142.07,2021-06-18,160.51,12.98,15.0,2020-12-11,160.51,CLOSED,12.98,106.0,14.0,100.0
-,ASX-AZJ,2020-11-10,AUD,3.95,2021-09-17,4.38,10.89,9.0,2020-11-25,4.38,CLOSED,10.89,183.0,5.0,100.0
-,ASX-CBA,2020-11-10,AUD,72.4,2021-05-05,77.63,7.22,10.0,2020-11-19,77.63,CLOSED,7.22,202.0,5.0,100.0
-,ASX-CBA,2020-11-10,AUD,72.4,2021-02-26,75.06,3.67,9.0,2020-11-17,75.06,CLOSED,3.67,132.0,6.0,100.0
-,ASX-SCG,2020-11-10,AUD,2.76,2020-12-24,2.83,2.54,15.0,2020-11-17,2.83,CLOSED,2.54,91.0,16.0,100.0
-,ASX-SKT,2020-11-10,AUD,0.14,2021-08-01,0.15,7.14,7.0,2020-11-11,0.15,CLOSED,7.14,1799.0,0.0,100.0
-,ASX-CWN,2020-11-10,AUD,9.55,2021-03-11,9.98,4.5,9.0,2020-11-25,9.98,CLOSED,4.5,76.0,12.0,100.0
-,ASX-CQR,2020-11-10,AUD,3.84,2021-09-25,4.05,5.47,4.0,2020-11-20,4.05,CLOSED,5.47,138.0,3.0,100.0
-,ASX-CIM,2020-11-10,AUD,22.68,2021-09-24,26.15,15.3,12.0,2020-11-30,26.15,CLOSED,15.3,193.0,6.0,100.0
-,ASX-OZL,2020-11-10,AUD,15.05,2021-02-23,16.02,6.45,15.0,2020-11-25,16.02,CLOSED,6.45,108.0,14.0,100.0
-,0778.HK,2020-11-10,HKD,6.84,2021-04-30,7.3,6.73,10.0,2020-12-07,7.3,CLOSED,6.73,63.0,16.0,100.0
-,0992.HK,2020-11-10,HKD,5.23,2021-07-24,5.77,10.33,10.0,2020-11-23,5.77,CLOSED,10.33,200.0,5.0,100.0
-,2778.HK,2020-11-10,HKD,4.27,2021-08-15,4.64,8.67,8.0,2020-11-30,4.64,CLOSED,8.67,109.0,7.0,100.0
-,1299.HK,2020-11-10,HKD,87.0,2021-02-23,90.85,4.43,11.0,2020-11-18,90.85,CLOSED,4.43,140.0,8.0,100.0
-,0823.HK,2020-11-10,HKD,67.45,2021-02-09,70.26,4.17,12.0,2020-11-17,70.26,CLOSED,4.17,150.0,8.0,100.0
-,2600.HK,2020-11-10,HKD,2.06,2021-04-23,2.33,13.11,20.0,2020-11-23,2.33,CLOSED,13.11,254.0,8.0,100.0
-,0992.HK,2020-11-10,HKD,5.23,2021-01-05,5.36,2.49,11.0,2020-11-17,5.36,CLOSED,2.49,90.0,12.0,100.0
-,0992.HK,2020-11-10,HKD,5.23,2021-01-14,5.44,4.02,16.0,2020-11-17,5.44,CLOSED,4.02,145.0,11.0,100.0
-,1310.HK,2020-11-10,HKD,12.7,2021-02-16,13.72,8.03,21.0,2020-11-30,13.72,CLOSED,8.03,101.0,20.0,100.0
-,0004.HK,2020-11-10,HKD,18.0,2021-01-08,18.48,2.67,11.0,2020-11-17,18.48,CLOSED,2.67,96.0,12.0,100.0
-,BXP,2020-11-10,USD,92.49,2021-07-16,100.15,8.28,8.0,2020-11-23,100.15,CLOSED,8.28,161.0,5.0,100.0
-,XBI,2020-11-10,USD,121.96,2021-03-26,132.3,8.48,16.0,2020-11-30,132.3,CLOSED,8.48,107.0,15.0,100.0
-,BXP,2020-11-10,USD,92.49,2021-02-20,97.93,5.88,15.0,2020-11-17,97.93,CLOSED,5.88,212.0,7.0,100.0
-,SPG,2020-11-10,USD,78.78,2021-05-23,86.06,9.24,12.0,2020-11-23,86.06,CLOSED,9.24,179.0,7.0,100.0
-,SPG,2020-11-10,USD,78.78,2021-05-23,86.06,9.24,12.0,2020-11-23,86.06,CLOSED,9.24,179.0,7.0,100.0
-,DIS,2020-11-10,USD,142.07,2021-01-29,149.0,4.88,15.0,2020-11-24,149.0,CLOSED,4.88,88.0,18.0,100.0
-,C,2020-11-10,USD,47.66,2021-10-11,50.31,5.56,4.0,2020-11-16,50.31,CLOSED,5.56,234.0,2.0,100.0
-,XBI,2020-11-10,USD,121.96,2021-04-01,129.11,5.86,10.0,2020-11-27,129.11,CLOSED,5.86,87.0,12.0,100.0
-,ASX-A2M,2020-11-10,AUD,14.32,2021-04-27,20.77,45.04,68.0,2020-12-11,13.06,OPEN,-8.8,-72.0,18.0,-20.0
-,ASX-SDA,2020-11-10,AUD,0.79,2021-10-07,1.01,27.85,21.0,2020-12-11,0.79,OPEN,0.0,0.0,9.0,0.0
-,ASX-SDA,2020-11-10,AUD,0.79,2021-10-10,0.9,13.92,11.0,2020-12-11,0.79,OPEN,0.0,0.0,9.0,0.0
-,ASX-PGH,2020-11-10,AUD,2.59,2021-04-04,2.84,9.65,17.0,2020-12-11,2.53,OPEN,-2.32,-19.0,21.0,-24.0
-,ASX-SCG,2020-11-10,AUD,2.76,2021-05-25,3.05,10.51,14.0,2020-12-11,2.77,OPEN,0.36,3.0,16.0,3.0
-,ASX-VCX,2020-11-10,AUD,1.66,2021-05-18,1.93,16.27,22.0,2020-12-11,1.67,OPEN,0.6,5.0,16.0,4.0
-,ASX-VCX,2020-11-10,AUD,1.66,2021-05-27,1.79,7.83,10.0,2020-12-11,1.67,OPEN,0.6,5.0,16.0,8.0
-,ASX-SDA,2020-11-10,AUD,0.79,2021-02-07,0.91,15.19,43.0,2020-12-11,0.79,OPEN,0.0,0.0,35.0,0.0
-,ASX-SDA,2020-11-10,AUD,0.79,2021-03-02,0.9,13.92,31.0,2020-12-11,0.79,OPEN,0.0,0.0,28.0,0.0
-,ASX-SDA,2020-11-10,AUD,0.79,2021-03-02,0.93,17.72,40.0,2020-12-11,0.79,OPEN,0.0,0.0,28.0,0.0
-,ASX-CNU,2020-11-10,AUD,8.31,2021-08-17,10.02,20.58,19.0,2020-12-11,7.37,OPEN,-11.31,-92.0,11.0,-55.0
-,ASX-A2M,2020-11-10,AUD,14.32,2021-02-21,17.48,22.07,54.0,2020-12-11,13.06,OPEN,-8.8,-72.0,30.0,-40.0
-,ASX-SDA,2020-11-10,AUD,0.79,2021-09-24,0.98,24.05,19.0,2020-12-11,0.79,OPEN,0.0,0.0,10.0,0.0
-,ASX-IVC,2020-11-10,AUD,11.12,2021-05-07,12.16,9.35,13.0,2020-12-11,11.38,OPEN,2.34,19.0,17.0,25.0
-,ASX-IVC,2020-11-10,AUD,11.12,2021-05-07,12.16,9.35,13.0,2020-12-11,11.38,OPEN,2.34,19.0,17.0,25.0
-,ASX-SCG,2020-11-10,AUD,2.76,2021-04-16,3.04,10.14,16.0,2020-12-11,2.77,OPEN,0.36,3.0,20.0,4.0
-,ASX-A2M,2020-11-10,AUD,14.32,2020-12-21,15.67,9.43,58.0,2020-12-11,13.06,OPEN,-8.8,-72.0,76.0,-93.0
-,ASX-SDA,2020-11-10,AUD,0.79,2021-10-19,0.89,12.66,9.0,2020-12-11,0.79,OPEN,0.0,0.0,9.0,0.0
-,ASX-CNU,2020-11-10,AUD,8.31,2021-01-09,8.79,5.78,24.0,2020-12-11,7.37,OPEN,-11.31,-92.0,52.0,-196.0
-,ASX-CNU,2020-11-10,AUD,8.31,2021-05-18,9.27,11.55,15.0,2020-12-11,7.37,OPEN,-11.31,-92.0,16.0,-98.0
-,ASX-A2M,2020-11-10,AUD,14.32,2020-12-16,15.28,6.7,47.0,2020-12-11,13.06,OPEN,-8.8,-72.0,86.0,-131.0
-,ASX-OZL,2020-11-10,AUD,15.05,2021-10-15,19.91,32.29,24.0,2020-12-11,18.73,OPEN,24.45,199.0,9.0,76.0
-,0288.HK,2020-11-10,HKD,6.65,2021-04-29,7.69,15.64,23.0,2020-12-11,6.51,OPEN,-2.11,-17.0,18.0,-13.0
-,0288.HK,2020-11-10,HKD,6.65,2021-02-22,8.07,21.35,52.0,2020-12-11,6.51,OPEN,-2.11,-17.0,30.0,-10.0
-,2318.HK,2020-11-10,HKD,85.1,2021-03-05,98.94,16.26,36.0,2020-12-11,92.7,OPEN,8.93,73.0,27.0,55.0
-,2318.HK,2020-11-10,HKD,85.1,2021-03-30,115.17,35.33,64.0,2020-12-11,92.7,OPEN,8.93,73.0,22.0,25.0
-,2600.HK,2020-11-10,HKD,2.06,2021-08-15,3.22,56.31,51.0,2020-12-11,2.78,OPEN,34.95,284.0,11.0,62.0
-,3303.HK,2020-11-10,HKD,0.49,2021-08-30,0.95,93.88,81.0,2020-12-11,0.5,OPEN,2.04,17.0,11.0,2.0
-,3898.HK,2020-11-10,HKD,26.8,2021-04-30,35.66,33.06,49.0,2020-12-11,24.6,OPEN,-8.21,-67.0,18.0,-25.0
-,3898.HK,2020-11-10,HKD,26.8,2021-04-20,38.78,44.7,70.0,2020-12-11,24.6,OPEN,-8.21,-67.0,19.0,-18.0
-,1623.HK,2020-11-10,HKD,0.16,2021-06-18,0.31,93.75,107.0,2020-12-11,0.22,OPEN,37.5,305.0,14.0,40.0
-,1310.HK,2020-11-10,HKD,12.7,2021-08-31,14.68,15.59,13.0,2020-12-11,12.44,OPEN,-2.05,-17.0,11.0,-13.0
-,1623.HK,2020-11-10,HKD,0.16,2021-06-08,0.34,112.5,135.0,2020-12-11,0.22,OPEN,37.5,305.0,15.0,33.0
-,0823.HK,2020-11-10,HKD,67.45,2021-05-06,77.3,14.6,21.0,2020-12-11,69.65,OPEN,3.26,27.0,18.0,22.0
-,0778.HK,2020-11-10,HKD,6.84,2021-05-17,7.56,10.53,14.0,2020-12-11,7.24,OPEN,5.85,48.0,16.0,56.0
-,1310.HK,2020-11-10,HKD,12.7,2021-09-19,14.62,15.12,12.0,2020-12-11,12.44,OPEN,-2.05,-17.0,10.0,-14.0
-,1299.HK,2020-11-10,HKD,87.0,2021-05-13,96.34,10.74,15.0,2020-12-11,89.25,OPEN,2.59,21.0,17.0,24.0
-,0823.HK,2020-11-10,HKD,67.45,2021-07-16,79.16,17.36,18.0,2020-12-11,69.65,OPEN,3.26,27.0,12.0,19.0
-,0066.HK,2020-11-10,HKD,40.2,2021-09-27,46.55,15.8,12.0,2020-12-11,43.35,OPEN,7.84,64.0,10.0,50.0
-,2883.HK,2020-11-10,HKD,5.57,2021-10-09,7.4,32.85,25.0,2020-12-11,5.84,OPEN,4.85,39.0,9.0,15.0
-,2386.HK,2020-11-10,HKD,3.33,2021-08-13,3.85,15.62,14.0,2020-12-11,3.36,OPEN,0.9,7.0,11.0,6.0
-,8206.HK,2020-11-10,HKD,0.1,2021-08-19,0.22,120.0,107.0,2020-12-11,0.08,OPEN,-20.0,-163.0,11.0,-17.0
-,2800.HK,2020-11-10,HKD,26.4,2021-10-01,28.98,9.77,8.0,2020-12-11,26.7,OPEN,1.14,9.0,10.0,12.0
-,0753.HK,2020-11-10,HKD,6.05,2021-09-27,8.29,37.02,29.0,2020-12-11,6.6,OPEN,9.09,74.0,10.0,25.0
-,0288.HK,2020-11-10,HKD,6.65,2021-02-09,7.01,5.41,15.0,2020-12-11,6.51,OPEN,-2.11,-17.0,34.0,-39.0
-,2628.HK,2020-11-10,HKD,17.98,2021-10-04,21.38,18.91,15.0,2020-12-11,17.1,OPEN,-4.89,-40.0,9.0,-26.0
-,2012.HK,2020-11-10,HKD,1.61,2021-08-25,8.12,404.35,354.0,2020-12-10,1.5,OPEN,-6.83,-57.0,10.0,-2.0
-,0880.HK,2020-11-10,HKD,9.63,2021-09-08,10.93,13.5,11.0,2020-12-11,9.2,OPEN,-4.47,-36.0,10.0,-33.0
-,ITW,2020-11-10,USD,217.54,2021-05-15,243.43,11.9,16.0,2020-12-11,203.56,OPEN,-6.43,-52.0,17.0,-54.0
-,BAX,2020-11-10,USD,81.5,2021-07-19,90.71,11.3,11.0,2020-12-11,79.34,OPEN,-2.65,-22.0,12.0,-23.0
-,PSA,2020-11-10,USD,233.87,2021-08-11,265.79,13.65,13.0,2020-12-11,220.06,OPEN,-5.9,-48.0,11.0,-43.0
-,ITW,2020-11-10,USD,217.54,2021-09-29,251.59,15.65,12.0,2020-12-11,203.56,OPEN,-6.43,-52.0,10.0,-41.0
-,AVB,2020-11-10,USD,171.69,2021-05-22,183.55,6.91,9.0,2020-12-11,162.36,OPEN,-5.43,-44.0,16.0,-79.0
-,LOW,2020-11-10,USD,155.71,2021-03-16,174.44,12.03,24.0,2020-12-11,157.82,OPEN,1.36,11.0,25.0,11.0
-,ITW,2020-11-10,USD,217.54,2021-02-15,227.24,4.46,12.0,2020-12-11,203.56,OPEN,-6.43,-52.0,32.0,-144.0
-,EQR,2020-11-10,USD,61.45,2021-06-22,67.04,9.1,10.0,2020-12-11,58.94,OPEN,-4.08,-33.0,14.0,-45.0
-,VZ,2020-11-10,USD,61.11,2021-05-17,66.34,8.56,11.0,2020-12-11,60.35,OPEN,-1.24,-10.0,16.0,-15.0
-,DE,2020-11-10,USD,253.97,2021-03-03,268.04,5.54,12.0,2020-12-11,255.77,OPEN,0.71,6.0,27.0,13.0
-,BAX,2020-11-10,USD,81.5,2021-02-06,84.61,3.82,11.0,2020-12-11,79.34,OPEN,-2.65,-22.0,35.0,-69.0
-,PSA,2020-11-10,USD,233.87,2021-01-20,242.92,3.87,14.0,2020-12-11,220.06,OPEN,-5.9,-48.0,44.0,-153.0
-,EMR,2020-11-10,USD,77.4,2021-10-03,83.14,7.42,6.0,2020-12-11,82.42,OPEN,6.49,53.0,9.0,87.0
-,XBI,2020-11-10,USD,121.96,2021-10-15,146.34,19.99,15.0,2020-12-11,142.27,OPEN,16.65,135.0,9.0,83.0
-,XAR,2020-11-11,USD,98.73,2021-09-29,112.02,13.46,11.0,2020-12-03,112.02,CLOSED,13.46,154.0,7.0,100.0
-,XAR,2020-11-11,USD,98.73,2021-02-06,103.75,5.08,15.0,2020-11-16,103.75,CLOSED,5.08,256.0,6.0,100.0
-,RIO,2020-11-11,USD,62.97,2021-07-21,72.08,14.47,14.0,2020-12-03,72.08,CLOSED,14.47,166.0,9.0,100.0
-,ITA,2020-11-11,USD,175.26,2021-03-29,185.21,5.68,10.0,2020-11-17,185.21,CLOSED,5.68,239.0,4.0,100.0
-,EOG,2020-11-11,USD,41.91,2021-06-30,47.06,12.29,13.0,2020-11-18,47.06,CLOSED,12.29,442.0,3.0,100.0
-,VTR,2020-11-11,USD,48.43,2021-03-14,51.18,5.68,12.0,2020-11-16,51.18,CLOSED,5.68,286.0,4.0,100.0
-,XAR,2020-11-11,USD,98.73,2021-03-04,104.22,5.56,12.0,2020-11-16,104.22,CLOSED,5.56,280.0,4.0,100.0
-,VHT,2020-11-11,USD,216.1,2021-02-05,222.41,2.92,9.0,2020-12-09,222.41,CLOSED,2.92,26.0,33.0,100.0
-,XAR,2020-11-11,USD,98.73,2020-12-15,100.44,1.73,13.0,2020-11-13,100.44,CLOSED,1.73,218.0,6.0,100.0
-,ITA,2020-11-11,USD,175.26,2021-03-14,181.01,3.28,7.0,2020-11-16,181.01,CLOSED,3.28,165.0,4.0,100.0
-,PRU,2020-11-11,USD,73.02,2021-03-15,77.45,6.07,12.0,2020-11-18,77.45,CLOSED,6.07,219.0,6.0,100.0
-,ROBO,2020-11-11,USD,53.09,2021-11-02,61.33,15.52,11.0,2020-12-11,57.85,OPEN,8.97,75.0,8.0,58.0
-,YUM,2020-11-11,USD,101.82,2021-09-03,118.85,16.73,14.0,2020-12-11,105.99,OPEN,4.1,34.0,10.0,24.0
-,YUM,2020-11-11,USD,101.82,2021-06-09,112.95,10.93,13.0,2020-12-11,105.99,OPEN,4.1,34.0,14.0,37.0
-,DLR,2020-11-11,USD,140.99,2021-09-17,167.03,18.47,15.0,2020-12-11,130.27,OPEN,-7.6,-64.0,10.0,-41.0
-,VTR,2020-11-11,USD,48.43,2021-05-10,53.6,10.68,15.0,2020-12-11,49.05,OPEN,1.28,11.0,17.0,12.0
-,ITA,2020-11-11,USD,175.26,2021-11-01,202.92,15.78,11.0,2020-12-11,96.23,OPEN,-45.09,-379.0,8.0,-286.0
-,GD,2020-11-11,USD,150.29,2021-06-11,163.76,8.96,11.0,2020-12-11,151.33,OPEN,0.69,6.0,14.0,8.0
-,DLR,2020-11-11,USD,140.99,2021-09-21,168.27,19.35,16.0,2020-12-11,130.27,OPEN,-7.6,-64.0,10.0,-39.0
-,PRU,2020-11-11,USD,73.02,2021-09-17,84.86,16.21,13.0,2020-12-11,78.58,OPEN,7.61,64.0,10.0,47.0
-,PLD,2020-11-11,USD,102.02,2021-05-19,109.19,7.03,9.0,2020-12-11,97.37,OPEN,-4.56,-38.0,16.0,-65.0
-,XLV,2020-11-11,USD,111.13,2021-08-24,117.8,6.0,5.0,2020-12-11,111.68,OPEN,0.49,4.0,10.0,8.0
-,KO,2020-11-11,USD,53.58,2021-10-29,58.85,9.84,7.0,2020-12-11,53.35,OPEN,-0.43,-4.0,9.0,-4.0
-,ACN,2020-11-11,USD,242.75,2021-05-08,268.24,10.5,15.0,2020-12-11,245.83,OPEN,1.27,11.0,17.0,12.0
-,KO,2020-11-11,USD,53.58,2021-07-13,57.32,6.98,7.0,2020-12-11,53.35,OPEN,-0.43,-4.0,12.0,-6.0
-,IYH,2020-11-11,USD,238.82,2021-02-09,246.41,3.18,9.0,2020-12-11,242.29,OPEN,1.45,12.0,33.0,46.0
-,XLV,2020-11-11,USD,111.13,2021-03-21,114.82,3.32,6.0,2020-12-11,111.68,OPEN,0.49,4.0,23.0,15.0
-,GD,2020-11-11,USD,150.29,2021-02-08,156.21,3.94,11.0,2020-12-11,151.33,OPEN,0.69,6.0,34.0,18.0
-,VZ,2020-11-11,USD,61.0,2021-05-18,66.22,8.56,11.0,2020-12-11,60.35,OPEN,-1.07,-9.0,16.0,-12.0
-,YUM,2020-11-11,USD,101.82,2021-02-22,108.04,6.11,15.0,2020-12-11,105.99,OPEN,4.1,34.0,29.0,67.0
-,PLD,2020-11-11,USD,102.02,2021-03-06,105.76,3.67,8.0,2020-12-11,97.37,OPEN,-4.56,-38.0,26.0,-124.0
-,ACN,2020-11-11,USD,242.75,2021-03-12,253.97,4.62,10.0,2020-12-11,245.83,OPEN,1.27,11.0,25.0,27.0
-,DLR,2020-11-11,USD,140.99,2021-03-14,153.83,9.11,19.0,2020-12-11,130.27,OPEN,-7.6,-64.0,24.0,-83.0
-,DLR,2020-11-11,USD,140.99,2021-03-01,151.07,7.15,16.0,2020-12-11,130.27,OPEN,-7.6,-64.0,27.0,-106.0
-,IYH,2020-11-11,USD,238.82,2021-06-21,249.26,4.37,5.0,2020-12-11,242.29,OPEN,1.45,12.0,14.0,33.0
-,VHT,2020-11-11,USD,216.1,2021-03-23,224.55,3.91,7.0,2020-12-11,220.52,OPEN,2.05,17.0,23.0,52.0
-,ASX-TWE,2020-11-12,AUD,9.34,2021-03-06,10.59,13.38,30.0,2020-11-25,10.59,CLOSED,13.38,259.0,11.0,100.0
-,ASX-RFG,2020-11-12,AUD,0.08,2021-05-21,0.1,25.0,33.0,2020-12-07,0.1,CLOSED,25.0,252.0,13.0,100.0
-,STW,2020-11-12,USD,59.72,2021-04-28,61.62,3.18,5.0,2020-11-24,61.62,CLOSED,3.18,67.0,7.0,100.0
-,STW,2020-11-12,USD,59.72,2021-04-01,61.38,2.78,5.0,2020-11-23,61.38,CLOSED,2.78,64.0,8.0,100.0
-,ASX-WES,2020-11-12,AUD,48.78,2021-02-10,49.76,2.01,6.0,2020-11-20,49.76,CLOSED,2.01,63.0,9.0,100.0
-,ASX-BKW,2020-11-12,AUD,19.25,2021-01-23,20.01,3.95,14.0,2020-11-25,20.01,CLOSED,3.95,77.0,18.0,100.0
-,ASX-TWE,2020-11-12,AUD,9.34,2021-01-13,9.77,4.6,19.0,2020-11-17,9.77,CLOSED,4.6,232.0,8.0,100.0
-,ASX-RIO,2020-11-12,AUD,96.48,2021-08-23,105.22,9.06,8.0,2020-12-03,105.22,CLOSED,9.06,109.0,7.0,100.0
-,1623.HK,2020-11-12,HKD,0.16,2021-04-14,0.26,62.5,103.0,2020-11-23,0.26,CLOSED,62.5,1432.0,7.0,100.0
-,0435.HK,2020-11-12,HKD,3.6,2021-06-06,3.91,8.61,11.0,2020-12-07,3.91,CLOSED,8.61,87.0,12.0,100.0
-,0435.HK,2020-11-12,HKD,3.6,2021-07-02,3.93,9.17,10.0,2020-12-08,3.93,CLOSED,9.17,89.0,11.0,100.0
-,0459.HK,2020-11-12,HKD,0.12,2021-04-06,0.14,16.67,29.0,2020-11-24,0.14,CLOSED,16.67,350.0,8.0,100.0
-,0689.HK,2020-11-12,HKD,0.05,2021-03-26,0.09,80.0,150.0,2020-12-10,0.09,CLOSED,80.0,720.0,21.0,100.0
-,0087.HK,2020-11-12,HKD,7.21,2021-09-07,7.93,9.99,8.0,2020-11-25,7.93,CLOSED,9.99,194.0,4.0,100.0
-,0087.HK,2020-11-12,HKD,7.21,2021-07-31,7.75,7.49,7.0,2020-11-18,7.75,CLOSED,7.49,315.0,2.0,100.0
-,2600.HK,2020-11-12,HKD,2.1,2021-04-25,2.38,13.33,20.0,2020-11-23,2.38,CLOSED,13.33,305.0,7.0,100.0
-,ASX-SDA,2020-11-12,AUD,0.79,2021-10-09,1.01,27.85,21.0,2020-12-11,0.79,OPEN,0.0,0.0,9.0,0.0
-,ASX-SDA,2020-11-12,AUD,0.79,2021-10-12,0.9,13.92,11.0,2020-12-11,0.79,OPEN,0.0,0.0,9.0,0.0
-,ASX-CGC,2020-11-12,AUD,3.93,2021-01-21,4.66,18.58,67.0,2020-12-11,4.01,OPEN,2.04,18.0,41.0,11.0
-,ASX-SDA,2020-11-12,AUD,0.79,2021-02-09,0.91,15.19,43.0,2020-12-11,0.79,OPEN,0.0,0.0,33.0,0.0
-,ASX-SDA,2020-11-12,AUD,0.79,2021-03-04,0.9,13.92,31.0,2020-12-11,0.79,OPEN,0.0,0.0,26.0,0.0
-,ASX-SDA,2020-11-12,AUD,0.79,2021-03-04,0.93,17.72,40.0,2020-12-11,0.79,OPEN,0.0,0.0,26.0,0.0
-,ASX-SUL,2020-11-12,AUD,10.23,2021-11-06,14.23,39.1,27.0,2020-12-11,10.13,OPEN,-0.98,-9.0,8.0,-2.0
-,ASX-DOW,2020-11-12,AUD,5.17,2021-11-02,6.31,22.05,16.0,2020-12-11,5.25,OPEN,1.55,13.0,8.0,7.0
-,ASX-ABC,2020-11-12,AUD,3.25,2021-08-13,3.81,17.23,16.0,2020-12-11,3.23,OPEN,-0.62,-5.0,11.0,-4.0
-,ASX-RHC,2020-11-12,AUD,67.97,2021-06-07,74.59,9.74,12.0,2020-12-11,63.24,OPEN,-6.96,-60.0,14.0,-71.0
-,ASX-WES,2020-11-12,AUD,48.78,2021-04-19,52.71,8.06,13.0,2020-12-11,49.59,OPEN,1.66,14.0,18.0,21.0
-,ASX-SDA,2020-11-12,AUD,0.79,2021-09-26,0.98,24.05,19.0,2020-12-11,0.79,OPEN,0.0,0.0,9.0,0.0
-,ASX-BKW,2020-11-12,AUD,19.25,2021-08-02,21.64,12.42,12.0,2020-12-11,18.97,OPEN,-1.45,-13.0,11.0,-12.0
-,ASX-CGC,2020-11-12,AUD,3.93,2021-04-09,5.14,30.79,52.0,2020-12-11,4.01,OPEN,2.04,18.0,20.0,7.0
-,ASX-TWE,2020-11-12,AUD,9.34,2021-02-28,10.93,17.02,40.0,2020-12-11,9.42,OPEN,0.86,7.0,27.0,5.0
-,ASX-CSL,2020-11-12,AUD,308.58,2021-05-31,338.39,9.66,12.0,2020-12-11,291.53,OPEN,-5.53,-48.0,14.0,-57.0
-,ASX-SKT,2020-11-12,AUD,0.15,2021-08-08,0.17,13.33,12.0,2020-12-11,0.16,OPEN,6.67,58.0,11.0,50.0
-,ASX-AMC,2020-11-12,AUD,16.1,2021-08-11,17.68,9.81,9.0,2020-12-11,15.16,OPEN,-5.84,-51.0,11.0,-59.0
-,ASX-CSL,2020-11-12,AUD,308.58,2021-07-18,336.26,8.97,9.0,2020-12-11,291.53,OPEN,-5.53,-48.0,12.0,-62.0
-,ASX-COH,2020-11-12,AUD,232.0,2021-09-27,273.9,18.06,14.0,2020-12-11,199.52,OPEN,-14.0,-122.0,9.0,-78.0
-,ASX-SUL,2020-11-12,AUD,10.23,2021-09-03,13.61,33.04,28.0,2020-12-11,10.13,OPEN,-0.98,-9.0,10.0,-3.0
-,ASX-CGC,2020-11-12,AUD,3.93,2021-01-04,4.3,9.41,45.0,2020-12-11,4.01,OPEN,2.04,18.0,55.0,22.0
-,ASX-COH,2020-11-12,AUD,232.0,2021-07-10,246.99,6.46,7.0,2020-12-11,199.52,OPEN,-14.0,-122.0,12.0,-217.0
-,ASX-DXS,2020-11-12,AUD,9.72,2021-07-24,10.01,2.98,3.0,2020-12-11,9.61,OPEN,-1.13,-10.0,11.0,-38.0
-,ASX-RHC,2020-11-12,AUD,67.97,2021-03-15,72.24,6.28,13.0,2020-12-11,63.24,OPEN,-6.96,-60.0,24.0,-111.0
-,ASX-SDA,2020-11-12,AUD,0.79,2021-10-21,0.89,12.66,9.0,2020-12-11,0.79,OPEN,0.0,0.0,8.0,0.0
-,ASX-BKW,2020-11-12,AUD,19.25,2021-05-27,20.95,8.83,11.0,2020-12-11,18.97,OPEN,-1.45,-13.0,15.0,-16.0
-,ASX-COH,2020-11-12,AUD,232.0,2021-02-08,244.2,5.26,15.0,2020-12-11,199.52,OPEN,-14.0,-122.0,33.0,-266.0
-,2318.HK,2020-11-12,HKD,86.55,2021-03-07,100.62,16.26,36.0,2020-12-11,92.7,OPEN,7.11,62.0,25.0,44.0
-,2318.HK,2020-11-12,HKD,86.55,2021-04-01,117.13,35.33,64.0,2020-12-11,92.7,OPEN,7.11,62.0,21.0,20.0
-,2600.HK,2020-11-12,HKD,2.1,2021-08-17,3.28,56.19,51.0,2020-12-11,2.78,OPEN,32.38,281.0,10.0,58.0
-,3898.HK,2020-11-12,HKD,26.1,2021-05-02,34.73,33.07,49.0,2020-12-11,24.6,OPEN,-5.75,-50.0,17.0,-17.0
-,3898.HK,2020-11-12,HKD,26.1,2021-04-22,37.77,44.71,70.0,2020-12-11,24.6,OPEN,-5.75,-50.0,18.0,-13.0
-,0670.HK,2020-11-12,HKD,3.5,2021-10-18,9.17,162.0,120.0,2020-12-11,3.59,OPEN,2.57,22.0,9.0,2.0
-,0689.HK,2020-11-12,HKD,0.05,2021-06-10,0.14,180.0,216.0,2020-12-11,0.09,OPEN,80.0,695.0,14.0,44.0
-,0017.HK,2020-11-12,HKD,40.1,2021-02-16,45.19,12.69,33.0,2020-12-11,37.7,OPEN,-5.99,-52.0,30.0,-47.0
-,0017.HK,2020-11-12,HKD,40.1,2021-07-05,48.0,19.7,21.0,2020-12-11,37.7,OPEN,-5.99,-52.0,12.0,-30.0
-,0670.HK,2020-11-12,HKD,3.5,2021-08-23,5.43,55.14,49.0,2020-12-11,3.59,OPEN,2.57,22.0,10.0,5.0
-,2386.HK,2020-11-12,HKD,3.25,2021-07-30,3.7,13.85,13.0,2020-12-11,3.36,OPEN,3.38,29.0,11.0,24.0
-,0670.HK,2020-11-12,HKD,3.5,2021-02-23,4.77,36.29,89.0,2020-12-11,3.59,OPEN,2.57,22.0,28.0,7.0
-,ASX-LNK,2020-11-13,AUD,4.91,2021-05-03,5.65,15.07,22.0,2020-12-08,5.65,CLOSED,15.07,152.0,15.0,100.0
-,ASX-BOQ,2020-11-13,AUD,6.8,2021-07-19,7.56,11.18,11.0,2020-11-24,7.56,CLOSED,11.18,256.0,4.0,100.0
-,ASX-CCP,2020-11-13,AUD,22.49,2021-01-14,23.65,5.16,21.0,2020-11-17,23.65,CLOSED,5.16,325.0,6.0,100.0
-,ASX-BOQ,2020-11-13,AUD,6.8,2021-01-31,7.08,4.12,13.0,2020-11-17,7.08,CLOSED,4.12,260.0,5.0,100.0
-,ASX-IFL,2020-11-13,AUD,3.31,2021-08-19,3.61,9.06,8.0,2020-11-20,3.61,CLOSED,9.06,326.0,3.0,100.0
-,ASX-SUN,2020-11-13,AUD,9.16,2021-11-06,9.7,5.9,4.0,2020-11-17,9.7,CLOSED,5.9,372.0,1.0,100.0
-,2600.HK,2020-11-13,HKD,2.07,2021-04-26,2.34,13.04,20.0,2020-11-23,2.34,CLOSED,13.04,329.0,6.0,100.0
-,IBM,2020-11-13,USD,116.85,2021-08-11,126.99,8.68,8.0,2020-12-04,126.99,CLOSED,8.68,104.0,8.0,100.0
-,MO,2020-11-13,USD,40.33,2021-02-28,41.46,2.8,7.0,2020-11-16,41.46,CLOSED,2.8,235.0,3.0,100.0
-,ASX-SDA,2020-11-13,AUD,0.79,2021-10-10,1.01,27.85,21.0,2020-12-11,0.79,OPEN,0.0,0.0,8.0,0.0
-,ASX-SDA,2020-11-13,AUD,0.79,2021-10-13,0.9,13.92,11.0,2020-12-11,0.79,OPEN,0.0,0.0,8.0,0.0
-,ASX-RMD,2020-11-13,AUD,29.5,2021-05-08,33.0,11.86,17.0,2020-12-11,27.35,OPEN,-7.29,-66.0,16.0,-61.0
-,ASX-SDA,2020-11-13,AUD,0.79,2021-02-10,0.91,15.19,43.0,2020-12-11,0.79,OPEN,0.0,0.0,31.0,0.0
-,ASX-SDA,2020-11-13,AUD,0.79,2021-03-05,0.9,13.92,31.0,2020-12-11,0.79,OPEN,0.0,0.0,25.0,0.0
-,ASX-SDA,2020-11-13,AUD,0.79,2021-03-05,0.93,17.72,40.0,2020-12-11,0.79,OPEN,0.0,0.0,25.0,0.0
-,ASX-SYR,2020-11-13,AUD,0.56,2021-07-06,1.16,107.14,115.0,2020-12-11,0.905,OPEN,61.61,554.0,12.0,58.0
-,ASX-SDA,2020-11-13,AUD,0.79,2021-09-27,0.98,24.05,19.0,2020-12-11,0.79,OPEN,0.0,0.0,9.0,0.0
-,ASX-CCP,2020-11-13,AUD,22.49,2021-05-21,27.79,23.57,31.0,2020-12-11,24.43,OPEN,8.63,78.0,15.0,37.0
-,ASX-ORG,2020-11-13,AUD,4.66,2021-08-26,5.44,16.74,15.0,2020-12-11,5.04,OPEN,8.15,73.0,10.0,49.0
-,ASX-SKT,2020-11-13,AUD,0.16,2021-08-09,0.18,12.5,12.0,2020-12-11,0.16,OPEN,0.0,0.0,10.0,0.0
-,ASX-CTD,2020-11-13,AUD,19.22,2021-03-04,22.13,15.14,34.0,2020-12-11,19.68,OPEN,2.39,22.0,25.0,16.0
-,ASX-CCP,2020-11-13,AUD,22.49,2021-04-11,26.22,16.59,28.0,2020-12-11,24.43,OPEN,8.63,78.0,19.0,52.0
-,ASX-CTD,2020-11-13,AUD,19.22,2021-03-17,22.23,15.66,32.0,2020-12-11,19.68,OPEN,2.39,22.0,23.0,15.0
-,ASX-MQG,2020-11-13,AUD,141.17,2021-09-01,166.41,17.88,15.0,2020-12-11,138.08,OPEN,-2.19,-20.0,10.0,-12.0
-,ASX-SDA,2020-11-13,AUD,0.79,2021-10-22,0.89,12.66,9.0,2020-12-11,0.79,OPEN,0.0,0.0,8.0,0.0
-,ASX-SEK,2020-11-13,AUD,24.9,2021-08-02,28.32,13.73,13.0,2020-12-11,26.76,OPEN,7.47,67.0,11.0,54.0
-,ASX-SEK,2020-11-13,AUD,24.9,2021-09-21,29.31,17.71,14.0,2020-12-11,26.76,OPEN,7.47,67.0,9.0,42.0
-,ASX-MQG,2020-11-13,AUD,141.17,2021-07-09,154.68,9.57,10.0,2020-12-11,138.08,OPEN,-2.19,-20.0,12.0,-23.0
-,ASX-RMD,2020-11-13,AUD,29.5,2021-11-07,34.36,16.47,12.0,2020-12-11,27.35,OPEN,-7.29,-66.0,8.0,-44.0
-,2318.HK,2020-11-13,HKD,86.0,2021-03-08,99.98,16.26,36.0,2020-12-11,92.7,OPEN,7.79,70.0,24.0,48.0
-,2318.HK,2020-11-13,HKD,86.0,2021-04-02,116.38,35.33,64.0,2020-12-11,92.7,OPEN,7.79,70.0,20.0,22.0
-,2600.HK,2020-11-13,HKD,2.07,2021-08-18,3.24,56.52,51.0,2020-12-11,2.78,OPEN,34.3,309.0,10.0,61.0
-,3303.HK,2020-11-13,HKD,0.48,2021-09-02,0.93,93.75,81.0,2020-12-11,0.5,OPEN,4.17,38.0,10.0,4.0
-,0006.HK,2020-11-13,HKD,41.3,2021-10-18,44.94,8.81,7.0,2020-12-11,41.15,OPEN,-0.36,-3.0,8.0,-4.0
-,1766.HK,2020-11-13,HKD,3.26,2021-07-19,4.19,28.53,29.0,2020-12-11,2.87,OPEN,-11.96,-108.0,11.0,-42.0
-,8206.HK,2020-11-13,HKD,0.1,2021-09-29,0.23,130.0,102.0,2020-12-11,0.08,OPEN,-20.0,-180.0,9.0,-15.0
-,1766.HK,2020-11-13,HKD,3.26,2021-02-07,3.67,12.58,37.0,2020-12-11,2.87,OPEN,-11.96,-108.0,33.0,-95.0
-,MO,2020-11-13,USD,40.33,2021-06-12,45.86,13.71,16.0,2020-12-11,43.0,OPEN,6.62,60.0,13.0,48.0
-,MA,2020-11-13,USD,335.03,2021-08-13,439.63,31.22,29.0,2020-12-11,327.42,OPEN,-2.27,-20.0,10.0,-7.0
-,NKE,2020-11-13,USD,128.28,2021-06-17,143.79,12.09,14.0,2020-12-11,137.41,OPEN,7.12,64.0,13.0,59.0
-,JNJ,2020-11-13,USD,149.9,2021-07-11,161.61,7.81,8.0,2020-12-11,152.95,OPEN,2.03,18.0,12.0,26.0
-,MA,2020-11-13,USD,335.03,2021-03-21,393.43,17.43,34.0,2020-12-11,327.42,OPEN,-2.27,-20.0,22.0,-13.0
-,PG,2020-11-13,USD,144.28,2021-04-19,152.36,5.6,9.0,2020-12-11,136.51,OPEN,-5.39,-49.0,18.0,-96.0
-,USB,2020-11-13,USD,43.31,2021-08-16,46.84,8.15,7.0,2020-12-11,45.84,OPEN,5.84,53.0,10.0,72.0
-,MA,2020-11-13,USD,335.03,2021-02-11,360.29,7.54,21.0,2020-12-11,327.42,OPEN,-2.27,-20.0,31.0,-30.0
-,AAPL,2020-11-13,USD,119.26,2021-06-08,134.45,12.74,16.0,2020-12-11,122.41,OPEN,2.64,24.0,14.0,21.0
-,AMT,2020-11-13,USD,243.09,2021-04-27,263.56,8.42,13.0,2020-12-11,219.82,OPEN,-9.57,-86.0,17.0,-114.0
-,VZ,2020-11-13,USD,61.06,2021-05-20,66.29,8.57,11.0,2020-12-11,60.35,OPEN,-1.16,-10.0,15.0,-14.0
-,AMT,2020-11-13,USD,243.09,2021-02-14,251.77,3.57,10.0,2020-12-11,219.82,OPEN,-9.57,-86.0,30.0,-268.0
-,MO,2020-11-13,USD,40.33,2021-07-30,44.31,9.87,10.0,2020-12-11,43.0,OPEN,6.62,60.0,11.0,67.0
-,AAPL,2020-11-13,USD,119.26,2021-07-02,140.29,17.63,19.0,2020-12-11,122.41,OPEN,2.64,24.0,12.0,15.0
-,ASX-S32,2020-11-16,AUD,2.24,2020-12-25,2.48,10.71,69.0,2020-11-25,2.48,CLOSED,10.71,300.0,23.0,100.0
-,ASX-ILU,2020-11-16,AUD,5.05,2021-02-14,5.64,11.68,33.0,2020-12-03,5.64,CLOSED,11.68,173.0,19.0,100.0
-,ASX-ILU,2020-11-16,AUD,5.05,2021-03-05,5.87,16.24,38.0,2020-12-09,5.87,CLOSED,16.24,178.0,21.0,100.0
-,ASX-BHP,2020-11-16,AUD,36.49,2021-05-23,40.73,11.62,16.0,2020-12-03,40.73,CLOSED,11.62,172.0,9.0,100.0
-,ASX-S32,2020-11-16,AUD,2.24,2021-01-26,2.4,7.14,25.0,2020-11-24,2.4,CLOSED,7.14,225.0,11.0,100.0
-,ASX-WOR,2020-11-16,AUD,11.33,2021-02-11,12.05,6.35,18.0,2020-11-18,12.05,CLOSED,6.35,800.0,2.0,100.0
-,ASX-ILU,2020-11-16,AUD,5.05,2021-03-15,5.77,14.26,30.0,2020-12-07,5.77,CLOSED,14.26,171.0,18.0,100.0
-,ASX-CIM,2020-11-16,AUD,23.31,2021-08-29,26.77,14.84,13.0,2020-12-03,26.77,CLOSED,14.84,220.0,6.0,100.0
-,ASX-BHP,2020-11-16,AUD,36.49,2021-03-04,38.81,6.36,15.0,2020-11-25,38.81,CLOSED,6.36,178.0,8.0,100.0
-,ASX-CIM,2020-11-16,AUD,23.31,2021-08-04,26.66,14.37,14.0,2020-12-03,26.66,CLOSED,14.37,213.0,7.0,100.0
-,ASX-S32,2020-11-16,AUD,2.24,2021-04-08,2.91,29.91,53.0,2020-12-11,2.57,OPEN,14.73,148.0,17.0,49.0
-,ASX-MYX,2020-11-16,AUD,0.35,2021-06-09,0.48,37.14,46.0,2020-12-11,0.37,OPEN,5.71,58.0,12.0,15.0
-,ASX-SKI,2020-11-16,AUD,2.08,2021-06-21,2.26,8.65,10.0,2020-12-11,2.14,OPEN,2.88,29.0,12.0,33.0
-,ASX-GWA,2020-11-16,AUD,2.85,2021-06-04,3.23,13.33,17.0,2020-12-11,3.06,OPEN,7.37,74.0,12.0,55.0
-,ASX-ORI,2020-11-16,AUD,16.62,2021-09-06,18.85,13.42,12.0,2020-12-11,15.59,OPEN,-6.2,-62.0,9.0,-46.0
-,ASX-NUF,2020-11-16,AUD,4.07,2021-11-02,4.65,14.25,10.0,2020-12-11,4.25,OPEN,4.42,45.0,7.0,31.0
-,ASX-ORI,2020-11-16,AUD,16.62,2021-02-02,17.51,5.35,17.0,2020-12-11,15.59,OPEN,-6.2,-62.0,32.0,-116.0
-,PM,2020-11-16,USD,78.63,2021-08-29,85.66,8.94,8.0,2020-12-11,85.0,OPEN,8.1,82.0,9.0,91.0
-,PSA,2020-11-16,USD,233.69,2021-04-03,257.22,10.07,18.0,2020-12-11,220.06,OPEN,-5.83,-59.0,18.0,-58.0
-,MMM,2020-11-16,USD,173.86,2021-04-26,186.31,7.16,11.0,2020-12-11,174.02,OPEN,0.09,1.0,16.0,1.0
-,VZ,2020-11-16,USD,60.89,2021-02-22,62.66,2.91,7.0,2020-12-11,60.35,OPEN,-0.89,-9.0,26.0,-31.0
-,GIS,2020-11-16,USD,61.21,2021-06-02,65.07,6.31,8.0,2020-12-11,59.32,OPEN,-3.09,-31.0,13.0,-49.0
-,VZ,2020-11-16,USD,60.89,2021-05-23,66.1,8.56,11.0,2020-12-11,60.35,OPEN,-0.89,-9.0,13.0,-10.0
-,PX,2020-11-16,USD,0.18,2021-05-09,0.19,5.56,8.0,2020-12-11,0.15,OPEN,-16.67,-168.0,14.0,-300.0
-,ASX-ILU,2020-11-17,AUD,5.15,2021-02-15,5.75,11.65,33.0,2020-12-03,5.75,CLOSED,11.65,183.0,18.0,100.0
-,ASX-WBC,2020-11-17,AUD,19.02,2021-06-18,20.71,8.89,11.0,2020-11-25,20.71,CLOSED,8.89,280.0,4.0,100.0
-,ASX-ILU,2020-11-17,AUD,5.15,2021-03-28,5.9,14.56,28.0,2020-12-09,5.9,CLOSED,14.56,167.0,17.0,100.0
-,ASX-WBC,2020-11-17,AUD,19.02,2021-02-26,19.71,3.63,9.0,2020-11-19,19.71,CLOSED,3.63,457.0,2.0,100.0
-,ASX-TWE,2020-11-17,AUD,9.98,2021-01-18,10.27,2.91,12.0,2020-11-24,10.27,CLOSED,2.91,105.0,11.0,100.0
-,ASX-CBA,2020-11-17,AUD,75.39,2021-06-19,82.54,9.48,11.0,2020-11-25,82.54,CLOSED,9.48,299.0,4.0,100.0
-,0753.HK,2020-11-17,HKD,6.29,2020-12-29,6.5,3.34,20.0,2020-11-25,6.5,CLOSED,3.34,105.0,19.0,100.0
-,2238.HK,2020-11-17,HKD,8.13,2021-08-06,9.42,15.87,15.0,2020-11-20,9.42,CLOSED,15.87,1333.0,1.0,100.0
-,2600.HK,2020-11-17,HKD,2.19,2021-04-30,2.48,13.24,20.0,2020-11-23,2.48,CLOSED,13.24,556.0,4.0,100.0
-,0992.HK,2020-11-17,HKD,5.45,2021-01-12,5.59,2.57,12.0,2020-11-20,5.59,CLOSED,2.57,216.0,5.0,100.0
-,0992.HK,2020-11-17,HKD,5.45,2021-01-21,5.66,3.85,15.0,2020-11-23,5.66,CLOSED,3.85,162.0,9.0,100.0
-,WY,2020-11-17,USD,29.18,2021-10-19,31.75,8.81,7.0,2020-12-09,31.75,CLOSED,8.81,101.0,7.0,100.0
-,ASX-SDA,2020-11-17,AUD,0.79,2021-10-14,1.01,27.85,21.0,2020-12-11,0.79,OPEN,0.0,0.0,7.0,0.0
-,ASX-SDA,2020-11-17,AUD,0.79,2021-10-17,0.9,13.92,11.0,2020-12-11,0.79,OPEN,0.0,0.0,7.0,0.0
-,ASX-A2M,2020-11-17,AUD,14.69,2021-04-15,21.7,47.72,81.0,2020-12-11,13.06,OPEN,-11.1,-117.0,16.0,-23.0
-,ASX-TWE,2020-11-17,AUD,9.98,2021-03-29,11.9,19.24,37.0,2020-12-11,9.42,OPEN,-5.61,-59.0,18.0,-29.0
-,ASX-SDA,2020-11-17,AUD,0.79,2021-02-14,0.91,15.19,43.0,2020-12-11,0.79,OPEN,0.0,0.0,27.0,0.0
-,ASX-SDA,2020-11-17,AUD,0.79,2021-03-09,0.9,13.92,31.0,2020-12-11,0.79,OPEN,0.0,0.0,21.0,0.0
-,ASX-SDA,2020-11-17,AUD,0.79,2021-03-09,0.93,17.72,40.0,2020-12-11,0.79,OPEN,0.0,0.0,21.0,0.0
-,ASX-A2M,2020-11-17,AUD,14.69,2021-02-08,18.76,27.71,84.0,2020-12-11,13.06,OPEN,-11.1,-117.0,29.0,-40.0
-,ASX-WBC,2020-11-17,AUD,19.02,2021-10-28,21.71,14.14,10.0,2020-12-11,19.95,OPEN,4.89,51.0,7.0,35.0
-,ASX-TWE,2020-11-17,AUD,9.98,2021-04-04,11.32,13.43,25.0,2020-12-11,9.42,OPEN,-5.61,-59.0,17.0,-42.0
-,ASX-SDA,2020-11-17,AUD,0.79,2021-10-01,0.98,24.05,19.0,2020-12-11,0.79,OPEN,0.0,0.0,8.0,0.0
-,ASX-BGA,2020-11-17,AUD,5.14,2021-05-09,5.85,13.81,20.0,2020-12-11,5.32,OPEN,3.5,37.0,14.0,25.0
-,ASX-A2M,2020-11-17,AUD,14.69,2020-12-18,16.16,10.01,81.0,2020-12-11,13.06,OPEN,-11.1,-117.0,77.0,-111.0
-,ASX-CPU,2020-11-17,AUD,13.84,2021-06-16,15.48,11.85,14.0,2020-12-11,14.48,OPEN,4.62,49.0,11.0,39.0
-,ASX-SDA,2020-11-17,AUD,0.79,2021-10-26,0.89,12.66,9.0,2020-12-11,0.79,OPEN,0.0,0.0,7.0,0.0
-,1251.HK,2020-11-17,HKD,0.28,2021-01-26,0.38,35.71,129.0,2020-12-11,0.33,OPEN,17.86,188.0,34.0,50.0
-,1623.HK,2020-11-17,HKD,0.22,2021-04-09,0.35,59.09,104.0,2020-12-11,0.22,OPEN,0.0,0.0,17.0,0.0
-,0753.HK,2020-11-17,HKD,6.29,2021-01-17,7.3,16.06,66.0,2020-12-11,6.6,OPEN,4.93,52.0,39.0,31.0
-,0753.HK,2020-11-17,HKD,6.29,2021-07-31,9.34,48.49,48.0,2020-12-11,6.6,OPEN,4.93,52.0,9.0,10.0
-,2318.HK,2020-11-17,HKD,87.9,2021-03-12,102.19,16.26,36.0,2020-12-11,92.7,OPEN,5.46,57.0,21.0,34.0
-,2318.HK,2020-11-17,HKD,87.9,2021-04-06,118.96,35.34,64.0,2020-12-11,92.7,OPEN,5.46,57.0,17.0,15.0
-,2600.HK,2020-11-17,HKD,2.19,2021-08-22,3.42,56.16,51.0,2020-12-11,2.78,OPEN,26.94,283.0,9.0,48.0
-,3303.HK,2020-11-17,HKD,0.48,2021-09-06,0.93,93.75,81.0,2020-12-11,0.5,OPEN,4.17,44.0,8.0,4.0
-,3898.HK,2020-11-17,HKD,25.8,2021-05-07,34.33,33.06,49.0,2020-12-11,24.6,OPEN,-4.65,-49.0,14.0,-14.0
-,3898.HK,2020-11-17,HKD,25.8,2021-04-27,37.33,44.69,70.0,2020-12-11,24.6,OPEN,-4.65,-49.0,15.0,-10.0
-,0992.HK,2020-11-17,HKD,5.45,2021-07-31,6.02,10.46,10.0,2020-12-11,5.89,OPEN,8.07,85.0,9.0,77.0
-,0083.HK,2020-11-17,HKD,10.04,2021-09-27,11.27,12.25,10.0,2020-12-11,10.56,OPEN,5.18,54.0,8.0,42.0
-,3808.HK,2020-11-17,HKD,20.0,2021-04-29,24.35,21.75,34.0,2020-12-11,19.02,OPEN,-4.9,-51.0,15.0,-23.0
-,BAX,2020-11-17,USD,80.78,2021-07-16,90.67,12.24,13.0,2020-12-11,79.34,OPEN,-1.78,-19.0,10.0,-15.0
-,KMB,2020-11-17,USD,143.83,2021-09-24,155.9,8.39,7.0,2020-12-11,136.0,OPEN,-5.44,-57.0,8.0,-65.0
-,VZ,2020-11-17,USD,60.75,2021-02-23,62.51,2.9,7.0,2020-12-11,60.35,OPEN,-0.66,-7.0,24.0,-23.0
-,BAX,2020-11-17,USD,80.78,2021-02-11,84.44,4.53,13.0,2020-12-11,79.34,OPEN,-1.78,-19.0,28.0,-39.0
-,AMT,2020-11-17,USD,239.18,2021-03-07,253.55,6.01,14.0,2020-12-11,219.82,OPEN,-8.09,-85.0,22.0,-135.0
-,FDX,2020-11-17,USD,285.05,2021-09-09,312.98,9.8,8.0,2020-12-11,289.47,OPEN,1.55,16.0,8.0,16.0
-,AMT,2020-11-17,USD,239.18,2021-05-07,266.11,11.26,17.0,2020-12-11,219.82,OPEN,-8.09,-85.0,14.0,-72.0
-,VZ,2020-11-17,USD,60.75,2021-05-24,65.95,8.56,11.0,2020-12-11,60.35,OPEN,-0.66,-7.0,13.0,-8.0
-,FDX,2020-11-17,USD,285.05,2021-08-29,310.73,9.01,8.0,2020-12-11,289.47,OPEN,1.55,16.0,8.0,17.0
+,ASX-ILU,2020-11-18,AUD,5.22,2021-03-29,5.99,14.75,28.0,2020-12-11,5.99,CLOSED,14.75,162.0,18.0,100.0
-,ASX-ILU,2020-11-18,AUD,5.22,2021-02-16,5.82,11.49,32.0,2020-12-07,5.82,CLOSED,11.49,152.0,21.0,100.0
-,ASX-DMP,2020-11-18,AUD,76.4,2021-03-10,85.64,12.09,27.0,2020-12-08,85.64,CLOSED,12.09,152.0,18.0,100.0
-,ASX-BGA,2020-11-18,AUD,5.21,2020-12-22,5.46,4.8,36.0,2020-11-27,5.46,CLOSED,4.8,134.0,26.0,100.0
-,ASX-JHG,2020-11-18,AUD,37.18,2021-02-16,40.13,7.93,22.0,2020-12-04,40.13,CLOSED,7.93,125.0,18.0,100.0
-,2600.HK,2020-11-18,HKD,2.24,2021-05-01,2.54,13.39,21.0,2020-11-23,2.54,CLOSED,13.39,675.0,3.0,100.0
-,0992.HK,2020-11-18,HKD,5.44,2021-01-13,5.58,2.57,12.0,2020-11-20,5.58,CLOSED,2.57,324.0,4.0,100.0
-,0992.HK,2020-11-18,HKD,5.44,2021-01-22,5.65,3.86,15.0,2020-11-23,5.65,CLOSED,3.86,195.0,8.0,100.0
-,TSLA,2020-11-18,USD,486.64,2021-07-05,624.89,28.41,31.0,2020-12-07,624.89,CLOSED,28.41,377.0,8.0,100.0
-,ASX-SDA,2020-11-18,AUD,0.79,2021-10-15,1.01,27.85,21.0,2020-12-11,0.79,OPEN,0.0,0.0,7.0,0.0
-,ASX-SDA,2020-11-18,AUD,0.79,2021-10-18,0.9,13.92,11.0,2020-12-11,0.79,OPEN,0.0,0.0,7.0,0.0
-,ASX-CSL,2020-11-18,AUD,312.53,2021-06-24,352.13,12.67,15.0,2020-12-11,291.53,OPEN,-6.72,-74.0,11.0,-53.0
-,ASX-SDA,2020-11-18,AUD,0.79,2021-02-15,0.91,15.19,43.0,2020-12-11,0.79,OPEN,0.0,0.0,26.0,0.0
-,ASX-SDA,2020-11-18,AUD,0.79,2021-03-10,0.9,13.92,31.0,2020-12-11,0.79,OPEN,0.0,0.0,21.0,0.0
-,ASX-SDA,2020-11-18,AUD,0.79,2021-03-10,0.93,17.72,40.0,2020-12-11,0.79,OPEN,0.0,0.0,21.0,0.0
-,ASX-DMP,2020-11-18,AUD,76.4,2021-11-14,101.16,32.41,23.0,2020-12-11,85.64,OPEN,12.09,132.0,6.0,37.0
-,ASX-SDA,2020-11-18,AUD,0.79,2021-10-02,0.98,24.05,19.0,2020-12-11,0.79,OPEN,0.0,0.0,7.0,0.0
-,ASX-CSL,2020-11-18,AUD,312.53,2021-05-23,347.97,11.34,15.0,2020-12-11,291.53,OPEN,-6.72,-74.0,12.0,-59.0
-,ASX-AZJ,2020-11-18,AUD,4.07,2021-10-19,4.54,11.55,9.0,2020-12-11,4.2,OPEN,3.19,35.0,7.0,28.0
-,ASX-BGA,2020-11-18,AUD,5.21,2021-06-12,5.87,12.67,15.0,2020-12-11,5.32,OPEN,2.11,23.0,11.0,17.0
-,ASX-SDA,2020-11-18,AUD,0.79,2021-10-27,0.89,12.66,9.0,2020-12-11,0.79,OPEN,0.0,0.0,7.0,0.0
-,ASX-CSL,2020-11-18,AUD,312.53,2021-02-02,328.0,4.95,16.0,2020-12-11,291.53,OPEN,-6.72,-74.0,30.0,-136.0
-,1251.HK,2020-11-18,HKD,0.28,2021-01-27,0.38,35.71,129.0,2020-12-11,0.33,OPEN,17.86,196.0,33.0,50.0
-,0135.HK,2020-11-18,HKD,6.25,2021-06-06,7.67,22.72,29.0,2020-12-11,5.84,OPEN,-6.56,-72.0,12.0,-29.0
-,2318.HK,2020-11-18,HKD,89.25,2021-03-13,103.76,16.26,36.0,2020-12-11,92.7,OPEN,3.87,42.0,20.0,24.0
-,2318.HK,2020-11-18,HKD,89.25,2021-04-07,120.78,35.33,64.0,2020-12-11,92.7,OPEN,3.87,42.0,16.0,11.0
-,2600.HK,2020-11-18,HKD,2.24,2021-08-23,3.5,56.25,51.0,2020-12-11,2.78,OPEN,24.11,264.0,8.0,43.0
-,2800.HK,2020-11-18,HKD,26.68,2021-07-17,29.71,11.36,12.0,2020-12-11,26.7,OPEN,0.07,1.0,10.0,1.0
-,2800.HK,2020-11-18,HKD,26.68,2021-07-18,29.02,8.77,9.0,2020-12-11,26.7,OPEN,0.07,1.0,10.0,1.0
-,3303.HK,2020-11-18,HKD,0.48,2021-09-07,0.93,93.75,81.0,2020-12-11,0.5,OPEN,4.17,46.0,8.0,4.0
-,3898.HK,2020-11-18,HKD,26.55,2021-05-08,35.32,33.03,49.0,2020-12-11,24.6,OPEN,-7.34,-80.0,13.0,-22.0
-,3898.HK,2020-11-18,HKD,26.55,2021-04-28,38.42,44.71,70.0,2020-12-11,24.6,OPEN,-7.34,-80.0,14.0,-16.0
-,8206.HK,2020-11-18,HKD,0.09,2021-10-02,0.17,88.89,70.0,2020-12-11,0.08,OPEN,-11.11,-122.0,7.0,-12.0
-,8206.HK,2020-11-18,HKD,0.09,2021-02-18,0.13,44.44,122.0,2020-12-11,0.08,OPEN,-11.11,-122.0,25.0,-25.0
-,0992.HK,2020-11-18,HKD,5.44,2021-08-01,6.01,10.48,10.0,2020-12-11,5.89,OPEN,8.27,91.0,9.0,79.0
-,0868.HK,2020-11-18,HKD,16.68,2021-09-12,23.07,38.31,32.0,2020-12-11,19.1,OPEN,14.51,159.0,8.0,38.0
-,0868.HK,2020-11-18,HKD,16.68,2021-06-19,19.47,16.73,20.0,2020-12-11,19.1,OPEN,14.51,159.0,11.0,87.0
-,0135.HK,2020-11-18,HKD,6.25,2021-03-27,6.98,11.68,23.0,2020-12-11,5.84,OPEN,-6.56,-72.0,18.0,-56.0
-,TSLA,2020-11-18,USD,486.64,2021-09-03,655.5,34.7,30.0,2020-12-11,609.99,OPEN,25.35,278.0,8.0,73.0
-,VZ,2020-11-18,USD,60.33,2021-02-24,62.08,2.9,7.0,2020-12-11,60.35,OPEN,0.03,0.0,23.0,1.0
-,VZ,2020-11-18,USD,60.33,2021-05-25,65.49,8.55,11.0,2020-12-11,60.35,OPEN,0.03,0.0,12.0,0.0
-,ASX-SCG,2020-11-19,AUD,2.78,2021-04-10,2.97,6.83,12.0,2020-12-08,2.97,CLOSED,6.83,91.0,13.0,100.0
-,ASX-ILU,2020-11-19,AUD,5.23,2021-02-17,5.84,11.66,33.0,2020-12-07,5.84,CLOSED,11.66,163.0,20.0,100.0
-,ASX-RFG,2020-11-19,AUD,0.08,2021-06-08,0.1,25.0,31.0,2020-12-07,0.1,CLOSED,25.0,350.0,9.0,100.0
-,ASX-SCG,2020-11-19,AUD,2.78,2020-12-17,2.82,1.44,13.0,2020-11-20,2.82,CLOSED,1.44,363.0,4.0,100.0
-,2600.HK,2020-11-19,HKD,2.2,2021-05-02,2.49,13.18,20.0,2020-11-23,2.49,CLOSED,13.18,830.0,2.0,100.0
-,0992.HK,2020-11-19,HKD,5.41,2021-01-14,5.55,2.59,12.0,2020-11-20,5.55,CLOSED,2.59,653.0,2.0,100.0
-,0992.HK,2020-11-19,HKD,5.41,2021-01-23,5.62,3.88,15.0,2020-11-23,5.62,CLOSED,3.88,244.0,6.0,100.0
-,VZ,2020-11-19,USD,60.17,2021-02-25,61.91,2.89,7.0,2020-12-02,61.91,CLOSED,2.89,56.0,13.0,100.0
-,ASX-SDA,2020-11-19,AUD,0.79,2021-10-16,1.01,27.85,21.0,2020-12-11,0.79,OPEN,0.0,0.0,7.0,0.0
-,ASX-SDA,2020-11-19,AUD,0.79,2021-10-19,0.9,13.92,11.0,2020-12-11,0.79,OPEN,0.0,0.0,7.0,0.0
-,ASX-SDA,2020-11-19,AUD,0.79,2021-02-16,0.91,15.19,43.0,2020-12-11,0.79,OPEN,0.0,0.0,25.0,0.0
-,ASX-SDA,2020-11-19,AUD,0.79,2021-03-11,0.9,13.92,31.0,2020-12-11,0.79,OPEN,0.0,0.0,20.0,0.0
-,ASX-SDA,2020-11-19,AUD,0.79,2021-03-11,0.93,17.72,40.0,2020-12-11,0.79,OPEN,0.0,0.0,20.0,0.0
-,ASX-BAP,2020-11-19,AUD,7.09,2021-08-24,9.43,33.0,30.0,2020-12-11,7.04,OPEN,-0.71,-8.0,8.0,-2.0
-,ASX-SDA,2020-11-19,AUD,0.79,2021-10-03,0.98,24.05,19.0,2020-12-11,0.79,OPEN,0.0,0.0,7.0,0.0
-,ASX-ILU,2020-11-19,AUD,5.23,2021-03-30,6.0,14.72,28.0,2020-12-11,5.91,OPEN,13.0,149.0,17.0,88.0
-,ASX-BAP,2020-11-19,AUD,7.09,2021-03-21,7.94,11.99,25.0,2020-12-11,7.04,OPEN,-0.71,-8.0,18.0,-6.0
-,ASX-AMP,2020-11-19,AUD,1.74,2021-11-11,1.88,8.05,6.0,2020-12-11,1.715,OPEN,-1.44,-16.0,6.0,-18.0
-,ASX-SYD,2020-11-19,AUD,6.86,2021-03-02,7.1,3.5,9.0,2020-12-11,6.59,OPEN,-3.94,-45.0,21.0,-113.0
-,ASX-SYD,2020-11-19,AUD,6.86,2021-03-08,7.33,6.85,16.0,2020-12-11,6.59,OPEN,-3.94,-45.0,20.0,-57.0
-,ASX-SDA,2020-11-19,AUD,0.79,2021-10-28,0.89,12.66,9.0,2020-12-11,0.79,OPEN,0.0,0.0,6.0,0.0
-,ASX-BAP,2020-11-19,AUD,7.09,2021-02-09,7.72,8.89,27.0,2020-12-11,7.04,OPEN,-0.71,-8.0,27.0,-8.0
-,2318.HK,2020-11-19,HKD,88.9,2021-03-14,103.36,16.27,36.0,2020-12-11,92.7,OPEN,4.27,49.0,19.0,26.0
-,2318.HK,2020-11-19,HKD,88.9,2021-04-08,120.31,35.33,64.0,2020-12-11,92.7,OPEN,4.27,49.0,16.0,12.0
-,2600.HK,2020-11-19,HKD,2.2,2021-08-24,3.44,56.36,51.0,2020-12-11,2.78,OPEN,26.36,302.0,8.0,47.0
-,3303.HK,2020-11-19,HKD,0.49,2021-09-08,0.95,93.88,81.0,2020-12-11,0.5,OPEN,2.04,23.0,8.0,2.0
-,3898.HK,2020-11-19,HKD,25.85,2021-05-09,34.39,33.04,49.0,2020-12-11,24.6,OPEN,-4.84,-55.0,13.0,-15.0
-,3898.HK,2020-11-19,HKD,25.85,2021-04-29,37.4,44.68,70.0,2020-12-11,24.6,OPEN,-4.84,-55.0,14.0,-11.0
-,0868.HK,2020-11-19,HKD,16.48,2021-08-18,21.68,31.55,29.0,2020-12-11,19.1,OPEN,15.9,182.0,8.0,50.0
-,0992.HK,2020-11-19,HKD,5.41,2021-08-02,5.97,10.35,10.0,2020-12-11,5.89,OPEN,8.87,102.0,9.0,86.0
-,0868.HK,2020-11-19,HKD,16.48,2021-06-07,19.18,16.38,21.0,2020-12-11,19.1,OPEN,15.9,182.0,11.0,97.0
-,2012.HK,2020-11-19,HKD,1.74,2021-08-30,12.09,594.83,528.0,2020-12-10,1.5,OPEN,-13.79,-165.0,7.0,-2.0
-,LULU,2020-11-19,USD,344.88,2021-07-22,455.17,31.98,33.0,2020-12-11,344.32,OPEN,-0.16,-2.0,9.0,-1.0
-,GIS,2020-11-19,USD,61.87,2021-06-25,65.66,6.13,7.0,2020-12-11,59.32,OPEN,-4.12,-47.0,10.0,-67.0
-,LOW,2020-11-19,USD,149.73,2021-03-25,167.74,12.03,24.0,2020-12-11,157.82,OPEN,5.4,62.0,17.0,45.0
-,LNVGY,2020-11-19,USD,14.05,2021-09-07,17.41,23.91,21.0,2020-12-11,15.11,OPEN,7.54,86.0,8.0,32.0
-,VZ,2020-11-19,USD,60.17,2021-05-26,65.32,8.56,11.0,2020-12-11,60.35,OPEN,0.3,3.0,12.0,3.0
-,CHL,2020-11-19,USD,30.18,2021-04-23,32.66,8.22,13.0,2020-12-11,28.29,OPEN,-6.26,-72.0,14.0,-76.0
-,LULU,2020-11-19,USD,344.88,2021-10-10,417.96,21.19,16.0,2020-12-11,344.32,OPEN,-0.16,-2.0,7.0,-1.0
-,ASX-NSR,2020-11-20,AUD,1.86,2021-02-22,2.01,8.06,22.0,2020-12-09,2.01,CLOSED,8.06,107.0,20.0,100.0
-,ASX-NSR,2020-11-20,AUD,1.86,2020-12-30,1.91,2.69,17.0,2020-11-30,1.91,CLOSED,2.69,68.0,25.0,100.0
-,2600.HK,2020-11-20,HKD,2.27,2021-05-03,2.57,13.22,20.0,2020-11-23,2.57,CLOSED,13.22,1110.0,2.0,100.0
-,0992.HK,2020-11-20,HKD,5.48,2021-01-15,5.62,2.55,11.0,2020-11-23,5.62,CLOSED,2.55,214.0,5.0,100.0
-,0992.HK,2020-11-20,HKD,5.48,2021-01-24,5.7,4.01,16.0,2020-11-23,5.7,CLOSED,4.01,337.0,5.0,100.0
-,ACH,2020-11-20,USD,7.3,2021-06-29,9.21,26.16,30.0,2020-11-24,9.21,CLOSED,26.16,1648.0,2.0,100.0
-,VZ,2020-11-20,USD,60.04,2021-02-26,61.78,2.9,7.0,2020-12-02,61.78,CLOSED,2.9,61.0,12.0,100.0
-,SHOP,2020-11-20,USD,988.51,2020-12-17,1075.99,8.85,83.0,2020-11-30,1075.99,CLOSED,8.85,223.0,37.0,100.0
-,ACH,2020-11-20,USD,7.3,2020-12-28,7.74,6.03,40.0,2020-11-23,7.74,CLOSED,6.03,507.0,8.0,100.0
-,ASX-SDA,2020-11-20,AUD,0.79,2021-10-17,1.01,27.85,21.0,2020-12-11,0.79,OPEN,0.0,0.0,6.0,0.0
-,ASX-SDA,2020-11-20,AUD,0.79,2021-10-20,0.9,13.92,11.0,2020-12-11,0.79,OPEN,0.0,0.0,6.0,0.0
-,ASX-SDA,2020-11-20,AUD,0.79,2021-02-17,0.91,15.19,43.0,2020-12-11,0.79,OPEN,0.0,0.0,24.0,0.0
-,ASX-SDA,2020-11-20,AUD,0.79,2021-03-12,0.9,13.92,31.0,2020-12-11,0.79,OPEN,0.0,0.0,19.0,0.0
-,ASX-SDA,2020-11-20,AUD,0.79,2021-03-12,0.93,17.72,40.0,2020-12-11,0.79,OPEN,0.0,0.0,19.0,0.0
-,ASX-NSR,2020-11-20,AUD,1.86,2021-05-11,2.09,12.37,18.0,2020-12-11,2.04,OPEN,9.68,116.0,12.0,78.0
-,ASX-SDA,2020-11-20,AUD,0.79,2021-10-04,0.98,24.05,19.0,2020-12-11,0.79,OPEN,0.0,0.0,7.0,0.0
-,ASX-GUD,2020-11-20,AUD,11.85,2021-09-13,14.66,23.71,20.0,2020-12-11,11.27,OPEN,-4.89,-59.0,7.0,-21.0
-,ASX-SDA,2020-11-20,AUD,0.79,2021-10-29,0.89,12.66,9.0,2020-12-11,0.79,OPEN,0.0,0.0,6.0,0.0
-,2318.HK,2020-11-20,HKD,88.15,2021-03-15,102.48,16.26,36.0,2020-12-11,92.7,OPEN,5.16,62.0,18.0,32.0
-,2318.HK,2020-11-20,HKD,88.15,2021-04-09,119.29,35.33,64.0,2020-12-11,92.7,OPEN,5.16,62.0,15.0,15.0
-,2600.HK,2020-11-20,HKD,2.27,2021-08-25,3.55,56.39,51.0,2020-12-11,2.78,OPEN,22.47,270.0,8.0,40.0
-,3303.HK,2020-11-20,HKD,0.49,2021-09-09,0.95,93.88,81.0,2020-12-11,0.5,OPEN,2.04,24.0,7.0,2.0
-,3898.HK,2020-11-20,HKD,26.5,2021-05-10,35.26,33.06,49.0,2020-12-11,24.6,OPEN,-7.17,-86.0,12.0,-22.0
-,3898.HK,2020-11-20,HKD,26.5,2021-04-30,38.35,44.72,70.0,2020-12-11,24.6,OPEN,-7.17,-86.0,13.0,-16.0
-,0992.HK,2020-11-20,HKD,5.48,2021-08-03,6.05,10.4,10.0,2020-12-11,5.89,OPEN,7.48,90.0,8.0,72.0
-,2007.HK,2020-11-20,HKD,10.5,2020-12-19,11.07,5.43,47.0,2020-12-11,10.08,OPEN,-4.0,-48.0,72.0,-74.0
-,2007.HK,2020-11-20,HKD,10.5,2021-01-11,11.11,5.81,28.0,2020-12-11,10.08,OPEN,-4.0,-48.0,40.0,-69.0
-,2007.HK,2020-11-20,HKD,10.5,2021-02-09,12.11,15.33,48.0,2020-12-11,10.08,OPEN,-4.0,-48.0,26.0,-26.0
-,SHOP,2020-11-20,USD,988.51,2021-03-07,1376.3,39.23,92.0,2020-12-11,1057.87,OPEN,7.02,84.0,20.0,18.0
-,SHOP,2020-11-20,USD,988.51,2021-03-09,1319.86,33.52,77.0,2020-12-11,1057.87,OPEN,7.02,84.0,19.0,21.0
-,SHOP,2020-11-20,USD,988.51,2020-12-29,1129.97,14.31,92.0,2020-12-11,1057.87,OPEN,7.02,84.0,54.0,49.0
-,VZ,2020-11-20,USD,60.04,2021-05-27,65.18,8.56,11.0,2020-12-11,60.35,OPEN,0.52,6.0,11.0,6.0
-,ASX-ILU,2020-11-23,AUD,5.25,2021-02-21,5.86,11.62,33.0,2020-12-09,5.86,CLOSED,11.62,183.0,18.0,100.0
-,ASX-GPT,2020-11-23,AUD,4.62,2021-01-12,4.8,3.9,20.0,2020-11-26,4.8,CLOSED,3.9,328.0,6.0,100.0
-,ASX-OZL,2020-11-23,AUD,15.25,2021-03-08,16.23,6.43,15.0,2020-11-26,16.23,CLOSED,6.43,540.0,3.0,100.0
-,2600.HK,2020-11-23,HKD,2.57,2021-05-06,2.91,13.23,20.0,2020-11-25,2.91,CLOSED,13.23,1667.0,1.0,100.0
-,ASX-SDA,2020-11-23,AUD,0.79,2021-10-20,1.01,27.85,21.0,2020-12-11,0.79,OPEN,0.0,0.0,5.0,0.0
-,ASX-SDA,2020-11-23,AUD,0.79,2021-10-23,0.9,13.92,11.0,2020-12-11,0.79,OPEN,0.0,0.0,5.0,0.0
-,ASX-GPT,2020-11-23,AUD,4.62,2021-03-14,4.9,6.06,14.0,2020-12-11,4.65,OPEN,0.65,9.0,16.0,11.0
-,ASX-SDA,2020-11-23,AUD,0.79,2021-02-20,0.91,15.19,43.0,2020-12-11,0.79,OPEN,0.0,0.0,20.0,0.0
-,ASX-SDA,2020-11-23,AUD,0.79,2021-03-15,0.9,13.92,31.0,2020-12-11,0.79,OPEN,0.0,0.0,16.0,0.0
-,ASX-SDA,2020-11-23,AUD,0.79,2021-03-15,0.93,17.72,40.0,2020-12-11,0.79,OPEN,0.0,0.0,16.0,0.0
-,ASX-TNE,2020-11-23,AUD,9.0,2021-03-07,10.11,12.33,30.0,2020-12-11,8.33,OPEN,-7.44,-104.0,17.0,-60.0
-,ASX-TNE,2020-11-23,AUD,9.0,2021-03-29,10.16,12.89,26.0,2020-12-11,8.33,OPEN,-7.44,-104.0,14.0,-58.0
-,ASX-SDA,2020-11-23,AUD,0.79,2021-10-07,0.98,24.05,19.0,2020-12-11,0.79,OPEN,0.0,0.0,6.0,0.0
-,ASX-ILU,2020-11-23,AUD,5.25,2021-04-03,6.02,14.67,28.0,2020-12-11,5.91,OPEN,12.57,176.0,14.0,86.0
-,ASX-GUD,2020-11-23,AUD,12.25,2021-09-16,15.15,23.67,20.0,2020-12-11,11.27,OPEN,-8.0,-112.0,6.0,-34.0
-,ASX-SDA,2020-11-23,AUD,0.79,2021-11-01,0.89,12.66,9.0,2020-12-11,0.79,OPEN,0.0,0.0,5.0,0.0
-,ASX-OZL,2020-11-23,AUD,15.25,2021-10-28,20.18,32.33,24.0,2020-12-11,18.73,OPEN,22.82,319.0,5.0,71.0
-,2318.HK,2020-11-23,HKD,88.75,2021-03-18,103.18,16.26,36.0,2020-12-11,92.7,OPEN,4.45,62.0,16.0,27.0
-,2318.HK,2020-11-23,HKD,88.75,2021-04-12,120.11,35.34,64.0,2020-12-11,92.7,OPEN,4.45,62.0,13.0,13.0
-,2600.HK,2020-11-23,HKD,2.57,2021-08-28,4.02,56.42,51.0,2020-12-11,2.78,OPEN,8.17,114.0,6.0,14.0
-,3303.HK,2020-11-23,HKD,0.51,2021-09-12,0.99,94.12,81.0,2020-12-11,0.5,OPEN,-1.96,-27.0,6.0,-2.0
-,3898.HK,2020-11-23,HKD,26.55,2021-05-13,35.32,33.03,49.0,2020-12-11,24.6,OPEN,-7.34,-103.0,11.0,-22.0
-,3898.HK,2020-11-23,HKD,26.55,2021-05-03,38.42,44.71,70.0,2020-12-11,24.6,OPEN,-7.34,-103.0,11.0,-16.0
-,3898.HK,2020-11-23,HKD,26.55,2021-05-27,36.53,37.59,51.0,2020-12-11,24.6,OPEN,-7.34,-103.0,10.0,-20.0
-,0992.HK,2020-11-23,HKD,5.77,2021-08-06,6.37,10.4,10.0,2020-12-11,5.89,OPEN,2.08,29.0,7.0,20.0
-,3898.HK,2020-11-23,HKD,26.55,2021-08-11,35.81,34.88,34.0,2020-12-11,24.6,OPEN,-7.34,-103.0,7.0,-21.0
-,2238.HK,2020-11-23,HKD,9.48,2021-09-19,12.53,32.17,27.0,2020-12-11,7.99,OPEN,-15.72,-220.0,6.0,-49.0
-,0992.HK,2020-11-23,HKD,5.77,2021-01-18,5.92,2.6,12.0,2020-12-11,5.89,OPEN,2.08,29.0,32.0,80.0
-,0992.HK,2020-11-23,HKD,5.77,2021-01-27,6.0,3.99,15.0,2020-12-11,5.89,OPEN,2.08,29.0,28.0,52.0
-,2338.HK,2020-11-23,HKD,17.7,2021-02-10,19.38,9.49,30.0,2020-12-11,15.42,OPEN,-12.88,-180.0,23.0,-136.0
-,2238.HK,2020-11-23,HKD,9.48,2021-10-27,13.98,47.47,35.0,2020-12-11,7.99,OPEN,-15.72,-220.0,5.0,-33.0
-,VZ,2020-11-23,USD,60.3,2021-03-01,62.05,2.9,7.0,2020-12-11,60.35,OPEN,0.08,1.0,18.0,3.0
-,VZ,2020-11-23,USD,60.3,2021-05-30,65.46,8.56,11.0,2020-12-11,60.35,OPEN,0.08,1.0,10.0,1.0
-,D,2020-11-23,USD,79.09,2021-04-30,83.12,5.1,8.0,2020-12-11,74.91,OPEN,-5.29,-74.0,11.0,-104.0
-,ASX-STO,2020-11-24,AUD,6.36,2021-09-29,6.67,4.87,4.0,2020-11-25,6.67,CLOSED,4.87,1227.0,0.0,100.0
-,0992.HK,2020-11-24,HKD,5.73,2021-01-19,5.88,2.62,12.0,2020-11-26,5.88,CLOSED,2.62,330.0,4.0,100.0
-,BAX,2020-11-24,USD,76.02,2021-04-05,79.04,3.97,8.0,2020-12-09,79.04,CLOSED,3.97,67.0,11.0,100.0
-,ASX-SDA,2020-11-24,AUD,0.79,2021-10-21,1.01,27.85,21.0,2020-12-11,0.79,OPEN,0.0,0.0,5.0,0.0
-,ASX-SDA,2020-11-24,AUD,0.79,2021-10-24,0.9,13.92,11.0,2020-12-11,0.79,OPEN,0.0,0.0,5.0,0.0
-,ASX-SDA,2020-11-24,AUD,0.79,2021-02-21,0.91,15.19,43.0,2020-12-11,0.79,OPEN,0.0,0.0,19.0,0.0
-,ASX-SDA,2020-11-24,AUD,0.79,2021-03-16,0.9,13.92,31.0,2020-12-11,0.79,OPEN,0.0,0.0,15.0,0.0
-,ASX-SDA,2020-11-24,AUD,0.79,2021-03-16,0.93,17.72,40.0,2020-12-11,0.79,OPEN,0.0,0.0,15.0,0.0
-,ASX-IRE,2020-11-24,AUD,10.15,2021-07-12,11.76,15.86,17.0,2020-12-11,10.2,OPEN,0.49,7.0,7.0,3.0
-,ASX-BEN,2020-11-24,AUD,8.8,2021-09-12,9.54,8.41,7.0,2020-12-11,9.38,OPEN,6.59,98.0,6.0,78.0
-,ASX-SDA,2020-11-24,AUD,0.79,2021-10-08,0.98,24.05,19.0,2020-12-11,0.79,OPEN,0.0,0.0,5.0,0.0
-,ASX-IRE,2020-11-24,AUD,10.15,2021-10-12,12.27,20.89,16.0,2020-12-11,10.2,OPEN,0.49,7.0,5.0,2.0
-,ASX-AGL,2020-11-24,AUD,13.46,2021-04-10,14.7,9.21,17.0,2020-12-11,13.33,OPEN,-0.97,-14.0,12.0,-10.0
-,ASX-SGR,2020-11-24,AUD,3.85,2021-10-11,4.48,16.36,13.0,2020-12-11,3.83,OPEN,-0.52,-8.0,5.0,-3.0
-,ASX-SKI,2020-11-24,AUD,2.11,2021-06-03,2.3,9.0,12.0,2020-12-11,2.14,OPEN,1.42,21.0,9.0,16.0
-,ASX-SDA,2020-11-24,AUD,0.79,2021-11-02,0.89,12.66,9.0,2020-12-11,0.79,OPEN,0.0,0.0,5.0,0.0
-,ASX-OZL,2020-11-24,AUD,15.6,2021-11-21,21.97,40.83,28.0,2020-12-11,18.73,OPEN,20.06,297.0,5.0,49.0
-,2208.HK,2020-11-24,HKD,12.38,2021-10-13,25.95,109.61,86.0,2020-12-11,11.96,OPEN,-3.39,-50.0,5.0,-3.0
-,2318.HK,2020-11-24,HKD,87.65,2021-03-19,101.9,16.26,36.0,2020-12-11,92.7,OPEN,5.76,85.0,15.0,35.0
-,2318.HK,2020-11-24,HKD,87.65,2021-04-13,118.62,35.33,64.0,2020-12-11,92.7,OPEN,5.76,85.0,12.0,16.0
-,2600.HK,2020-11-24,HKD,2.81,2021-08-29,4.39,56.23,51.0,2020-12-11,2.78,OPEN,-1.07,-16.0,6.0,-2.0
-,3303.HK,2020-11-24,HKD,0.51,2021-09-13,0.99,94.12,81.0,2020-12-11,0.5,OPEN,-1.96,-29.0,6.0,-2.0
-,3898.HK,2020-11-24,HKD,26.5,2021-05-14,35.26,33.06,49.0,2020-12-11,24.6,OPEN,-7.17,-106.0,10.0,-22.0
-,3898.HK,2020-11-24,HKD,26.5,2021-05-04,38.35,44.72,70.0,2020-12-11,24.6,OPEN,-7.17,-106.0,11.0,-16.0
-,0206.HK,2020-11-24,HKD,0.23,2021-07-23,0.42,82.61,86.0,2020-12-11,0.23,OPEN,0.0,0.0,7.0,0.0
-,0992.HK,2020-11-24,HKD,5.73,2021-08-07,6.33,10.47,10.0,2020-12-11,5.89,OPEN,2.79,41.0,7.0,27.0
-,0868.HK,2020-11-24,HKD,17.84,2021-09-18,24.67,38.28,32.0,2020-12-11,19.1,OPEN,7.06,105.0,6.0,18.0
-,0868.HK,2020-11-24,HKD,17.84,2021-06-25,20.82,16.7,20.0,2020-12-11,19.1,OPEN,7.06,105.0,8.0,42.0
-,0166.HK,2020-11-24,HKD,0.07,2021-05-08,0.08,14.29,22.0,2020-12-11,0.07,OPEN,0.0,0.0,10.0,0.0
-,2600.HK,2020-11-24,HKD,2.81,2021-05-07,3.18,13.17,20.0,2020-12-11,2.78,OPEN,-1.07,-16.0,10.0,-8.0
-,0992.HK,2020-11-24,HKD,5.73,2021-01-28,5.96,4.01,16.0,2020-12-11,5.89,OPEN,2.79,41.0,26.0,70.0
-,2208.HK,2020-11-24,HKD,12.38,2021-11-12,15.08,21.81,16.0,2020-12-11,11.96,OPEN,-3.39,-50.0,5.0,-16.0
-,PYPL,2020-11-24,USD,206.0,2021-07-24,275.57,33.77,35.0,2020-12-11,214.06,OPEN,3.91,58.0,7.0,12.0
-,PYPL,2020-11-24,USD,206.0,2021-03-03,230.62,11.95,30.0,2020-12-11,214.06,OPEN,3.91,58.0,17.0,33.0
-,TRV,2020-11-24,USD,136.46,2021-08-14,146.94,7.68,7.0,2020-12-11,134.95,OPEN,-1.11,-16.0,6.0,-14.0
-,PSA,2020-11-24,USD,221.92,2021-08-25,252.21,13.65,13.0,2020-12-11,220.06,OPEN,-0.84,-12.0,6.0,-6.0
-,VZ,2020-11-24,USD,60.63,2021-03-02,62.39,2.9,7.0,2020-12-11,60.35,OPEN,-0.46,-7.0,17.0,-16.0
-,INTC,2020-11-24,USD,47.01,2021-10-11,54.11,15.1,12.0,2020-12-11,49.73,OPEN,5.79,86.0,5.0,38.0
-,VZ,2020-11-24,USD,60.63,2021-05-31,65.82,8.56,11.0,2020-12-11,60.35,OPEN,-0.46,-7.0,9.0,-5.0
-,BAC,2020-11-24,USD,28.98,2021-11-21,31.79,9.7,7.0,2020-12-11,28.57,OPEN,-1.41,-21.0,5.0,-15.0
-,PSA,2020-11-24,USD,221.92,2021-02-03,230.51,3.87,14.0,2020-12-11,220.06,OPEN,-0.84,-12.0,24.0,-22.0
-,ASX-NSR,2020-11-25,AUD,1.9,2021-02-27,2.06,8.42,23.0,2020-12-09,2.06,CLOSED,8.42,152.0,15.0,100.0
-,ASX-RRL,2020-11-25,AUD,3.75,2021-02-18,3.95,5.33,16.0,2020-12-02,3.95,CLOSED,5.33,192.0,8.0,100.0
-,ASX-NSR,2020-11-25,AUD,1.9,2021-01-04,1.95,2.63,17.0,2020-12-01,1.95,CLOSED,2.63,110.0,15.0,100.0
-,ASX-TNE,2020-11-25,AUD,9.05,2021-02-09,9.29,2.65,9.0,2020-11-26,9.29,CLOSED,2.65,668.0,1.0,100.0
-,2600.HK,2020-11-25,HKD,2.75,2021-05-08,3.11,13.09,20.0,2020-11-30,3.11,CLOSED,13.09,660.0,3.0,100.0
-,0992.HK,2020-11-25,HKD,5.63,2021-01-20,5.77,2.49,11.0,2020-11-26,5.77,CLOSED,2.49,627.0,2.0,100.0
-,0992.HK,2020-11-25,HKD,5.63,2021-01-29,5.85,3.91,15.0,2020-11-26,5.85,CLOSED,3.91,985.0,2.0,100.0
-,ZS,2020-11-25,USD,146.94,2021-01-04,172.48,17.38,109.0,2020-12-03,172.48,CLOSED,17.38,547.0,20.0,100.0
-,ASX-SDA,2020-11-25,AUD,0.79,2021-10-22,1.01,27.85,21.0,2020-12-11,0.79,OPEN,0.0,0.0,5.0,0.0
-,ASX-SDA,2020-11-25,AUD,0.79,2021-10-25,0.9,13.92,11.0,2020-12-11,0.79,OPEN,0.0,0.0,5.0,0.0
-,ASX-SDA,2020-11-25,AUD,0.79,2021-02-22,0.91,15.19,43.0,2020-12-11,0.79,OPEN,0.0,0.0,18.0,0.0
-,ASX-SDA,2020-11-25,AUD,0.79,2021-03-17,0.9,13.92,31.0,2020-12-11,0.79,OPEN,0.0,0.0,14.0,0.0
-,ASX-SDA,2020-11-25,AUD,0.79,2021-03-17,0.93,17.72,40.0,2020-12-11,0.79,OPEN,0.0,0.0,14.0,0.0
-,ASX-WEB,2020-11-25,AUD,6.01,2021-04-28,11.07,84.19,138.0,2020-12-11,5.23,OPEN,-12.98,-204.0,10.0,-15.0
-,ASX-NSR,2020-11-25,AUD,1.9,2021-05-16,2.13,12.11,18.0,2020-12-11,2.04,OPEN,7.37,116.0,9.0,61.0
-,ASX-ASX,2020-11-25,AUD,77.31,2021-08-11,89.39,15.63,15.0,2020-12-11,74.89,OPEN,-3.13,-49.0,6.0,-20.0
-,ASX-CPU,2020-11-25,AUD,14.36,2021-10-15,16.46,14.62,11.0,2020-12-11,14.48,OPEN,0.84,13.0,5.0,6.0
-,ASX-SDA,2020-11-25,AUD,0.79,2021-10-09,0.98,24.05,19.0,2020-12-11,0.79,OPEN,0.0,0.0,5.0,0.0
-,ASX-BKW,2020-11-25,AUD,20.21,2021-06-04,22.23,10.0,13.0,2020-12-11,18.97,OPEN,-6.14,-97.0,8.0,-61.0
-,ASX-BKW,2020-11-25,AUD,20.21,2021-08-23,22.81,12.86,12.0,2020-12-11,18.97,OPEN,-6.14,-97.0,6.0,-48.0
-,ASX-RRL,2020-11-25,AUD,3.75,2021-02-23,4.16,10.93,31.0,2020-12-11,3.71,OPEN,-1.07,-17.0,18.0,-10.0
-,ASX-TNE,2020-11-25,AUD,9.05,2021-05-29,9.99,10.39,14.0,2020-12-11,8.33,OPEN,-7.96,-125.0,9.0,-77.0
-,ASX-SDA,2020-11-25,AUD,0.79,2021-11-03,0.89,12.66,9.0,2020-12-11,0.79,OPEN,0.0,0.0,5.0,0.0
-,ASX-BKW,2020-11-25,AUD,20.21,2021-02-11,21.1,4.4,14.0,2020-12-11,18.97,OPEN,-6.14,-97.0,21.0,-139.0
-,ASX-ASX,2020-11-25,AUD,77.31,2021-04-23,81.56,5.5,9.0,2020-12-11,74.89,OPEN,-3.13,-49.0,11.0,-57.0
-,ASX-TNE,2020-11-25,AUD,9.05,2021-09-10,10.32,14.03,12.0,2020-12-11,8.33,OPEN,-7.96,-125.0,6.0,-57.0
-,ASX-CWN,2020-11-25,AUD,10.14,2021-01-16,10.44,2.96,14.0,2020-12-11,9.72,OPEN,-4.14,-65.0,31.0,-140.0
-,2318.HK,2020-11-25,HKD,89.4,2021-03-20,103.94,16.26,36.0,2020-12-11,92.7,OPEN,3.69,58.0,14.0,23.0
-,2318.HK,2020-11-25,HKD,89.4,2021-04-14,120.99,35.34,64.0,2020-12-11,92.7,OPEN,3.69,58.0,11.0,10.0
-,2600.HK,2020-11-25,HKD,2.75,2021-08-30,4.3,56.36,51.0,2020-12-11,2.78,OPEN,1.09,17.0,6.0,2.0
-,3303.HK,2020-11-25,HKD,0.53,2021-09-14,1.03,94.34,81.0,2020-12-11,0.5,OPEN,-5.66,-89.0,5.0,-6.0
-,3898.HK,2020-11-25,HKD,26.15,2021-05-15,34.79,33.04,49.0,2020-12-11,24.6,OPEN,-5.93,-93.0,9.0,-18.0
-,3898.HK,2020-11-25,HKD,26.15,2021-05-05,37.84,44.7,70.0,2020-12-11,24.6,OPEN,-5.93,-93.0,10.0,-13.0
-,0218.HK,2020-11-25,HKD,0.88,2021-10-08,1.33,51.14,41.0,2020-12-11,0.93,OPEN,5.68,89.0,5.0,11.0
-,0017.HK,2020-11-25,HKD,41.25,2021-05-03,45.53,10.38,16.0,2020-12-11,37.7,OPEN,-8.61,-136.0,10.0,-83.0
-,0992.HK,2020-11-25,HKD,5.63,2021-08-08,6.21,10.3,10.0,2020-12-11,5.89,OPEN,4.62,73.0,6.0,45.0
-,0017.HK,2020-11-25,HKD,41.25,2021-10-22,47.69,15.61,12.0,2020-12-11,37.7,OPEN,-8.61,-136.0,5.0,-55.0
-,1788.HK,2020-11-25,HKD,1.07,2021-02-10,1.15,7.48,24.0,2020-12-11,1.01,OPEN,-5.61,-88.0,21.0,-75.0
-,MA,2020-11-25,USD,341.32,2021-08-31,445.18,30.43,27.0,2020-12-11,327.42,OPEN,-4.07,-64.0,6.0,-13.0
-,MA,2020-11-25,USD,341.32,2021-03-19,395.15,15.77,35.0,2020-12-11,327.42,OPEN,-4.07,-64.0,14.0,-26.0
-,DLR,2020-11-25,USD,135.75,2021-10-01,160.82,18.47,15.0,2020-12-11,130.27,OPEN,-4.04,-64.0,5.0,-22.0
-,AMZN,2020-11-25,USD,3185.07,2021-06-02,4196.65,31.76,42.0,2020-12-11,3116.42,OPEN,-2.16,-34.0,8.0,-7.0
-,DLR,2020-11-25,USD,135.75,2021-10-05,162.02,19.35,16.0,2020-12-11,130.27,OPEN,-4.04,-64.0,5.0,-21.0
-,AMZN,2020-11-25,USD,3185.07,2021-07-16,4058.1,27.41,30.0,2020-12-11,3116.42,OPEN,-2.16,-34.0,7.0,-8.0
-,MA,2020-11-25,USD,341.32,2021-02-09,367.84,7.77,26.0,2020-12-11,327.42,OPEN,-4.07,-64.0,21.0,-52.0
-,USB,2020-11-25,USD,44.68,2021-11-05,49.55,10.9,8.0,2020-12-11,45.84,OPEN,2.6,41.0,5.0,24.0
-,VZ,2020-11-25,USD,60.41,2021-03-03,62.16,2.9,7.0,2020-12-11,60.35,OPEN,-0.1,-2.0,16.0,-3.0
-,SNP,2020-11-25,USD,47.49,2021-11-10,55.36,16.57,12.0,2020-12-11,44.26,OPEN,-6.8,-107.0,5.0,-41.0
-,SNP,2020-11-25,USD,47.49,2021-10-22,55.24,16.32,12.0,2020-12-11,44.26,OPEN,-6.8,-107.0,5.0,-42.0
-,NDAQ,2020-11-25,USD,127.33,2021-09-03,147.45,15.8,14.0,2020-12-11,125.67,OPEN,-1.3,-20.0,6.0,-8.0
-,NDAQ,2020-11-25,USD,127.33,2021-10-16,149.5,17.41,13.0,2020-12-11,125.67,OPEN,-1.3,-20.0,5.0,-7.0
-,VZ,2020-11-25,USD,60.41,2021-06-01,65.58,8.56,11.0,2020-12-11,60.35,OPEN,-0.1,-2.0,9.0,-1.0
-,DLR,2020-11-25,USD,135.75,2021-03-28,148.12,9.11,19.0,2020-12-11,130.27,OPEN,-4.04,-64.0,13.0,-44.0
-,DLR,2020-11-25,USD,135.75,2021-03-15,145.46,7.15,16.0,2020-12-11,130.27,OPEN,-4.04,-64.0,15.0,-56.0
-,ZS,2020-11-25,USD,146.94,2021-01-11,199.32,35.65,191.0,2020-12-11,181.91,OPEN,23.8,375.0,34.0,67.0
-,MA,2020-11-25,USD,341.32,2021-01-01,355.18,4.06,28.0,2020-12-11,327.42,OPEN,-4.07,-64.0,43.0,-100.0
-,DUK,2020-11-25,USD,96.15,2021-08-02,100.53,4.56,5.0,2020-12-11,91.54,OPEN,-4.79,-75.0,6.0,-105.0
-,ASX-AHY,2020-11-26,AUD,1.03,2021-03-14,1.09,5.83,14.0,2020-12-10,1.09,CLOSED,5.83,105.0,13.0,100.0
-,0689.HK,2020-11-26,HKD,0.04,2021-04-09,0.07,75.0,141.0,2020-12-01,0.07,CLOSED,75.0,3780.0,4.0,100.0
-,ASX-SDA,2020-11-26,AUD,0.79,2021-10-23,1.01,27.85,21.0,2020-12-11,0.79,OPEN,0.0,0.0,5.0,0.0
-,ASX-SDA,2020-11-26,AUD,0.79,2021-10-26,0.9,13.92,11.0,2020-12-11,0.79,OPEN,0.0,0.0,4.0,0.0
-,ASX-SDA,2020-11-26,AUD,0.79,2021-02-23,0.91,15.19,43.0,2020-12-11,0.79,OPEN,0.0,0.0,17.0,0.0
-,ASX-SDA,2020-11-26,AUD,0.79,2021-03-18,0.9,13.92,31.0,2020-12-11,0.79,OPEN,0.0,0.0,13.0,0.0
-,ASX-SDA,2020-11-26,AUD,0.79,2021-03-18,0.93,17.72,40.0,2020-12-11,0.79,OPEN,0.0,0.0,13.0,0.0
-,ASX-QUB,2020-11-26,AUD,2.98,2021-06-25,3.52,18.12,22.0,2020-12-11,2.89,OPEN,-3.02,-51.0,7.0,-17.0
-,ASX-QUB,2020-11-26,AUD,2.98,2021-09-26,3.74,25.5,21.0,2020-12-11,2.89,OPEN,-3.02,-51.0,5.0,-12.0
-,ASX-ASX,2020-11-26,AUD,77.46,2021-08-12,89.57,15.63,15.0,2020-12-11,74.89,OPEN,-3.32,-56.0,6.0,-21.0
-,ASX-ABC,2020-11-26,AUD,3.18,2021-09-30,3.76,18.24,15.0,2020-12-11,3.23,OPEN,1.57,26.0,5.0,9.0
-,ASX-SDA,2020-11-26,AUD,0.79,2021-10-10,0.98,24.05,19.0,2020-12-11,0.79,OPEN,0.0,0.0,5.0,0.0
-,ASX-IPL,2020-11-26,AUD,2.41,2021-04-28,2.61,8.3,14.0,2020-12-11,2.34,OPEN,-2.9,-49.0,10.0,-35.0
-,ASX-QUB,2020-11-26,AUD,2.98,2021-02-20,3.2,7.38,22.0,2020-12-11,2.89,OPEN,-3.02,-51.0,17.0,-41.0
-,ASX-SDA,2020-11-26,AUD,0.79,2021-11-04,0.89,12.66,9.0,2020-12-11,0.79,OPEN,0.0,0.0,4.0,0.0
-,ASX-NST,2020-11-26,AUD,12.89,2021-11-21,21.2,64.47,45.0,2020-12-11,12.39,OPEN,-3.88,-65.0,4.0,-6.0
-,ASX-SHL,2020-11-26,AUD,33.1,2021-04-17,35.97,8.67,15.0,2020-12-11,32.72,OPEN,-1.15,-19.0,11.0,-13.0
-,ASX-ANN,2020-11-26,AUD,37.32,2021-04-01,40.04,7.29,15.0,2020-12-11,34.3,OPEN,-8.09,-136.0,12.0,-111.0
-,ASX-ASX,2020-11-26,AUD,77.46,2021-04-24,81.72,5.5,9.0,2020-12-11,74.89,OPEN,-3.32,-56.0,10.0,-60.0
-,ASX-IPL,2020-11-26,AUD,2.41,2021-01-31,2.58,7.05,27.0,2020-12-11,2.34,OPEN,-2.9,-49.0,23.0,-41.0
-,ASX-IPL,2020-11-26,AUD,2.41,2020-12-19,2.51,4.15,45.0,2020-12-11,2.34,OPEN,-2.9,-49.0,65.0,-70.0
-,ASX-SHL,2020-11-26,AUD,33.1,2021-02-13,34.35,3.78,12.0,2020-12-11,32.72,OPEN,-1.15,-19.0,19.0,-30.0
-,1114.HK,2020-11-26,HKD,7.03,2021-01-10,7.72,9.82,55.0,2020-12-11,6.24,OPEN,-11.24,-189.0,33.0,-114.0
-,2318.HK,2020-11-26,HKD,90.9,2021-03-21,105.68,16.26,36.0,2020-12-11,92.7,OPEN,1.98,33.0,13.0,12.0
-,2318.HK,2020-11-26,HKD,90.9,2021-04-15,123.01,35.32,64.0,2020-12-11,92.7,OPEN,1.98,33.0,11.0,6.0
-,2600.HK,2020-11-26,HKD,2.84,2021-08-31,4.44,56.34,51.0,2020-12-11,2.78,OPEN,-2.11,-35.0,5.0,-4.0
-,3303.HK,2020-11-26,HKD,0.52,2021-09-15,1.01,94.23,81.0,2020-12-11,0.5,OPEN,-3.85,-65.0,5.0,-4.0
-,0345.HK,2020-11-26,HKD,31.5,2021-06-11,37.03,17.56,22.0,2020-12-11,31.05,OPEN,-1.43,-24.0,8.0,-8.0
-,0689.HK,2020-11-26,HKD,0.04,2021-06-24,0.11,175.0,210.0,2020-12-11,0.09,OPEN,125.0,2100.0,7.0,71.0
-,0345.HK,2020-11-26,HKD,31.5,2021-07-12,38.2,21.27,24.0,2020-12-11,31.05,OPEN,-1.43,-24.0,7.0,-7.0
-,0808.HK,2020-11-26,HKD,2.35,2021-05-11,2.55,8.51,13.0,2020-12-11,2.45,OPEN,4.26,72.0,9.0,50.0
-,0459.HK,2020-11-26,HKD,0.12,2021-05-25,0.15,25.0,35.0,2020-12-11,0.1,OPEN,-16.67,-280.0,8.0,-67.0
-,0992.HK,2020-11-26,HKD,5.81,2021-08-09,6.41,10.33,10.0,2020-12-11,5.89,OPEN,1.38,23.0,6.0,13.0
-,0388.HK,2020-11-26,HKD,382.8,2021-11-25,459.82,20.12,14.0,2020-12-11,386.0,OPEN,0.84,14.0,4.0,4.0
-,0386.HK,2020-11-26,HKD,3.83,2021-11-09,4.4,14.88,11.0,2020-12-11,3.47,OPEN,-9.4,-158.0,4.0,-63.0
-,0388.HK,2020-11-26,HKD,382.8,2021-06-19,427.32,11.63,14.0,2020-12-11,386.0,OPEN,0.84,14.0,7.0,7.0
-,1881.HK,2020-11-26,HKD,1.37,2021-06-17,1.49,8.76,11.0,2020-12-11,1.38,OPEN,0.73,12.0,7.0,8.0
-,0808.HK,2020-11-26,HKD,2.35,2021-04-30,2.54,8.09,13.0,2020-12-11,2.45,OPEN,4.26,72.0,10.0,53.0
-,2600.HK,2020-11-26,HKD,2.84,2021-05-09,3.22,13.38,21.0,2020-12-11,2.78,OPEN,-2.11,-35.0,9.0,-16.0
-,0992.HK,2020-11-26,HKD,5.81,2021-01-21,5.96,2.58,12.0,2020-12-11,5.89,OPEN,1.38,23.0,27.0,53.0
-,0992.HK,2020-11-26,HKD,5.81,2021-01-30,6.04,3.96,15.0,2020-12-11,5.89,OPEN,1.38,23.0,23.0,35.0
+,0689.HK,2020-11-27,HKD,0.05,2021-05-05,0.1,100.0,158.0,2020-12-11,0.1,CLOSED,100.0,1800.0,9.0,100.0
-,ASX-GPT,2020-11-27,AUD,4.74,2021-04-15,4.81,1.48,3.0,2020-12-07,4.81,CLOSED,1.48,37.0,7.0,100.0
-,ASX-DMP,2020-11-27,AUD,74.66,2021-03-19,83.69,12.09,27.0,2020-12-02,83.69,CLOSED,12.09,609.0,4.0,100.0
-,ASX-BGA,2020-11-27,AUD,5.42,2020-12-31,5.68,4.8,36.0,2020-11-30,5.68,CLOSED,4.8,403.0,9.0,100.0
-,0689.HK,2020-11-27,HKD,0.05,2021-04-10,0.09,80.0,150.0,2020-12-10,0.09,CLOSED,80.0,1551.0,10.0,100.0
-,2600.HK,2020-11-27,HKD,2.75,2021-05-10,3.11,13.09,20.0,2020-11-30,3.11,CLOSED,13.09,1100.0,2.0,100.0
-,SHOP,2020-11-27,USD,1034.39,2020-12-20,1089.83,5.36,59.0,2020-11-30,1089.83,CLOSED,5.36,450.0,13.0,100.0
-,BAX,2020-11-27,USD,75.97,2021-04-08,78.99,3.98,8.0,2020-12-09,78.99,CLOSED,3.98,84.0,9.0,100.0
-,ASX-LNK,2020-11-27,AUD,4.95,2021-06-22,5.78,16.77,20.0,2020-12-11,5.62,OPEN,13.54,244.0,7.0,81.0
-,ASX-SDA,2020-11-27,AUD,0.79,2021-10-24,1.01,27.85,21.0,2020-12-11,0.79,OPEN,0.0,0.0,4.0,0.0
-,ASX-SDA,2020-11-27,AUD,0.79,2021-10-27,0.9,13.92,11.0,2020-12-11,0.79,OPEN,0.0,0.0,4.0,0.0
-,ASX-SDA,2020-11-27,AUD,0.79,2021-02-24,0.91,15.19,43.0,2020-12-11,0.79,OPEN,0.0,0.0,16.0,0.0
-,ASX-SDA,2020-11-27,AUD,0.79,2021-03-19,0.9,13.92,31.0,2020-12-11,0.79,OPEN,0.0,0.0,12.0,0.0
-,ASX-SDA,2020-11-27,AUD,0.79,2021-03-19,0.93,17.72,40.0,2020-12-11,0.79,OPEN,0.0,0.0,12.0,0.0
-,ASX-IVC,2020-11-27,AUD,11.45,2021-05-18,12.56,9.69,14.0,2020-12-11,11.38,OPEN,-0.61,-11.0,8.0,-6.0
-,ASX-IVC,2020-11-27,AUD,11.45,2021-05-18,12.56,9.69,14.0,2020-12-11,11.38,OPEN,-0.61,-11.0,8.0,-6.0
-,ASX-DMP,2020-11-27,AUD,74.66,2021-11-23,98.86,32.41,23.0,2020-12-11,85.64,OPEN,14.71,265.0,4.0,45.0
-,ASX-SDA,2020-11-27,AUD,0.79,2021-10-11,0.98,24.05,19.0,2020-12-11,0.79,OPEN,0.0,0.0,4.0,0.0
-,ASX-BGA,2020-11-27,AUD,5.42,2021-06-21,6.1,12.55,15.0,2020-12-11,5.32,OPEN,-1.85,-33.0,7.0,-15.0
-,ASX-BGA,2020-11-27,AUD,5.42,2021-05-19,6.17,13.84,20.0,2020-12-11,5.32,OPEN,-1.85,-33.0,8.0,-13.0
-,ASX-GPT,2020-11-27,AUD,4.74,2021-07-08,4.87,2.74,3.0,2020-12-11,4.65,OPEN,-1.9,-34.0,6.0,-69.0
-,ASX-SDA,2020-11-27,AUD,0.79,2021-11-05,0.89,12.66,9.0,2020-12-11,0.79,OPEN,0.0,0.0,4.0,0.0
-,ASX-IVC,2020-11-27,AUD,11.45,2021-03-20,12.1,5.68,13.0,2020-12-11,11.38,OPEN,-0.61,-11.0,12.0,-11.0
-,ASX-IVC,2020-11-27,AUD,11.45,2021-03-20,12.1,5.68,13.0,2020-12-11,11.38,OPEN,-0.61,-11.0,12.0,-11.0
-,2318.HK,2020-11-27,HKD,91.0,2021-03-22,105.8,16.26,36.0,2020-12-11,92.7,OPEN,1.87,34.0,12.0,11.0
-,2318.HK,2020-11-27,HKD,91.0,2021-04-16,123.15,35.33,64.0,2020-12-11,92.7,OPEN,1.87,34.0,10.0,5.0
-,2600.HK,2020-11-27,HKD,2.75,2021-09-01,4.3,56.36,51.0,2020-12-11,2.78,OPEN,1.09,20.0,5.0,2.0
-,3303.HK,2020-11-27,HKD,0.52,2021-09-16,1.01,94.23,81.0,2020-12-11,0.5,OPEN,-3.85,-69.0,5.0,-4.0
-,0689.HK,2020-11-27,HKD,0.05,2021-07-18,0.16,220.0,238.0,2020-12-11,0.09,OPEN,80.0,1440.0,6.0,36.0
-,0689.HK,2020-11-27,HKD,0.05,2021-06-25,0.14,180.0,216.0,2020-12-11,0.09,OPEN,80.0,1440.0,7.0,44.0
-,1038.HK,2020-11-27,HKD,40.05,2021-10-06,46.96,17.25,14.0,2020-12-11,39.95,OPEN,-0.25,-4.0,4.0,-1.0
-,0052.HK,2020-11-27,HKD,18.44,2021-08-31,21.81,18.28,17.0,2020-12-11,17.98,OPEN,-2.49,-45.0,5.0,-14.0
-,0992.HK,2020-11-27,HKD,5.78,2021-08-10,6.38,10.38,10.0,2020-12-11,5.89,OPEN,1.9,34.0,5.0,18.0
-,0992.HK,2020-11-27,HKD,5.78,2021-01-22,5.93,2.6,12.0,2020-12-11,5.89,OPEN,1.9,34.0,25.0,73.0
-,0992.HK,2020-11-27,HKD,5.78,2021-01-31,6.01,3.98,15.0,2020-12-11,5.89,OPEN,1.9,34.0,22.0,48.0
-,0052.HK,2020-11-27,HKD,18.44,2021-06-17,19.77,7.21,9.0,2020-12-11,17.98,OPEN,-2.49,-45.0,7.0,-35.0
-,SHOP,2020-11-27,USD,1034.39,2021-01-10,1192.76,15.31,88.0,2020-12-11,1057.87,OPEN,2.27,41.0,32.0,15.0
-,SHOP,2020-11-27,USD,1034.39,2021-02-15,1312.64,26.9,85.0,2020-12-11,1057.87,OPEN,2.27,41.0,18.0,8.0
-,SHOP,2020-11-27,USD,1034.39,2021-03-12,1465.32,41.66,100.0,2020-12-11,1057.87,OPEN,2.27,41.0,13.0,5.0
-,ITW,2020-11-27,USD,212.23,2021-06-20,235.26,10.85,13.0,2020-12-11,203.56,OPEN,-4.09,-74.0,7.0,-38.0
-,ITW,2020-11-27,USD,212.23,2021-10-05,243.7,14.83,12.0,2020-12-11,203.56,OPEN,-4.09,-74.0,4.0,-28.0
-,ORCL,2020-11-27,USD,57.76,2021-10-23,65.96,14.2,11.0,2020-12-11,60.61,OPEN,4.93,89.0,4.0,35.0
-,VZ,2020-11-27,USD,60.58,2021-03-05,62.34,2.91,7.0,2020-12-11,60.35,OPEN,-0.38,-7.0,14.0,-13.0
-,VZ,2020-11-27,USD,60.58,2021-06-03,65.77,8.57,11.0,2020-12-11,60.35,OPEN,-0.38,-7.0,7.0,-4.0
-,ITW,2020-11-27,USD,212.23,2021-03-25,220.74,4.01,9.0,2020-12-11,203.56,OPEN,-4.09,-74.0,12.0,-102.0
-,8206.HK,2020-11-30,HKD,0.07,2021-03-02,0.1,42.86,117.0,2020-12-01,0.1,CLOSED,42.86,10801.0,1.0,100.0
-,0778.HK,2020-11-30,HKD,7.08,2021-06-02,7.33,3.53,5.0,2020-12-07,7.33,CLOSED,3.53,127.0,4.0,100.0
-,0992.HK,2020-11-30,HKD,5.53,2021-01-25,5.67,2.53,11.0,2020-12-03,5.67,CLOSED,2.53,213.0,5.0,100.0
-,0992.HK,2020-11-30,HKD,5.53,2021-02-03,5.75,3.98,15.0,2020-12-04,5.75,CLOSED,3.98,251.0,6.0,100.0
-,ASX-SDA,2020-11-30,AUD,0.79,2021-10-27,1.01,27.85,21.0,2020-12-11,0.79,OPEN,0.0,0.0,3.0,0.0
-,ASX-SDA,2020-11-30,AUD,0.79,2021-10-30,0.9,13.92,11.0,2020-12-11,0.79,OPEN,0.0,0.0,3.0,0.0
-,ASX-SDA,2020-11-30,AUD,0.79,2021-02-27,0.91,15.19,43.0,2020-12-11,0.79,OPEN,0.0,0.0,12.0,0.0
-,ASX-SDA,2020-11-30,AUD,0.79,2021-03-22,0.9,13.92,31.0,2020-12-11,0.79,OPEN,0.0,0.0,10.0,0.0
-,ASX-SDA,2020-11-30,AUD,0.79,2021-03-22,0.93,17.72,40.0,2020-12-11,0.79,OPEN,0.0,0.0,10.0,0.0
-,ASX-SDA,2020-11-30,AUD,0.79,2021-10-14,0.98,24.05,19.0,2020-12-11,0.79,OPEN,0.0,0.0,3.0,0.0
-,ASX-CCL,2020-11-30,AUD,12.65,2021-08-27,14.08,11.3,11.0,2020-12-11,12.76,OPEN,0.87,20.0,4.0,8.0
-,ASX-SDA,2020-11-30,AUD,0.79,2021-11-08,0.89,12.66,9.0,2020-12-11,0.79,OPEN,0.0,0.0,3.0,0.0
-,ASX-CCL,2020-11-30,AUD,12.65,2021-03-12,13.15,3.95,10.0,2020-12-11,12.76,OPEN,0.87,20.0,11.0,22.0
-,ASX-FPH,2020-11-30,AUD,33.56,2021-07-31,35.28,5.13,5.0,2020-12-11,30.71,OPEN,-8.49,-194.0,5.0,-166.0
-,2318.HK,2020-11-30,HKD,91.0,2021-03-25,105.8,16.26,36.0,2020-12-11,92.7,OPEN,1.87,43.0,10.0,11.0
-,2318.HK,2020-11-30,HKD,91.0,2021-04-19,123.15,35.33,64.0,2020-12-11,92.7,OPEN,1.87,43.0,8.0,5.0
-,2600.HK,2020-11-30,HKD,3.06,2021-09-04,4.78,56.21,51.0,2020-12-11,2.78,OPEN,-9.15,-210.0,4.0,-16.0
-,3303.HK,2020-11-30,HKD,0.51,2021-09-19,0.99,94.12,81.0,2020-12-11,0.5,OPEN,-1.96,-45.0,4.0,-2.0
-,8206.HK,2020-11-30,HKD,0.07,2021-10-14,0.13,85.71,68.0,2020-12-11,0.08,OPEN,14.29,327.0,3.0,17.0
-,0435.HK,2020-11-30,HKD,3.73,2021-05-19,4.1,9.92,15.0,2020-12-11,3.81,OPEN,2.14,49.0,6.0,22.0
-,0778.HK,2020-11-30,HKD,7.08,2021-06-06,7.83,10.59,14.0,2020-12-11,7.24,OPEN,2.26,52.0,6.0,21.0
-,0689.HK,2020-11-30,HKD,0.06,2021-07-21,0.19,216.67,234.0,2020-12-11,0.09,OPEN,50.0,1145.0,5.0,23.0
-,0066.HK,2020-11-30,HKD,42.05,2021-09-18,49.4,17.48,15.0,2020-12-11,43.35,OPEN,3.09,71.0,4.0,18.0
-,0435.HK,2020-11-30,HKD,3.73,2021-07-15,4.13,10.72,12.0,2020-12-11,3.81,OPEN,2.14,49.0,5.0,20.0
-,0992.HK,2020-11-30,HKD,5.53,2021-08-13,6.1,10.31,10.0,2020-12-11,5.89,OPEN,6.51,149.0,4.0,63.0
-,0670.HK,2020-11-30,HKD,3.5,2021-10-18,5.22,49.14,38.0,2020-12-11,3.59,OPEN,2.57,59.0,3.0,5.0
-,2600.HK,2020-11-30,HKD,3.06,2021-05-13,3.47,13.4,21.0,2020-12-11,2.78,OPEN,-9.15,-210.0,7.0,-68.0
-,0689.HK,2020-11-30,HKD,0.06,2021-05-08,0.12,100.0,158.0,2020-12-11,0.09,OPEN,50.0,1145.0,7.0,50.0
-,2018.HK,2020-11-30,HKD,43.4,2021-03-30,46.06,6.13,13.0,2020-12-11,41.2,OPEN,-5.07,-116.0,9.0,-83.0
-,IBB,2020-11-30,USD,144.98,2021-06-02,159.9,10.29,14.0,2020-12-11,150.19,OPEN,3.59,82.0,6.0,35.0
-,VZ,2020-11-30,USD,60.54,2021-03-08,62.3,2.91,7.0,2020-12-11,60.35,OPEN,-0.31,-7.0,11.0,-11.0
-,DHR,2020-11-30,USD,224.8,2021-08-14,5589.97,2386.64,2340.0,2020-12-11,223.75,OPEN,-0.47,-11.0,4.0,-0.0
-,LOW,2020-11-30,USD,155.77,2021-09-14,176.08,13.04,11.0,2020-12-11,157.82,OPEN,1.32,30.0,4.0,10.0
-,DHR,2020-11-30,USD,224.8,2021-06-02,6013.83,2575.19,3527.0,2020-12-11,223.75,OPEN,-0.47,-11.0,6.0,-0.0
-,DHR,2020-11-30,USD,224.8,2021-02-02,5847.0,2500.98,9848.0,2020-12-11,223.75,OPEN,-0.47,-11.0,17.0,-0.0
-,VZ,2020-11-30,USD,60.54,2021-06-06,65.72,8.56,11.0,2020-12-11,60.35,OPEN,-0.31,-7.0,6.0,-4.0
-,IBB,2020-11-30,USD,144.98,2021-03-31,152.82,5.41,11.0,2020-12-11,150.19,OPEN,3.59,82.0,9.0,66.0
-,ASX-WOW,2020-12-01,AUD,37.65,2021-01-31,39.22,4.17,17.0,2020-12-08,39.22,CLOSED,4.17,150.0,11.0,100.0
-,ASX-WOW,2020-12-01,AUD,37.65,2021-04-24,39.87,5.9,10.0,2020-12-09,39.87,CLOSED,5.9,186.0,6.0,100.0
-,0992.HK,2020-12-01,HKD,5.58,2021-01-26,5.72,2.51,11.0,2020-12-04,5.72,CLOSED,2.51,211.0,5.0,100.0
-,0992.HK,2020-12-01,HKD,5.58,2021-02-04,5.8,3.94,15.0,2020-12-07,5.8,CLOSED,3.94,165.0,9.0,100.0
-,ASX-CGC,2020-12-01,AUD,4.08,2021-02-25,5.08,24.51,72.0,2020-12-11,4.01,OPEN,-1.72,-43.0,12.0,-7.0
-,ASX-CGC,2020-12-01,AUD,4.08,2021-06-05,5.83,42.89,58.0,2020-12-11,4.01,OPEN,-1.72,-43.0,5.0,-4.0
-,ASX-SDA,2020-12-01,AUD,0.79,2021-10-28,1.01,27.85,21.0,2020-12-11,0.79,OPEN,0.0,0.0,3.0,0.0
-,ASX-SDA,2020-12-01,AUD,0.79,2021-10-31,0.9,13.92,11.0,2020-12-11,0.79,OPEN,0.0,0.0,3.0,0.0
-,ASX-SDA,2020-12-01,AUD,0.79,2021-02-28,0.91,15.19,43.0,2020-12-11,0.79,OPEN,0.0,0.0,11.0,0.0
-,ASX-SDA,2020-12-01,AUD,0.79,2021-03-23,0.9,13.92,31.0,2020-12-11,0.79,OPEN,0.0,0.0,9.0,0.0
-,ASX-SDA,2020-12-01,AUD,0.79,2021-03-23,0.93,17.72,40.0,2020-12-11,0.79,OPEN,0.0,0.0,9.0,0.0
-,ASX-NXT,2020-12-01,AUD,11.45,2021-10-16,14.71,28.47,22.0,2020-12-11,11.85,OPEN,3.49,88.0,3.0,12.0
-,ASX-NXT,2020-12-01,AUD,11.45,2021-09-24,15.08,31.7,27.0,2020-12-11,11.85,OPEN,3.49,88.0,3.0,11.0
-,ASX-ASX,2020-12-01,AUD,77.2,2021-08-17,89.27,15.63,15.0,2020-12-11,74.89,OPEN,-2.99,-75.0,4.0,-19.0
-,ASX-SDA,2020-12-01,AUD,0.79,2021-10-15,0.98,24.05,19.0,2020-12-11,0.79,OPEN,0.0,0.0,3.0,0.0
-,ASX-CHC,2020-12-01,AUD,14.19,2021-07-08,16.58,16.84,19.0,2020-12-11,14.32,OPEN,0.92,23.0,5.0,5.0
-,ASX-GUD,2020-12-01,AUD,11.43,2021-09-24,14.14,23.71,20.0,2020-12-11,11.27,OPEN,-1.4,-35.0,3.0,-6.0
-,ASX-GUD,2020-12-01,AUD,11.43,2021-11-08,14.83,29.75,22.0,2020-12-11,11.27,OPEN,-1.4,-35.0,3.0,-5.0
-,ASX-CGC,2020-12-01,AUD,4.08,2021-02-07,4.47,9.56,35.0,2020-12-11,4.01,OPEN,-1.72,-43.0,15.0,-18.0
-,ASX-SDA,2020-12-01,AUD,0.79,2021-11-09,0.89,12.66,9.0,2020-12-11,0.79,OPEN,0.0,0.0,3.0,0.0
-,ASX-NST,2020-12-01,AUD,12.86,2021-11-26,21.15,64.46,45.0,2020-12-11,12.39,OPEN,-3.65,-92.0,3.0,-6.0
-,ASX-CMW,2020-12-01,AUD,0.89,2021-08-24,1.06,19.1,18.0,2020-12-11,0.905,OPEN,1.69,43.0,4.0,9.0
-,ASX-NXT,2020-12-01,AUD,11.45,2021-02-07,12.19,6.46,24.0,2020-12-11,11.85,OPEN,3.49,88.0,15.0,54.0
-,ASX-CHC,2020-12-01,AUD,14.19,2021-11-24,15.75,10.99,8.0,2020-12-11,14.32,OPEN,0.92,23.0,3.0,8.0
-,ASX-ASX,2020-12-01,AUD,77.2,2021-04-29,81.45,5.51,9.0,2020-12-11,74.89,OPEN,-2.99,-75.0,7.0,-54.0
-,2318.HK,2020-12-01,HKD,94.3,2021-03-26,109.63,16.26,36.0,2020-12-11,92.7,OPEN,-1.7,-43.0,9.0,-10.0
-,2318.HK,2020-12-01,HKD,94.3,2021-04-20,127.62,35.33,64.0,2020-12-11,92.7,OPEN,-1.7,-43.0,7.0,-5.0
-,2600.HK,2020-12-01,HKD,3.0,2021-09-05,4.69,56.33,51.0,2020-12-11,2.78,OPEN,-7.33,-185.0,4.0,-13.0
-,3303.HK,2020-12-01,HKD,0.51,2021-09-20,0.99,94.12,81.0,2020-12-11,0.5,OPEN,-1.96,-49.0,3.0,-2.0
-,8206.HK,2020-12-01,HKD,0.08,2021-10-15,0.15,87.5,69.0,2020-12-11,0.08,OPEN,0.0,0.0,3.0,0.0
-,8206.HK,2020-12-01,HKD,0.08,2021-03-03,0.11,37.5,103.0,2020-12-11,0.08,OPEN,0.0,0.0,11.0,0.0
-,0992.HK,2020-12-01,HKD,5.58,2021-08-14,6.16,10.39,10.0,2020-12-11,5.89,OPEN,5.56,140.0,4.0,53.0
-,2628.HK,2020-12-01,HKD,18.02,2021-10-25,21.42,18.87,14.0,2020-12-11,17.1,OPEN,-5.11,-129.0,3.0,-27.0
-,2600.HK,2020-12-01,HKD,3.0,2021-05-14,3.4,13.33,20.0,2020-12-11,2.78,OPEN,-7.33,-185.0,6.0,-55.0
-,ASX-EHE,2020-12-02,AUD,1.69,2021-01-14,1.73,2.37,14.0,2020-12-03,1.73,CLOSED,2.37,597.0,2.0,100.0
-,0992.HK,2020-12-02,HKD,5.54,2021-01-27,5.68,2.53,11.0,2020-12-03,5.68,CLOSED,2.53,638.0,2.0,100.0
-,0992.HK,2020-12-02,HKD,5.54,2021-02-05,5.76,3.97,15.0,2020-12-04,5.76,CLOSED,3.97,500.0,3.0,100.0
-,ASX-SDA,2020-12-02,AUD,0.79,2021-10-29,1.01,27.85,21.0,2020-12-11,0.79,OPEN,0.0,0.0,3.0,0.0
-,ASX-SDA,2020-12-02,AUD,0.79,2021-11-01,0.9,13.92,11.0,2020-12-11,0.79,OPEN,0.0,0.0,3.0,0.0
-,ASX-SDA,2020-12-02,AUD,0.79,2021-03-01,0.91,15.19,43.0,2020-12-11,0.79,OPEN,0.0,0.0,10.0,0.0
-,ASX-SDA,2020-12-02,AUD,0.79,2021-03-24,0.9,13.92,31.0,2020-12-11,0.79,OPEN,0.0,0.0,8.0,0.0
-,ASX-SDA,2020-12-02,AUD,0.79,2021-03-24,0.93,17.72,40.0,2020-12-11,0.79,OPEN,0.0,0.0,8.0,0.0
-,ASX-VCX,2020-12-02,AUD,1.7,2021-09-07,2.11,24.12,22.0,2020-12-11,1.67,OPEN,-1.76,-49.0,3.0,-7.0
-,ASX-VCX,2020-12-02,AUD,1.7,2021-04-04,1.8,5.88,12.0,2020-12-11,1.67,OPEN,-1.76,-49.0,7.0,-30.0
-,ASX-ASX,2020-12-02,AUD,77.52,2021-08-18,89.64,15.63,15.0,2020-12-11,74.89,OPEN,-3.39,-95.0,3.0,-22.0
-,ASX-SDA,2020-12-02,AUD,0.79,2021-10-16,0.98,24.05,19.0,2020-12-11,0.79,OPEN,0.0,0.0,3.0,0.0
-,ASX-SUL,2020-12-02,AUD,10.37,2021-08-25,12.48,20.35,19.0,2020-12-11,10.13,OPEN,-2.31,-65.0,3.0,-11.0
-,ASX-DMP,2020-12-02,AUD,81.95,2021-08-08,98.88,20.66,21.0,2020-12-11,85.64,OPEN,4.5,126.0,4.0,22.0
-,ASX-DMP,2020-12-02,AUD,81.95,2021-10-03,106.87,30.41,25.0,2020-12-11,85.64,OPEN,4.5,126.0,3.0,15.0
-,ASX-SDA,2020-12-02,AUD,0.79,2021-11-10,0.89,12.66,9.0,2020-12-11,0.79,OPEN,0.0,0.0,3.0,0.0
-,ASX-DMP,2020-12-02,AUD,81.95,2021-02-18,87.96,7.33,24.0,2020-12-11,85.64,OPEN,4.5,126.0,12.0,61.0
-,ASX-SUL,2020-12-02,AUD,10.37,2021-08-02,12.1,16.68,17.0,2020-12-11,10.13,OPEN,-2.31,-65.0,4.0,-14.0
-,ASX-ASX,2020-12-02,AUD,77.52,2021-04-30,81.78,5.5,9.0,2020-12-11,74.89,OPEN,-3.39,-95.0,6.0,-62.0
-,2318.HK,2020-12-02,HKD,95.05,2021-03-27,110.51,16.27,36.0,2020-12-11,92.7,OPEN,-2.47,-69.0,8.0,-15.0
-,2318.HK,2020-12-02,HKD,95.05,2021-04-21,128.63,35.33,64.0,2020-12-11,92.7,OPEN,-2.47,-69.0,6.0,-7.0
-,2600.HK,2020-12-02,HKD,2.99,2021-09-06,4.67,56.19,51.0,2020-12-11,2.78,OPEN,-7.02,-197.0,3.0,-13.0
-,3303.HK,2020-12-02,HKD,0.51,2021-09-21,0.99,94.12,81.0,2020-12-11,0.5,OPEN,-1.96,-55.0,3.0,-2.0
-,0345.HK,2020-12-02,HKD,31.85,2021-06-17,37.44,17.55,22.0,2020-12-11,31.05,OPEN,-2.51,-70.0,5.0,-14.0
-,0345.HK,2020-12-02,HKD,31.85,2021-07-18,38.62,21.26,23.0,2020-12-11,31.05,OPEN,-2.51,-70.0,4.0,-12.0
-,0992.HK,2020-12-02,HKD,5.54,2021-08-15,6.12,10.47,10.0,2020-12-11,5.89,OPEN,6.32,177.0,4.0,60.0
-,2600.HK,2020-12-02,HKD,2.99,2021-05-15,3.39,13.38,21.0,2020-12-11,2.78,OPEN,-7.02,-197.0,5.0,-53.0
-,CCI,2020-12-02,USD,166.84,2021-06-05,188.03,12.7,17.0,2020-12-11,157.68,OPEN,-5.49,-154.0,5.0,-43.0
-,VZ,2020-12-02,USD,61.36,2021-03-10,63.14,2.9,7.0,2020-12-11,60.35,OPEN,-1.65,-46.0,9.0,-57.0
-,CCI,2020-12-02,USD,166.84,2021-04-03,172.7,3.51,7.0,2020-12-11,157.68,OPEN,-5.49,-154.0,7.0,-156.0
-,VZ,2020-12-02,USD,61.36,2021-06-08,66.61,8.56,11.0,2020-12-11,60.35,OPEN,-1.65,-46.0,5.0,-19.0
-,UNH,2020-12-02,USD,347.71,2021-07-26,365.23,5.04,5.0,2020-12-11,337.07,OPEN,-3.06,-86.0,4.0,-61.0
-,UNH,2020-12-02,USD,347.71,2021-02-25,366.28,5.34,16.0,2020-12-11,337.07,OPEN,-3.06,-86.0,11.0,-57.0
-,CHL,2020-12-02,USD,30.27,2021-05-06,32.76,8.23,13.0,2020-12-11,28.29,OPEN,-6.54,-183.0,6.0,-80.0
-,CCI,2020-12-02,USD,166.84,2021-01-08,171.01,2.5,17.0,2020-12-11,157.68,OPEN,-5.49,-154.0,24.0,-220.0
-,VIX,2020-12-02,USD,21.03,2021-04-26,25.52,21.35,37.0,2020-12-11,23.31,OPEN,10.84,304.0,6.0,51.0
-,ASX-MTS,2020-12-03,AUD,3.1,2021-11-07,3.48,12.26,9.0,2020-12-07,3.48,CLOSED,12.26,772.0,1.0,100.0
-,0992.HK,2020-12-03,HKD,5.66,2021-01-28,5.81,2.65,12.0,2020-12-07,5.81,CLOSED,2.65,167.0,7.0,100.0
-,0992.HK,2020-12-03,HKD,5.66,2021-02-06,5.88,3.89,15.0,2020-12-08,5.88,CLOSED,3.89,196.0,8.0,100.0
-,ASX-SDA,2020-12-03,AUD,0.79,2021-10-30,1.01,27.85,21.0,2020-12-11,0.79,OPEN,0.0,0.0,2.0,0.0
-,ASX-SDA,2020-12-03,AUD,0.79,2021-11-02,0.9,13.92,11.0,2020-12-11,0.79,OPEN,0.0,0.0,2.0,0.0
-,ASX-VCX,2020-12-03,AUD,1.72,2021-07-26,2.04,18.6,20.0,2020-12-11,1.67,OPEN,-2.91,-92.0,3.0,-16.0
-,ASX-SDA,2020-12-03,AUD,0.79,2021-03-02,0.91,15.19,43.0,2020-12-11,0.79,OPEN,0.0,0.0,9.0,0.0
-,ASX-SDA,2020-12-03,AUD,0.79,2021-03-25,0.9,13.92,31.0,2020-12-11,0.79,OPEN,0.0,0.0,7.0,0.0
-,ASX-SDA,2020-12-03,AUD,0.79,2021-03-25,0.93,17.72,40.0,2020-12-11,0.79,OPEN,0.0,0.0,7.0,0.0
-,ASX-VCX,2020-12-03,AUD,1.72,2021-06-19,1.86,8.14,10.0,2020-12-11,1.67,OPEN,-2.91,-92.0,4.0,-36.0
-,ASX-SDA,2020-12-03,AUD,0.79,2021-10-17,0.98,24.05,19.0,2020-12-11,0.79,OPEN,0.0,0.0,3.0,0.0
-,ASX-NCM,2020-12-03,AUD,27.64,2021-10-23,32.21,16.53,13.0,2020-12-11,27.05,OPEN,-2.13,-67.0,2.0,-13.0
-,ASX-SDA,2020-12-03,AUD,0.79,2021-11-11,0.89,12.66,9.0,2020-12-11,0.79,OPEN,0.0,0.0,2.0,0.0
-,2318.HK,2020-12-03,HKD,95.35,2021-03-28,110.85,16.26,36.0,2020-12-11,92.7,OPEN,-2.78,-88.0,7.0,-17.0
-,2318.HK,2020-12-03,HKD,95.35,2021-04-22,129.04,35.33,64.0,2020-12-11,92.7,OPEN,-2.78,-88.0,6.0,-8.0
-,2600.HK,2020-12-03,HKD,2.79,2021-09-07,4.36,56.27,51.0,2020-12-11,2.78,OPEN,-0.36,-11.0,3.0,-1.0
-,3303.HK,2020-12-03,HKD,0.5,2021-09-22,0.97,94.0,81.0,2020-12-11,0.5,OPEN,0.0,0.0,3.0,0.0
-,0823.HK,2020-12-03,HKD,70.8,2021-05-11,81.16,14.63,23.0,2020-12-11,69.65,OPEN,-1.62,-51.0,5.0,-11.0
-,0823.HK,2020-12-03,HKD,70.8,2021-08-09,83.57,18.04,18.0,2020-12-11,69.65,OPEN,-1.62,-51.0,3.0,-9.0
-,0066.HK,2020-12-03,HKD,42.95,2021-09-21,50.46,17.49,15.0,2020-12-11,43.35,OPEN,0.93,29.0,3.0,5.0
-,0052.HK,2020-12-03,HKD,18.2,2021-09-07,21.7,19.23,17.0,2020-12-11,17.98,OPEN,-1.21,-38.0,3.0,-6.0
-,0992.HK,2020-12-03,HKD,5.66,2021-08-16,6.25,10.42,10.0,2020-12-11,5.89,OPEN,4.06,128.0,3.0,39.0
-,0823.HK,2020-12-03,HKD,70.8,2021-02-27,74.14,4.72,14.0,2020-12-11,69.65,OPEN,-1.62,-51.0,9.0,-34.0
-,2600.HK,2020-12-03,HKD,2.79,2021-05-16,3.16,13.26,20.0,2020-12-11,2.78,OPEN,-0.36,-11.0,5.0,-3.0
-,0861.HK,2020-12-03,HKD,6.21,2021-07-24,6.95,11.92,13.0,2020-12-11,6.5,OPEN,4.67,147.0,3.0,39.0
-,JNJ,2020-12-03,USD,149.0,2021-08-20,160.26,7.56,7.0,2020-12-11,152.95,OPEN,2.65,83.0,3.0,35.0
-,AGN,2020-12-03,USD,0.4,2021-03-13,0.51,27.5,69.0,2020-12-11,0.44,OPEN,10.0,315.0,8.0,36.0
-,AGN,2020-12-03,USD,0.4,2021-05-03,0.51,27.5,46.0,2020-12-11,0.44,OPEN,10.0,315.0,5.0,36.0
-,DHR,2020-12-03,USD,223.38,2021-05-06,242.41,8.52,14.0,2020-12-11,223.75,OPEN,0.17,5.0,5.0,2.0
-,VZ,2020-12-03,USD,61.75,2021-03-11,63.54,2.9,7.0,2020-12-11,60.35,OPEN,-2.27,-72.0,8.0,-78.0
-,ZNH,2020-12-03,USD,33.81,2021-09-15,43.16,27.65,24.0,2020-12-11,31.38,OPEN,-7.19,-226.0,3.0,-26.0
-,SO,2020-12-03,USD,61.88,2021-07-12,65.58,5.98,7.0,2020-12-11,60.42,OPEN,-2.36,-74.0,4.0,-39.0
-,DHR,2020-12-03,USD,223.38,2021-04-18,235.93,5.62,10.0,2020-12-11,223.75,OPEN,0.17,5.0,6.0,3.0
-,VZ,2020-12-03,USD,61.75,2021-06-09,67.04,8.57,11.0,2020-12-11,60.35,OPEN,-2.27,-72.0,4.0,-26.0
-,0992.HK,2020-12-04,HKD,5.71,2021-01-29,5.86,2.63,12.0,2020-12-08,5.86,CLOSED,2.63,166.0,7.0,100.0
-,MO,2020-12-04,USD,41.37,2021-03-15,42.58,2.92,7.0,2020-12-09,42.58,CLOSED,2.92,147.0,5.0,100.0
-,ASX-SDA,2020-12-04,AUD,0.79,2021-10-31,1.01,27.85,21.0,2020-12-11,0.79,OPEN,0.0,0.0,2.0,0.0
-,ASX-SDA,2020-12-04,AUD,0.79,2021-11-03,0.9,13.92,11.0,2020-12-11,0.79,OPEN,0.0,0.0,2.0,0.0
-,ASX-MPL,2020-12-04,AUD,2.84,2021-05-09,3.16,11.27,18.0,2020-12-11,2.83,OPEN,-0.35,-13.0,4.0,-3.0
-,ASX-MPL,2020-12-04,AUD,2.84,2021-06-12,3.47,22.18,29.0,2020-12-11,2.83,OPEN,-0.35,-13.0,4.0,-2.0
-,ASX-SDA,2020-12-04,AUD,0.79,2021-03-03,0.91,15.19,43.0,2020-12-11,0.79,OPEN,0.0,0.0,8.0,0.0
-,ASX-SDA,2020-12-04,AUD,0.79,2021-03-26,0.9,13.92,31.0,2020-12-11,0.79,OPEN,0.0,0.0,6.0,0.0
-,ASX-SDA,2020-12-04,AUD,0.79,2021-03-26,0.93,17.72,40.0,2020-12-11,0.79,OPEN,0.0,0.0,6.0,0.0
-,ASX-A2M,2020-12-04,AUD,13.48,2021-08-23,23.06,71.07,68.0,2020-12-11,13.06,OPEN,-3.12,-112.0,3.0,-4.0
-,ASX-ABC,2020-12-04,AUD,3.23,2021-09-04,3.79,17.34,16.0,2020-12-11,3.23,OPEN,0.0,0.0,3.0,0.0
-,ASX-TCL,2020-12-04,AUD,13.89,2021-11-27,16.0,15.19,11.0,2020-12-11,13.64,OPEN,-1.8,-65.0,2.0,-12.0
-,ASX-SDA,2020-12-04,AUD,0.79,2021-10-18,0.98,24.05,19.0,2020-12-11,0.79,OPEN,0.0,0.0,2.0,0.0
-,ASX-IGO,2020-12-04,AUD,5.09,2021-09-30,6.69,31.43,26.0,2020-12-11,6.32,OPEN,24.17,870.0,2.0,77.0
-,ASX-CCL,2020-12-04,AUD,12.75,2021-08-24,14.23,11.61,11.0,2020-12-11,12.76,OPEN,0.08,3.0,3.0,1.0
-,ASX-A2M,2020-12-04,AUD,13.48,2021-02-05,15.27,13.28,53.0,2020-12-11,13.06,OPEN,-3.12,-112.0,11.0,-23.0
-,ASX-A2M,2020-12-04,AUD,13.48,2021-02-10,15.64,16.02,59.0,2020-12-11,13.06,OPEN,-3.12,-112.0,10.0,-19.0
-,ASX-A2M,2020-12-04,AUD,13.48,2021-04-25,16.97,25.89,46.0,2020-12-11,13.06,OPEN,-3.12,-112.0,5.0,-12.0
-,ASX-CAR,2020-12-04,AUD,19.81,2021-02-02,21.42,8.13,34.0,2020-12-11,19.17,OPEN,-3.23,-116.0,12.0,-40.0
-,ASX-CAR,2020-12-04,AUD,19.81,2021-03-22,22.2,12.06,28.0,2020-12-11,19.17,OPEN,-3.23,-116.0,6.0,-27.0
-,ASX-MQG,2020-12-04,AUD,141.82,2021-09-03,163.73,15.45,14.0,2020-12-11,138.08,OPEN,-2.64,-95.0,3.0,-17.0
-,ASX-SDA,2020-12-04,AUD,0.79,2021-11-12,0.89,12.66,9.0,2020-12-11,0.79,OPEN,0.0,0.0,2.0,0.0
-,ASX-CCL,2020-12-04,AUD,12.75,2021-03-07,13.15,3.14,9.0,2020-12-11,12.76,OPEN,0.08,3.0,8.0,2.0
-,2318.HK,2020-12-04,HKD,97.85,2021-03-29,113.76,16.26,36.0,2020-12-11,92.7,OPEN,-5.26,-189.0,6.0,-32.0
-,2318.HK,2020-12-04,HKD,97.85,2021-04-23,132.42,35.33,64.0,2020-12-11,92.7,OPEN,-5.26,-189.0,5.0,-15.0
-,2600.HK,2020-12-04,HKD,2.84,2021-09-08,4.44,56.34,51.0,2020-12-11,2.78,OPEN,-2.11,-76.0,3.0,-4.0
-,3303.HK,2020-12-04,HKD,0.52,2021-09-23,1.01,94.23,81.0,2020-12-11,0.5,OPEN,-3.85,-139.0,2.0,-4.0
-,0083.HK,2020-12-04,HKD,10.34,2021-10-30,11.85,14.6,11.0,2020-12-11,10.56,OPEN,2.13,77.0,2.0,15.0
-,0992.HK,2020-12-04,HKD,5.71,2021-08-17,6.3,10.33,10.0,2020-12-11,5.89,OPEN,3.15,113.0,3.0,31.0
-,0173.HK,2020-12-04,HKD,3.88,2021-10-29,4.92,26.8,21.0,2020-12-11,3.85,OPEN,-0.77,-28.0,2.0,-3.0
-,2600.HK,2020-12-04,HKD,2.84,2021-05-17,3.22,13.38,21.0,2020-12-11,2.78,OPEN,-2.11,-76.0,4.0,-16.0
-,0992.HK,2020-12-04,HKD,5.71,2021-02-07,5.93,3.85,15.0,2020-12-11,5.89,OPEN,3.15,113.0,11.0,82.0
-,PM,2020-12-04,USD,80.75,2021-09-05,89.57,10.92,10.0,2020-12-11,85.0,OPEN,5.26,189.0,3.0,48.0
-,MO,2020-12-04,USD,41.37,2021-07-08,46.91,13.39,16.0,2020-12-11,43.0,OPEN,3.94,142.0,3.0,29.0
-,AGN,2020-12-04,USD,0.41,2021-05-04,0.53,29.27,49.0,2020-12-11,0.44,OPEN,7.32,264.0,5.0,25.0
-,BAX,2020-12-04,USD,78.0,2021-08-12,86.81,11.29,11.0,2020-12-11,79.34,OPEN,1.72,62.0,3.0,15.0
-,VZ,2020-12-04,USD,61.55,2021-03-12,63.33,2.89,7.0,2020-12-11,60.35,OPEN,-1.95,-70.0,7.0,-67.0
-,EQR,2020-12-04,USD,63.37,2021-08-17,69.31,9.37,9.0,2020-12-11,58.94,OPEN,-6.99,-252.0,3.0,-75.0
-,VHT,2020-12-04,USD,221.09,2021-02-28,227.55,2.92,9.0,2020-12-11,220.52,OPEN,-0.26,-9.0,8.0,-9.0
-,AAPL,2020-12-04,USD,122.25,2021-06-29,137.82,12.74,16.0,2020-12-11,122.41,OPEN,0.13,5.0,3.0,1.0
-,VZ,2020-12-04,USD,61.55,2021-06-10,66.82,8.56,11.0,2020-12-11,60.35,OPEN,-1.95,-70.0,4.0,-23.0
-,MO,2020-12-04,USD,41.37,2021-08-05,45.41,9.77,10.0,2020-12-11,43.0,OPEN,3.94,142.0,3.0,40.0
-,LVS,2020-12-04,USD,60.11,2021-08-23,74.83,24.49,24.0,2020-12-11,56.75,OPEN,-5.59,-201.0,3.0,-23.0
-,CAT,2020-12-04,USD,182.21,2021-09-19,201.78,10.74,9.0,2020-12-11,179.29,OPEN,-1.6,-58.0,2.0,-15.0
-,BAX,2020-12-04,USD,78.0,2021-03-02,80.98,3.82,11.0,2020-12-11,79.34,OPEN,1.72,62.0,8.0,45.0
-,VHT,2020-12-04,USD,221.09,2021-04-15,229.73,3.91,7.0,2020-12-11,220.52,OPEN,-0.26,-9.0,5.0,-7.0
-,PM,2020-12-04,USD,80.75,2021-10-13,89.78,11.18,9.0,2020-12-11,85.0,OPEN,5.26,189.0,2.0,47.0
-,AAPL,2020-12-04,USD,122.25,2021-07-23,143.8,17.63,19.0,2020-12-11,122.41,OPEN,0.13,5.0,3.0,1.0
+,0992.HK,2020-12-07,HKD,5.74,2021-02-01,5.89,2.61,12.0,2020-12-11,5.89,CLOSED,2.61,164.0,7.0,100.0
-,ASX-PGH,2020-12-07,AUD,2.59,2021-07-09,2.98,15.06,18.0,2020-12-11,2.53,OPEN,-2.32,-146.0,2.0,-15.0
-,ASX-SDA,2020-12-07,AUD,0.79,2021-11-03,1.01,27.85,21.0,2020-12-11,0.79,OPEN,0.0,0.0,1.0,0.0
-,ASX-SDA,2020-12-07,AUD,0.79,2021-11-06,0.9,13.92,11.0,2020-12-11,0.79,OPEN,0.0,0.0,1.0,0.0
-,ASX-AWC,2020-12-07,AUD,1.91,2021-08-25,2.39,25.13,24.0,2020-12-11,1.915,OPEN,0.26,16.0,2.0,1.0
-,ASX-SDA,2020-12-07,AUD,0.79,2021-03-06,0.91,15.19,43.0,2020-12-11,0.79,OPEN,0.0,0.0,4.0,0.0
-,ASX-SDA,2020-12-07,AUD,0.79,2021-03-29,0.9,13.92,31.0,2020-12-11,0.79,OPEN,0.0,0.0,4.0,0.0
-,ASX-SDA,2020-12-07,AUD,0.79,2021-03-29,0.93,17.72,40.0,2020-12-11,0.79,OPEN,0.0,0.0,4.0,0.0
-,ASX-SCG,2020-12-07,AUD,2.94,2021-06-04,3.24,10.2,14.0,2020-12-11,2.77,OPEN,-5.78,-364.0,2.0,-57.0
-,ASX-SDA,2020-12-07,AUD,0.79,2021-10-21,0.98,24.05,19.0,2020-12-11,0.79,OPEN,0.0,0.0,1.0,0.0
-,ASX-CHC,2020-12-07,AUD,14.5,2021-07-05,16.76,15.59,19.0,2020-12-11,14.32,OPEN,-1.24,-78.0,2.0,-8.0
-,ASX-CCL,2020-12-07,AUD,12.76,2021-08-27,14.24,11.6,11.0,2020-12-11,12.76,OPEN,0.0,0.0,2.0,0.0
-,ASX-AWC,2020-12-07,AUD,1.91,2021-06-20,2.25,17.8,23.0,2020-12-11,1.915,OPEN,0.26,16.0,2.0,1.0
-,ASX-SCG,2020-12-07,AUD,2.94,2021-01-24,3.03,3.06,16.0,2020-12-11,2.77,OPEN,-5.78,-364.0,8.0,-189.0
-,ASX-SUN,2020-12-07,AUD,10.2,2021-07-19,10.62,4.12,5.0,2020-12-11,10.02,OPEN,-1.76,-111.0,2.0,-43.0
-,ASX-ARB,2020-12-07,AUD,29.14,2021-05-28,32.46,11.39,17.0,2020-12-11,29.5,OPEN,1.24,78.0,2.0,11.0
-,ASX-DMP,2020-12-07,AUD,84.09,2021-08-13,100.89,19.98,20.0,2020-12-11,85.64,OPEN,1.84,116.0,2.0,9.0
-,ASX-MYX,2020-12-07,AUD,0.38,2021-07-04,0.53,39.47,48.0,2020-12-11,0.37,OPEN,-2.63,-166.0,2.0,-7.0
-,ASX-SKI,2020-12-07,AUD,2.09,2021-06-16,2.28,9.09,12.0,2020-12-11,2.14,OPEN,2.39,151.0,2.0,26.0
-,ASX-WOW,2020-12-07,AUD,38.45,2021-11-13,41.91,9.0,7.0,2020-12-11,38.91,OPEN,1.2,76.0,1.0,13.0
-,INDEXASX-XJO,2020-12-07,USD,6675.0,2021-04-27,6904.62,3.44,6.0,2020-12-11,6642.6,OPEN,-0.49,-31.0,3.0,-14.0
-,ASX-ARB,2020-12-07,AUD,29.14,2021-02-14,30.85,5.87,21.0,2020-12-11,29.5,OPEN,1.24,78.0,6.0,21.0
-,ASX-DMP,2020-12-07,AUD,84.09,2021-09-24,106.19,26.28,23.0,2020-12-11,85.64,OPEN,1.84,116.0,1.0,7.0
-,ASX-SDA,2020-12-07,AUD,0.79,2021-11-15,0.89,12.66,9.0,2020-12-11,0.79,OPEN,0.0,0.0,1.0,0.0
-,STW,2020-12-07,USD,62.15,2021-05-18,64.11,3.15,5.0,2020-12-11,61.84,OPEN,-0.5,-32.0,2.0,-16.0
-,ASX-NUF,2020-12-07,AUD,4.3,2021-11-15,4.98,15.81,12.0,2020-12-11,4.25,OPEN,-1.16,-73.0,1.0,-7.0
-,INDEXASX-XJO,2020-12-07,USD,6675.0,2021-07-03,7024.77,5.24,6.0,2020-12-11,6642.6,OPEN,-0.49,-31.0,2.0,-9.0
-,STW,2020-12-07,USD,62.15,2021-07-01,64.1,3.14,4.0,2020-12-11,61.84,OPEN,-0.5,-32.0,2.0,-16.0
-,ASX-GEM,2020-12-07,AUD,1.29,2021-05-18,1.72,33.33,52.0,2020-12-11,1.2,OPEN,-6.98,-440.0,2.0,-21.0
-,INDEXASX-XJO,2020-12-07,USD,6675.0,2021-02-09,6771.79,1.45,6.0,2020-12-11,6642.6,OPEN,-0.49,-31.0,6.0,-33.0
-,ASX-DMP,2020-12-07,AUD,84.09,2021-02-21,90.39,7.49,25.0,2020-12-11,85.64,OPEN,1.84,116.0,5.0,25.0
-,ASX-CCL,2020-12-07,AUD,12.76,2021-03-10,13.16,3.13,8.0,2020-12-11,12.76,OPEN,0.0,0.0,4.0,0.0
-,ASX-MYX,2020-12-07,AUD,0.38,2021-07-16,0.48,26.32,30.0,2020-12-11,0.37,OPEN,-2.63,-166.0,2.0,-10.0
-,ASX-GNC,2020-12-07,AUD,4.45,2021-11-19,4.98,11.91,9.0,2020-12-11,4.38,OPEN,-1.57,-99.0,1.0,-13.0
-,ASX-SVW,2020-12-07,AUD,22.84,2021-10-20,25.44,11.38,9.0,2020-12-11,23.37,OPEN,2.32,146.0,1.0,20.0
-,ASX-SUN,2020-12-07,AUD,10.2,2021-03-06,10.45,2.45,7.0,2020-12-11,10.02,OPEN,-1.76,-111.0,4.0,-72.0
-,0288.HK,2020-12-07,HKD,6.75,2021-05-26,7.8,15.56,23.0,2020-12-11,6.51,OPEN,-3.56,-224.0,2.0,-23.0
-,0288.HK,2020-12-07,HKD,6.75,2021-03-21,8.19,21.33,52.0,2020-12-11,6.51,OPEN,-3.56,-224.0,4.0,-17.0
-,2318.HK,2020-12-07,HKD,96.55,2021-04-01,112.25,16.26,36.0,2020-12-11,92.7,OPEN,-3.99,-251.0,3.0,-25.0
-,2318.HK,2020-12-07,HKD,96.55,2021-04-26,130.66,35.33,64.0,2020-12-11,92.7,OPEN,-3.99,-251.0,3.0,-11.0
-,2600.HK,2020-12-07,HKD,2.86,2021-09-11,4.47,56.29,51.0,2020-12-11,2.78,OPEN,-2.8,-176.0,1.0,-5.0
-,1299.HK,2020-12-07,HKD,87.95,2021-06-05,97.91,11.32,16.0,2020-12-11,89.25,OPEN,1.48,93.0,2.0,13.0
-,0017.HK,2020-12-07,HKD,37.6,2021-06-11,44.2,17.55,24.0,2020-12-11,37.7,OPEN,0.27,17.0,2.0,2.0
-,3898.HK,2020-12-07,HKD,26.45,2021-06-10,36.4,37.62,51.0,2020-12-11,24.6,OPEN,-6.99,-440.0,2.0,-19.0
-,0700.HK,2020-12-07,HKD,583.5,2021-05-13,714.26,22.41,36.0,2020-12-11,588.0,OPEN,0.77,49.0,3.0,3.0
-,0700.HK,2020-12-07,HKD,583.5,2021-06-24,728.44,24.84,31.0,2020-12-11,588.0,OPEN,0.77,49.0,2.0,3.0
-,0992.HK,2020-12-07,HKD,5.74,2021-08-20,6.34,10.45,10.0,2020-12-11,5.89,OPEN,2.61,164.0,2.0,25.0
-,1299.HK,2020-12-07,HKD,87.95,2021-03-29,93.1,5.86,13.0,2020-12-11,89.25,OPEN,1.48,93.0,4.0,25.0
-,3898.HK,2020-12-07,HKD,26.45,2021-08-25,35.68,34.9,34.0,2020-12-11,24.6,OPEN,-6.99,-440.0,2.0,-20.0
-,1881.HK,2020-12-07,HKD,1.38,2021-06-28,1.5,8.7,11.0,2020-12-11,1.38,OPEN,0.0,0.0,2.0,0.0
-,0341.HK,2020-12-07,HKD,17.5,2021-08-26,19.12,9.26,9.0,2020-12-11,17.88,OPEN,2.17,137.0,2.0,23.0
-,0288.HK,2020-12-07,HKD,6.75,2021-03-08,7.12,5.48,15.0,2020-12-11,6.51,OPEN,-3.56,-224.0,4.0,-65.0
-,2600.HK,2020-12-07,HKD,2.86,2021-05-20,3.24,13.29,20.0,2020-12-11,2.78,OPEN,-2.8,-176.0,2.0,-21.0
-,0200.HK,2020-12-07,HKD,16.04,2021-06-23,20.53,27.99,36.0,2020-12-11,15.5,OPEN,-3.37,-212.0,2.0,-12.0
-,0992.HK,2020-12-07,HKD,5.74,2021-02-10,5.97,4.01,16.0,2020-12-11,5.89,OPEN,2.61,164.0,6.0,65.0
-,AWK,2020-12-07,USD,150.32,2021-07-07,172.97,15.07,18.0,2020-12-11,148.28,OPEN,-1.36,-86.0,2.0,-9.0
-,AWK,2020-12-07,USD,150.32,2021-04-12,164.45,9.4,19.0,2020-12-11,148.28,OPEN,-1.36,-86.0,3.0,-14.0
-,KO,2020-12-07,USD,52.99,2021-07-19,57.02,7.61,9.0,2020-12-11,53.35,OPEN,0.68,43.0,2.0,9.0
-,AGN,2020-12-07,USD,0.41,2021-05-07,0.53,29.27,49.0,2020-12-11,0.44,OPEN,7.32,461.0,3.0,25.0
-,KO,2020-12-07,USD,52.99,2021-11-09,58.51,10.42,8.0,2020-12-11,53.35,OPEN,0.68,43.0,1.0,7.0
-,TRV,2020-12-07,USD,133.88,2021-08-27,144.16,7.68,7.0,2020-12-11,134.95,OPEN,0.8,50.0,2.0,10.0
-,VZ,2020-12-07,USD,61.35,2021-03-15,63.13,2.9,7.0,2020-12-11,60.35,OPEN,-1.63,-103.0,4.0,-56.0
-,NOV,2020-12-07,USD,14.02,2021-11-22,16.72,19.26,14.0,2020-12-11,14.32,OPEN,2.14,135.0,1.0,11.0
-,AWK,2020-12-07,USD,150.32,2021-02-14,157.93,5.06,18.0,2020-12-11,148.28,OPEN,-1.36,-86.0,6.0,-27.0
-,IYH,2020-12-07,USD,242.13,2021-03-07,249.83,3.18,9.0,2020-12-11,242.29,OPEN,0.07,4.0,4.0,2.0
-,VZ,2020-12-07,USD,61.35,2021-06-13,66.6,8.56,11.0,2020-12-11,60.35,OPEN,-1.63,-103.0,2.0,-19.0
-,AVB,2020-12-07,USD,172.69,2021-06-25,183.21,6.09,8.0,2020-12-11,162.36,OPEN,-5.98,-377.0,2.0,-98.0
-,BXP,2020-12-07,USD,102.95,2021-10-29,108.54,5.43,4.0,2020-12-11,99.98,OPEN,-2.88,-181.0,1.0,-53.0
-,IYH,2020-12-07,USD,242.13,2021-07-17,252.71,4.37,5.0,2020-12-11,242.29,OPEN,0.07,4.0,2.0,2.0
-,KO,2020-12-07,USD,52.99,2021-04-09,54.24,2.36,5.0,2020-12-11,53.35,OPEN,0.68,43.0,3.0,29.0
-,D,2020-12-07,USD,76.14,2021-05-14,80.02,5.1,8.0,2020-12-11,74.91,OPEN,-1.62,-102.0,3.0,-32.0
+,0992.HK,2020-12-08,HKD,5.74,2021-02-02,5.89,2.61,12.0,2020-12-11,5.89,CLOSED,2.61,219.0,5.0,100.0
-,ASX-SDA,2020-12-08,AUD,0.79,2021-11-04,1.01,27.85,21.0,2020-12-11,0.79,OPEN,0.0,0.0,1.0,0.0
-,ASX-SDA,2020-12-08,AUD,0.79,2021-11-07,0.9,13.92,11.0,2020-12-11,0.79,OPEN,0.0,0.0,1.0,0.0
-,ASX-SDA,2020-12-08,AUD,0.79,2021-03-07,0.91,15.19,43.0,2020-12-11,0.79,OPEN,0.0,0.0,3.0,0.0
-,ASX-SDA,2020-12-08,AUD,0.79,2021-03-30,0.9,13.92,31.0,2020-12-11,0.79,OPEN,0.0,0.0,3.0,0.0
-,ASX-SDA,2020-12-08,AUD,0.79,2021-03-30,0.93,17.72,40.0,2020-12-11,0.79,OPEN,0.0,0.0,3.0,0.0
-,ASX-APA,2020-12-08,AUD,10.26,2021-09-04,12.08,17.74,17.0,2020-12-11,10.24,OPEN,-0.19,-16.0,1.0,-1.0
-,ASX-ABC,2020-12-08,AUD,3.22,2021-10-12,3.81,18.32,15.0,2020-12-11,3.23,OPEN,0.31,26.0,1.0,2.0
-,ASX-BAP,2020-12-08,AUD,6.94,2021-09-12,9.23,33.0,30.0,2020-12-11,7.04,OPEN,1.44,121.0,1.0,4.0
-,ASX-SDA,2020-12-08,AUD,0.79,2021-10-22,0.98,24.05,19.0,2020-12-11,0.79,OPEN,0.0,0.0,1.0,0.0
-,ASX-ANZ,2020-12-08,AUD,23.4,2021-06-02,25.38,8.46,12.0,2020-12-11,22.94,OPEN,-1.97,-165.0,2.0,-23.0
-,ASX-BAP,2020-12-08,AUD,6.94,2021-04-09,7.77,11.96,25.0,2020-12-11,7.04,OPEN,1.44,121.0,2.0,12.0
-,ASX-CIM,2020-12-08,AUD,26.37,2021-11-14,27.38,3.83,3.0,2020-12-11,25.86,OPEN,-1.93,-162.0,1.0,-50.0
-,ASX-APA,2020-12-08,AUD,10.26,2021-04-11,11.21,9.26,19.0,2020-12-11,10.24,OPEN,-0.19,-16.0,2.0,-2.0
-,ASX-SDA,2020-12-08,AUD,0.79,2021-11-16,0.89,12.66,9.0,2020-12-11,0.79,OPEN,0.0,0.0,1.0,0.0
-,ASX-ANZ,2020-12-08,AUD,23.4,2021-03-26,24.44,4.44,10.0,2020-12-11,22.94,OPEN,-1.97,-165.0,3.0,-44.0
-,ASX-IVC,2020-12-08,AUD,11.59,2021-05-02,12.0,3.54,6.0,2020-12-11,11.38,OPEN,-1.81,-152.0,2.0,-51.0
-,ASX-IVC,2020-12-08,AUD,11.59,2021-05-02,12.0,3.54,6.0,2020-12-11,11.38,OPEN,-1.81,-152.0,2.0,-51.0
-,ASX-BAP,2020-12-08,AUD,6.94,2021-02-28,7.56,8.93,27.0,2020-12-11,7.04,OPEN,1.44,121.0,4.0,16.0
-,ASX-SHL,2020-12-08,AUD,32.23,2021-04-29,35.02,8.66,15.0,2020-12-11,32.72,OPEN,1.52,128.0,2.0,18.0
-,ASX-SHL,2020-12-08,AUD,32.23,2021-02-25,33.45,3.79,12.0,2020-12-11,32.72,OPEN,1.52,128.0,4.0,40.0
-,2318.HK,2020-12-08,HKD,93.25,2021-04-02,108.41,16.26,36.0,2020-12-11,92.7,OPEN,-0.59,-50.0,3.0,-4.0
-,2318.HK,2020-12-08,HKD,93.25,2021-04-27,126.2,35.34,64.0,2020-12-11,92.7,OPEN,-0.59,-50.0,2.0,-2.0
-,2600.HK,2020-12-08,HKD,2.81,2021-09-12,4.39,56.23,51.0,2020-12-11,2.78,OPEN,-1.07,-90.0,1.0,-2.0
-,2638.HK,2020-12-08,HKD,7.74,2021-10-30,8.67,12.02,9.0,2020-12-11,7.71,OPEN,-0.39,-33.0,1.0,-3.0
-,2638.HK,2020-12-08,HKD,7.74,2021-11-24,8.7,12.4,9.0,2020-12-11,7.71,OPEN,-0.39,-33.0,1.0,-3.0
-,0992.HK,2020-12-08,HKD,5.74,2021-08-21,6.34,10.45,10.0,2020-12-11,5.89,OPEN,2.61,219.0,1.0,25.0
-,2600.HK,2020-12-08,HKD,2.81,2021-05-21,3.18,13.17,20.0,2020-12-11,2.78,OPEN,-1.07,-90.0,2.0,-8.0
-,2638.HK,2020-12-08,HKD,7.74,2021-04-12,8.03,3.75,8.0,2020-12-11,7.71,OPEN,-0.39,-33.0,2.0,-10.0
-,0992.HK,2020-12-08,HKD,5.74,2021-02-11,5.97,4.01,16.0,2020-12-11,5.89,OPEN,2.61,219.0,5.0,65.0
-,AGN,2020-12-08,USD,0.4,2021-05-08,0.51,27.5,46.0,2020-12-11,0.44,OPEN,10.0,840.0,2.0,36.0
-,ESS,2020-12-08,USD,252.49,2021-05-29,271.07,7.36,11.0,2020-12-11,243.94,OPEN,-3.39,-285.0,2.0,-46.0
-,VTR,2020-12-08,USD,49.11,2021-06-20,53.94,9.84,13.0,2020-12-11,49.05,OPEN,-0.12,-10.0,2.0,-1.0
-,ITA,2020-12-08,USD,96.95,2021-01-16,109.97,13.43,87.0,2020-12-11,96.23,OPEN,-0.74,-62.0,8.0,-6.0
-,AGN,2020-12-08,USD,0.4,2021-03-21,0.51,27.5,67.0,2020-12-11,0.44,OPEN,10.0,840.0,3.0,36.0
-,EOG,2020-12-08,USD,52.15,2021-07-24,59.26,13.63,15.0,2020-12-11,53.6,OPEN,2.78,234.0,1.0,20.0
-,VZ,2020-12-08,USD,61.45,2021-03-16,63.23,2.9,7.0,2020-12-11,60.35,OPEN,-1.79,-150.0,3.0,-62.0
-,XLV,2020-12-08,USD,112.71,2021-09-20,119.47,6.0,5.0,2020-12-11,111.68,OPEN,-0.91,-76.0,1.0,-15.0
-,ITA,2020-12-08,USD,96.95,2021-10-10,123.81,27.71,23.0,2020-12-11,96.23,OPEN,-0.74,-62.0,1.0,-3.0
-,ESS,2020-12-08,USD,252.49,2021-11-19,286.02,13.28,10.0,2020-12-11,243.94,OPEN,-3.39,-285.0,1.0,-25.0
-,XLV,2020-12-08,USD,112.71,2021-04-17,116.45,3.32,6.0,2020-12-11,111.68,OPEN,-0.91,-76.0,2.0,-28.0
-,LNVGY,2020-12-08,USD,14.94,2021-09-26,18.52,23.96,21.0,2020-12-11,15.11,OPEN,1.14,96.0,1.0,5.0
-,ITA,2020-12-08,USD,96.95,2021-07-28,107.25,10.62,12.0,2020-12-11,96.23,OPEN,-0.74,-62.0,1.0,-7.0
-,VZ,2020-12-08,USD,61.45,2021-06-14,66.71,8.56,11.0,2020-12-11,60.35,OPEN,-1.79,-150.0,2.0,-21.0
-,ESS,2020-12-08,USD,252.49,2021-04-12,262.51,3.97,8.0,2020-12-11,243.94,OPEN,-3.39,-285.0,2.0,-85.0
-,ITA,2020-12-08,USD,96.95,2021-11-09,132.63,36.8,28.0,2020-12-11,96.23,OPEN,-0.74,-62.0,1.0,-2.0
-,VTR,2020-12-08,USD,49.11,2021-04-25,51.45,4.76,9.0,2020-12-11,49.05,OPEN,-0.12,-10.0,2.0,-3.0
+,0992.HK,2020-12-09,HKD,5.72,2021-02-03,5.87,2.62,12.0,2020-12-11,5.87,CLOSED,2.62,330.0,4.0,100.0
-,ASX-SDA,2020-12-09,AUD,0.79,2021-11-05,1.01,27.85,21.0,2020-12-11,0.79,OPEN,0.0,0.0,1.0,0.0
-,ASX-SDA,2020-12-09,AUD,0.79,2021-11-08,0.9,13.92,11.0,2020-12-11,0.79,OPEN,0.0,0.0,1.0,0.0
-,ASX-SDA,2020-12-09,AUD,0.79,2021-03-08,0.91,15.19,43.0,2020-12-11,0.79,OPEN,0.0,0.0,2.0,0.0
-,ASX-SDA,2020-12-09,AUD,0.79,2021-03-31,0.9,13.92,31.0,2020-12-11,0.79,OPEN,0.0,0.0,2.0,0.0
-,ASX-SDA,2020-12-09,AUD,0.79,2021-03-31,0.93,17.72,40.0,2020-12-11,0.79,OPEN,0.0,0.0,2.0,0.0
-,ASX-CNU,2020-12-09,AUD,7.54,2021-10-25,10.11,34.08,27.0,2020-12-11,7.37,OPEN,-2.25,-284.0,1.0,-7.0
-,ASX-IVC,2020-12-09,AUD,11.77,2021-05-30,12.91,9.69,14.0,2020-12-11,11.38,OPEN,-3.31,-417.0,1.0,-34.0
-,ASX-IVC,2020-12-09,AUD,11.77,2021-05-30,12.91,9.69,14.0,2020-12-11,11.38,OPEN,-3.31,-417.0,1.0,-34.0
-,ASX-SDA,2020-12-09,AUD,0.79,2021-10-23,0.98,24.05,19.0,2020-12-11,0.79,OPEN,0.0,0.0,1.0,0.0
-,ASX-RHC,2020-12-09,AUD,65.44,2021-06-26,72.3,10.48,13.0,2020-12-11,63.24,OPEN,-3.36,-423.0,1.0,-32.0
-,ASX-GUD,2020-12-09,AUD,11.18,2021-10-02,13.83,23.7,20.0,2020-12-11,11.27,OPEN,0.81,102.0,1.0,3.0
-,ASX-GUD,2020-12-09,AUD,11.18,2021-11-16,14.51,29.79,22.0,2020-12-11,11.27,OPEN,0.81,102.0,1.0,3.0
-,ASX-NEC,2020-12-09,AUD,2.48,2021-12-05,2.99,20.56,14.0,2020-12-11,2.37,OPEN,-4.44,-559.0,1.0,-22.0
-,ASX-CBA,2020-12-09,AUD,83.18,2021-05-23,88.94,6.92,11.0,2020-12-11,82.39,OPEN,-0.95,-120.0,1.0,-14.0
-,ASX-RHC,2020-12-09,AUD,65.44,2021-04-26,69.96,6.91,13.0,2020-12-11,63.24,OPEN,-3.36,-423.0,1.0,-49.0
-,ASX-SUL,2020-12-09,AUD,10.26,2021-08-21,12.36,20.47,20.0,2020-12-11,10.13,OPEN,-1.27,-160.0,1.0,-6.0
-,ASX-SUL,2020-12-09,AUD,10.26,2021-08-19,12.48,21.64,22.0,2020-12-11,10.13,OPEN,-1.27,-160.0,1.0,-6.0
-,ASX-SDA,2020-12-09,AUD,0.79,2021-11-17,0.89,12.66,9.0,2020-12-11,0.79,OPEN,0.0,0.0,1.0,0.0
-,ASX-NEC,2020-12-09,AUD,2.48,2021-07-18,2.98,20.16,23.0,2020-12-11,2.37,OPEN,-4.44,-559.0,1.0,-22.0
-,ASX-CBA,2020-12-09,AUD,83.18,2021-03-30,86.42,3.9,9.0,2020-12-11,82.39,OPEN,-0.95,-120.0,2.0,-24.0
-,ASX-SKT,2020-12-09,AUD,0.16,2021-08-30,0.18,12.5,12.0,2020-12-11,0.16,OPEN,0.0,0.0,1.0,0.0
-,ASX-ANN,2020-12-09,AUD,34.93,2021-04-14,37.48,7.3,15.0,2020-12-11,34.3,OPEN,-1.8,-227.0,2.0,-25.0
-,ASX-RHC,2020-12-09,AUD,65.44,2021-01-21,67.49,3.13,18.0,2020-12-11,63.24,OPEN,-3.36,-423.0,5.0,-107.0
-,ASX-CNU,2020-12-09,AUD,7.54,2021-11-03,9.11,20.82,16.0,2020-12-11,7.37,OPEN,-2.25,-284.0,1.0,-11.0
-,ASX-IVC,2020-12-09,AUD,11.77,2021-04-01,12.44,5.69,13.0,2020-12-11,11.38,OPEN,-3.31,-417.0,2.0,-58.0
-,ASX-IVC,2020-12-09,AUD,11.77,2021-04-01,12.44,5.69,13.0,2020-12-11,11.38,OPEN,-3.31,-417.0,2.0,-58.0
-,2318.HK,2020-12-09,HKD,94.45,2021-04-03,109.81,16.26,36.0,2020-12-11,92.7,OPEN,-1.85,-233.0,2.0,-11.0
-,2318.HK,2020-12-09,HKD,94.45,2021-04-28,127.82,35.33,64.0,2020-12-11,92.7,OPEN,-1.85,-233.0,1.0,-5.0
-,2600.HK,2020-12-09,HKD,2.77,2021-09-13,4.33,56.32,51.0,2020-12-11,2.78,OPEN,0.36,45.0,1.0,1.0
-,3303.HK,2020-12-09,HKD,0.51,2021-09-28,0.99,94.12,81.0,2020-12-11,0.5,OPEN,-1.96,-247.0,1.0,-2.0
-,0823.HK,2020-12-09,HKD,69.4,2021-06-04,79.53,14.6,21.0,2020-12-11,69.65,OPEN,0.36,45.0,1.0,2.0
-,0823.HK,2020-12-09,HKD,69.4,2021-08-14,81.45,17.36,18.0,2020-12-11,69.65,OPEN,0.36,45.0,1.0,2.0
-,0992.HK,2020-12-09,HKD,5.72,2021-08-22,6.31,10.31,10.0,2020-12-11,5.89,OPEN,2.97,374.0,1.0,29.0
-,0823.HK,2020-12-09,HKD,69.4,2021-03-11,72.24,4.09,11.0,2020-12-11,69.65,OPEN,0.36,45.0,2.0,9.0
-,0880.HK,2020-12-09,HKD,9.08,2021-04-21,10.71,17.95,34.0,2020-12-11,9.2,OPEN,1.32,166.0,2.0,7.0
-,2600.HK,2020-12-09,HKD,2.77,2021-05-22,3.14,13.36,21.0,2020-12-11,2.78,OPEN,0.36,45.0,1.0,3.0
-,0992.HK,2020-12-09,HKD,5.72,2021-02-12,5.95,4.02,16.0,2020-12-11,5.89,OPEN,2.97,374.0,3.0,74.0
-,JNJ,2020-12-09,USD,153.1,2021-08-06,165.06,7.81,8.0,2020-12-11,152.95,OPEN,-0.1,-13.0,1.0,-1.0
-,AGN,2020-12-09,USD,0.38,2021-05-09,0.49,28.95,48.0,2020-12-11,0.44,OPEN,15.79,1990.0,1.0,55.0
-,AGN,2020-12-09,USD,0.38,2021-03-22,0.48,26.32,64.0,2020-12-11,0.44,OPEN,15.79,1990.0,2.0,60.0
-,VZ,2020-12-09,USD,61.46,2021-03-17,63.24,2.9,7.0,2020-12-11,60.35,OPEN,-1.81,-228.0,2.0,-62.0
-,VZ,2020-12-09,USD,61.46,2021-06-15,66.72,8.56,11.0,2020-12-11,60.35,OPEN,-1.81,-228.0,1.0,-21.0
+,ASX-AHY,2020-12-10,AUD,1.23,2021-03-28,1.3,5.69,13.0,2020-12-11,1.3,CLOSED,5.69,1434.0,1.0,100.0
-,ASX-SDA,2020-12-10,AUD,0.79,2021-11-06,1.01,27.85,21.0,2020-12-11,0.79,OPEN,0.0,0.0,0.0,0.0
-,ASX-SDA,2020-12-10,AUD,0.79,2021-11-09,0.9,13.92,11.0,2020-12-11,0.79,OPEN,0.0,0.0,0.0,0.0
-,ASX-SDA,2020-12-10,AUD,0.79,2021-03-09,0.91,15.19,43.0,2020-12-11,0.79,OPEN,0.0,0.0,1.0,0.0
-,ASX-SDA,2020-12-10,AUD,0.79,2021-04-01,0.9,13.92,31.0,2020-12-11,0.79,OPEN,0.0,0.0,1.0,0.0
-,ASX-SDA,2020-12-10,AUD,0.79,2021-04-01,0.93,17.72,40.0,2020-12-11,0.79,OPEN,0.0,0.0,1.0,0.0
-,ASX-SDA,2020-12-10,AUD,0.79,2021-10-24,0.98,24.05,19.0,2020-12-11,0.79,OPEN,0.0,0.0,0.0,0.0
-,ASX-CCP,2020-12-10,AUD,24.89,2021-06-16,31.34,25.91,35.0,2020-12-11,24.43,OPEN,-1.85,-466.0,1.0,-7.0
-,ASX-ARB,2020-12-10,AUD,29.67,2021-06-09,32.69,10.18,14.0,2020-12-11,29.5,OPEN,-0.57,-144.0,1.0,-6.0
-,ASX-CCP,2020-12-10,AUD,24.89,2021-04-27,29.27,17.6,32.0,2020-12-11,24.43,OPEN,-1.85,-466.0,1.0,-11.0
-,ASX-CCP,2020-12-10,AUD,24.89,2021-02-10,26.64,7.03,29.0,2020-12-11,24.43,OPEN,-1.85,-466.0,2.0,-26.0
-,ASX-TAH,2020-12-10,AUD,3.92,2021-11-10,4.57,16.58,12.0,2020-12-11,3.93,OPEN,0.26,66.0,0.0,2.0
-,ASX-GPT,2020-12-10,AUD,4.7,2021-07-21,4.82,2.55,3.0,2020-12-11,4.65,OPEN,-1.06,-267.0,0.0,-42.0
-,ASX-WOW,2020-12-10,AUD,39.51,2021-11-28,43.17,9.26,7.0,2020-12-11,38.91,OPEN,-1.52,-383.0,0.0,-16.0
-,ASX-WOW,2020-12-10,AUD,39.51,2021-10-11,42.72,8.12,7.0,2020-12-11,38.91,OPEN,-1.52,-383.0,0.0,-19.0
-,ASX-GPT,2020-12-10,AUD,4.7,2021-04-28,4.77,1.49,3.0,2020-12-11,4.65,OPEN,-1.06,-267.0,1.0,-71.0
-,ASX-TAH,2020-12-10,AUD,3.92,2021-10-09,4.32,10.2,8.0,2020-12-11,3.93,OPEN,0.26,66.0,0.0,3.0
-,ASX-SDA,2020-12-10,AUD,0.79,2021-11-18,0.89,12.66,9.0,2020-12-11,0.79,OPEN,0.0,0.0,0.0,0.0
-,ASX-ARB,2020-12-10,AUD,29.67,2021-08-15,33.54,13.04,13.0,2020-12-11,29.5,OPEN,-0.57,-144.0,0.0,-4.0
-,ASX-WOW,2020-12-10,AUD,39.51,2021-03-20,40.89,3.49,9.0,2020-12-11,38.91,OPEN,-1.52,-383.0,1.0,-43.0
-,2318.HK,2020-12-10,HKD,94.55,2021-04-04,109.92,16.26,36.0,2020-12-11,92.7,OPEN,-1.96,-494.0,1.0,-12.0
-,2318.HK,2020-12-10,HKD,94.55,2021-04-29,127.95,35.33,64.0,2020-12-11,92.7,OPEN,-1.96,-494.0,1.0,-6.0
-,2600.HK,2020-12-10,HKD,2.78,2021-09-14,4.35,56.47,51.0,2020-12-11,2.78,OPEN,0.0,0.0,0.0,0.0
-,0992.HK,2020-12-10,HKD,5.82,2021-08-23,6.42,10.31,10.0,2020-12-11,5.89,OPEN,1.2,302.0,0.0,12.0
-,0880.HK,2020-12-10,HKD,9.32,2021-04-22,10.99,17.92,34.0,2020-12-11,9.2,OPEN,-1.29,-325.0,1.0,-7.0
-,2600.HK,2020-12-10,HKD,2.78,2021-05-23,3.15,13.31,20.0,2020-12-11,2.78,OPEN,0.0,0.0,1.0,0.0
-,0992.HK,2020-12-10,HKD,5.82,2021-02-04,5.97,2.58,12.0,2020-12-11,5.89,OPEN,1.2,302.0,2.0,47.0
-,0992.HK,2020-12-10,HKD,5.82,2021-02-13,6.05,3.95,15.0,2020-12-11,5.89,OPEN,1.2,302.0,2.0,30.0
-,YUM,2020-12-10,USD,106.46,2021-10-01,122.95,15.49,13.0,2020-12-11,105.99,OPEN,-0.44,-111.0,0.0,-3.0
-,YUM,2020-12-10,USD,106.46,2021-08-03,118.0,10.84,12.0,2020-12-11,105.99,OPEN,-0.44,-111.0,0.0,-4.0
-,AGN,2020-12-10,USD,0.39,2021-05-10,0.5,28.21,47.0,2020-12-11,0.44,OPEN,12.82,3231.0,1.0,45.0
-,AGN,2020-12-10,USD,0.39,2021-03-23,0.49,25.64,63.0,2020-12-11,0.44,OPEN,12.82,3231.0,1.0,50.0
-,VZ,2020-12-10,USD,60.51,2021-03-18,62.26,2.89,7.0,2020-12-11,60.35,OPEN,-0.26,-66.0,1.0,-9.0
-,AVB,2020-12-10,USD,162.52,2021-04-18,167.66,3.16,6.0,2020-12-11,162.36,OPEN,-0.1,-25.0,1.0,-3.0
-,LOW,2020-12-10,USD,160.22,2021-09-24,181.11,13.04,11.0,2020-12-11,157.82,OPEN,-1.5,-378.0,0.0,-11.0
-,VZ,2020-12-10,USD,60.51,2021-06-16,65.69,8.56,11.0,2020-12-11,60.35,OPEN,-0.26,-66.0,1.0,-3.0
-,D,2020-12-10,USD,74.34,2021-04-21,80.47,8.25,16.0,2020-12-11,74.91,OPEN,0.77,194.0,1.0,9.0
-,AVB,2020-12-10,USD,162.52,2021-09-11,169.07,4.03,4.0,2020-12-11,162.36,OPEN,-0.1,-25.0,0.0,-2.0
-,YUM,2020-12-10,USD,106.46,2021-03-29,112.32,5.5,13.0,2020-12-11,105.99,OPEN,-0.44,-111.0,1.0,-8.0
-,D,2020-12-10,USD,74.34,2021-05-17,78.12,5.08,8.0,2020-12-11,74.91,OPEN,0.77,194.0,1.0,15.0
+,ASX-RWC,2020-12-11,AUD,4.29,2021-03-30,5.44,26.81,62.0,2020-12-11,4.29,OPEN,0.0,0.0,1.0,0.0
+,ASX-SDA,2020-12-11,AUD,0.79,2021-11-07,1.01,27.85,21.0,2020-12-11,0.79,OPEN,0.0,0.0,0.0,0.0
+,ASX-SDA,2020-12-11,AUD,0.79,2021-11-10,0.9,13.92,11.0,2020-12-11,0.79,OPEN,0.0,0.0,0.0,0.0
+,ASX-IGO,2020-12-11,AUD,6.32,2021-07-27,7.79,23.26,26.0,2020-12-11,6.32,OPEN,0.0,0.0,0.0,0.0
+,ASX-SDA,2020-12-11,AUD,0.79,2021-03-10,0.91,15.19,43.0,2020-12-11,0.79,OPEN,0.0,0.0,1.0,0.0
+,ASX-SDA,2020-12-11,AUD,0.79,2021-04-02,0.9,13.92,31.0,2020-12-11,0.79,OPEN,0.0,0.0,1.0,0.0
+,ASX-SDA,2020-12-11,AUD,0.79,2021-04-02,0.93,17.72,40.0,2020-12-11,0.79,OPEN,0.0,0.0,1.0,0.0
+,ASX-SDA,2020-12-11,AUD,0.79,2021-10-25,0.98,24.05,19.0,2020-12-11,0.79,OPEN,0.0,0.0,0.0,0.0
+,ASX-CAR,2020-12-11,AUD,19.17,2021-02-09,20.73,8.14,34.0,2020-12-11,19.17,OPEN,0.0,0.0,2.0,0.0
+,ASX-RWC,2020-12-11,AUD,4.29,2021-01-31,4.66,8.62,43.0,2020-12-11,4.29,OPEN,0.0,0.0,2.0,0.0
+,ASX-CAR,2020-12-11,AUD,19.17,2021-03-29,21.48,12.05,28.0,2020-12-11,19.17,OPEN,0.0,0.0,1.0,0.0
+,ASX-SDA,2020-12-11,AUD,0.79,2021-11-19,0.89,12.66,9.0,2020-12-11,0.79,OPEN,0.0,0.0,0.0,0.0
+,ASX-NST,2020-12-11,AUD,12.39,2021-12-06,20.37,64.41,45.0,2020-12-11,12.39,OPEN,0.0,0.0,0.0,0.0
+,ASX-SKT,2020-12-11,AUD,0.16,2021-09-01,0.18,12.5,12.0,2020-12-11,0.16,OPEN,0.0,0.0,0.0,0.0
+,ASX-RWC,2020-12-11,AUD,4.29,2021-01-20,4.47,4.2,26.0,2020-12-11,4.29,OPEN,0.0,0.0,2.0,0.0
+,2318.HK,2020-12-11,HKD,92.7,2021-04-05,107.77,16.26,36.0,2020-12-11,92.7,OPEN,0.0,0.0,1.0,0.0
+,2318.HK,2020-12-11,HKD,92.7,2021-04-30,125.45,35.33,64.0,2020-12-11,92.7,OPEN,0.0,0.0,1.0,0.0
+,2600.HK,2020-12-11,HKD,2.78,2021-09-15,4.35,56.47,51.0,2020-12-11,2.78,OPEN,0.0,0.0,0.0,0.0
+,2778.HK,2020-12-11,HKD,4.45,2020-12-31,4.6,3.37,42.0,2020-12-11,4.45,OPEN,0.0,0.0,5.0,0.0
+,2778.HK,2020-12-11,HKD,4.45,2020-12-29,4.58,2.92,41.0,2020-12-11,4.45,OPEN,0.0,0.0,6.0,0.0
+,2778.HK,2020-12-11,HKD,4.45,2021-04-17,4.69,5.39,11.0,2020-12-11,4.45,OPEN,0.0,0.0,1.0,0.0
+,2778.HK,2020-12-11,HKD,4.45,2021-09-11,5.02,12.81,12.0,2020-12-11,4.45,OPEN,0.0,0.0,0.0,0.0
+,0016.HK,2020-12-11,HKD,105.3,2021-06-26,117.02,11.13,14.0,2020-12-11,105.3,OPEN,0.0,0.0,1.0,0.0
+,0992.HK,2020-12-11,HKD,5.89,2021-08-24,6.5,10.36,10.0,2020-12-11,5.89,OPEN,0.0,0.0,0.0,0.0
+,0880.HK,2020-12-11,HKD,9.2,2021-04-23,10.85,17.93,34.0,2020-12-11,9.2,OPEN,0.0,0.0,1.0,0.0
+,2600.HK,2020-12-11,HKD,2.78,2021-05-24,3.15,13.31,20.0,2020-12-11,2.78,OPEN,0.0,0.0,1.0,0.0
+,0992.HK,2020-12-11,HKD,5.89,2021-02-05,6.04,2.55,11.0,2020-12-11,5.89,OPEN,0.0,0.0,2.0,0.0
+,0992.HK,2020-12-11,HKD,5.89,2021-02-14,6.12,3.9,15.0,2020-12-11,5.89,OPEN,0.0,0.0,2.0,0.0
+,0880.HK,2020-12-11,HKD,9.2,2021-10-09,10.44,13.48,11.0,2020-12-11,9.2,OPEN,0.0,0.0,0.0,0.0
+,1555.HK,2020-12-11,HKD,0.06,2021-06-02,0.1,66.67,97.0,2020-12-11,0.06,OPEN,0.0,0.0,1.0,0.0
+,0883.HK,2020-12-11,HKD,6.95,2021-05-25,7.73,11.22,17.0,2020-12-11,6.95,OPEN,0.0,0.0,1.0,0.0
+,AWK,2020-12-11,USD,148.28,2021-07-11,170.63,15.07,18.0,2020-12-11,148.28,OPEN,0.0,0.0,0.0,0.0
+,AWK,2020-12-11,USD,148.28,2021-04-16,162.22,9.4,19.0,2020-12-11,148.28,OPEN,0.0,0.0,1.0,0.0
+,DLR,2020-12-11,USD,130.27,2021-10-21,155.48,19.35,16.0,2020-12-11,130.27,OPEN,0.0,0.0,0.0,0.0
+,AGN,2020-12-11,USD,0.44,2021-05-11,0.56,27.27,46.0,2020-12-11,0.44,OPEN,0.0,0.0,1.0,0.0
+,PG,2020-12-11,USD,136.51,2021-09-28,152.3,11.57,10.0,2020-12-11,136.51,OPEN,0.0,0.0,0.0,0.0
+,ITA,2020-12-11,USD,96.23,2021-01-19,109.15,13.43,87.0,2020-12-11,96.23,OPEN,0.0,0.0,3.0,0.0
+,AGN,2020-12-11,USD,0.44,2021-03-24,0.56,27.27,67.0,2020-12-11,0.44,OPEN,0.0,0.0,1.0,0.0
+,VZ,2020-12-11,USD,60.35,2021-03-19,62.1,2.9,7.0,2020-12-11,60.35,OPEN,0.0,0.0,1.0,0.0
+,ITA,2020-12-11,USD,96.23,2021-10-13,122.9,27.71,23.0,2020-12-11,96.23,OPEN,0.0,0.0,0.0,0.0
+,AWK,2020-12-11,USD,148.28,2021-02-18,155.78,5.06,18.0,2020-12-11,148.28,OPEN,0.0,0.0,1.0,0.0
+,ITA,2020-12-11,USD,96.23,2021-07-31,106.45,10.62,12.0,2020-12-11,96.23,OPEN,0.0,0.0,0.0,0.0
+,VZ,2020-12-11,USD,60.35,2021-06-17,65.52,8.57,11.0,2020-12-11,60.35,OPEN,0.0,0.0,1.0,0.0
+,DLR,2020-12-11,USD,130.27,2021-04-13,142.14,9.11,19.0,2020-12-11,130.27,OPEN,0.0,0.0,1.0,0.0
+,D,2020-12-11,USD,74.91,2021-04-22,81.09,8.25,16.0,2020-12-11,74.91,OPEN,0.0,0.0,1.0,0.0
+,CCI,2020-12-11,USD,157.68,2021-02-11,172.36,9.31,38.0,2020-12-11,157.68,OPEN,0.0,0.0,2.0,0.0
+,ITA,2020-12-11,USD,96.23,2021-11-12,131.64,36.8,28.0,2020-12-11,96.23,OPEN,0.0,0.0,0.0,0.0
+,PG,2020-12-11,USD,136.51,2021-05-01,145.07,6.27,11.0,2020-12-11,136.51,OPEN,0.0,0.0,1.0,0.0
+,PG,2020-12-11,USD,136.51,2021-02-19,141.49,3.65,13.0,2020-12-11,136.51,OPEN,0.0,0.0,1.0,0.0
+,D,2020-12-11,USD,74.91,2021-05-18,78.72,5.09,8.0,2020-12-11,74.91,OPEN,0.0,0.0,1.0,0.0
